fp64
        1024            1         906.819         2048          256
        1024            2           5.330         4096          512
        1024            4          12.674         8192         1024
        1024            8           4.759        16384         2048
        1024           16           9.668        32768         4096
        1024           32           4.138        65536         8192
        1024           64           4.619       131072        16384
        1024          128           4.518       262144        32768
        1024          256           4.669       524288        65536
        1024          512           6.042      1048576       131072
        1024         1024           4.989      2097152       262144
        1024         2048           5.480      4194304       524288
        1024         4096           6.663      8388608      1048576
        1024         8192           9.328     16777216      2097152
        1024        16384          14.617     33554432      4194304
        1024        32768          60.363     67108864      8388608
        1024        65536          41.758    134217728     16777216
        1024       131072          80.100    268435456     33554432
        1024       262144         159.519    536870912     67108864
        1024       524288         311.644   1073741824    134217728
        1024      1048576         704.480   2147483648    268435456
        2048            1          17.804         4096          512
        2048            2           5.801         8192         1024
        2048            4           6.943        16384         2048
        2048            8           4.749        32768         4096
        2048           16           6.222        65536         8192
        2048           32           4.409       131072        16384
        2048           64          11.852       262144        32768
        2048          128           4.238       524288        65536
        2048          256           4.288      1048576       131072
        2048          512           4.629      2097152       262144
        2048         1024           5.160      4194304       524288
        2048         2048          59.943      8388608      1048576
        2048         4096           7.514     16777216      2097152
        2048         8192          10.149     33554432      4194304
        2048        16384          13.655     67108864      8388608
        2048        32768          24.886    134217728     16777216
        2048        65536          42.008    268435456     33554432
        2048       131072          80.210    536870912     67108864
        2048       262144         163.336   1073741824    134217728
        2048       524288         312.475   2147483648    268435456
        3072            1           5.340         6144          768
        3072            2           4.318        12288         1536
        3072            4           5.390        24576         3072
        3072            8           4.809        49152         6144
        3072           16           4.318        98304        12288
        3072           32           4.197       196608        24576
        3072           64           5.541       393216        49152
        3072          128           4.258       786432        98304
        3072          256           4.569      1572864       196608
        3072          512           5.941      3145728       393216
        3072         1024           4.698      6291456       786432
        3072         2048           5.561     12582912      1572864
        3072         4096           6.743     25165824      3145728
        3072         8192           9.879     50331648      6291456
        3072        16384          14.538    100663296     12582912
        3072        32768          29.014    201326592     25165824
        3072        65536          44.213    402653184     50331648
        3072       131072          83.276    805306368    100663296
        3072       262144         161.813   1610612736    201326592
        4096            1          22.622         8192         1024
        4096            2           4.840        16384         2048
        4096            4           5.150        32768         4096
        4096            8           4.649        65536         8192
        4096           16           6.181       131072        16384
        4096           32           4.860       262144        32768
        4096           64           6.082       524288        65536
        4096          128           4.398      1048576       131072
        4096          256           5.841      2097152       262144
        4096          512           4.308      4194304       524288
        4096         1024           4.728      8388608      1048576
        4096         2048           6.402     16777216      2097152
        4096         4096           6.032     33554432      4194304
        4096         8192           7.604     67108864      8388608
        4096        16384          10.560    134217728     16777216
        4096        32768          19.877    268435456     33554432
        4096        65536          30.968    536870912     67108864
        4096       131072          55.174   1073741824    134217728
        4096       262144         105.398   2147483648    268435456
        5120            1           6.172        10240         1280
        5120            2           5.520        20480         2560
        5120            4           4.508        40960         5120
        5120            8           6.983        81920        10240
        5120           16           5.220       163840        20480
        5120           32           4.058       327680        40960
        5120           64           4.579       655360        81920
        5120          128           4.839      1310720       163840
        5120          256           5.340      2621440       327680
        5120          512           4.248      5242880       655360
        5120         1024           5.310     10485760      1310720
        5120         2048           5.360     20971520      2621440
        5120         4096           8.116     41943040      5242880
        5120         8192           8.886     83886080     10485760
        5120        16384          13.836    167772160     20971520
        5120        32768          26.330    335544320     41943040
        5120        65536          46.628    671088640     83886080
        5120       131072          81.112   1342177280    167772160
        5120       262144         199.373   2684354560    335544320
        6144            1          13.886        12288         1536
        6144            2           5.080        24576         3072
        6144            4           6.482        49152         6144
        6144            8           5.050        98304        12288
        6144           16           5.130       196608        24576
        6144           32           5.541       393216        49152
        6144           64           4.960       786432        98304
        6144          128           6.011      1572864       196608
        6144          256           4.338      3145728       393216
        6144          512           5.580      6291456       786432
        6144         1024           5.169     12582912      1572864
        6144         2048           5.671     25165824      3145728
        6144         4096           7.504     50331648      6291456
        6144         8192           9.318    100663296     12582912
        6144        16384          13.786    201326592     25165824
        6144        32768          23.134    402653184     50331648
        6144        65536          43.171    805306368    100663296
        6144       131072          80.090   1610612736    201326592
        7168            1          12.393        14336         1792
        7168            2          13.776        28672         3584
        7168            4           4.248        57344         7168
        7168            8          18.585       114688        14336
        7168           16           4.619       229376        28672
        7168           32          10.099       458752        57344
        7168           64           4.699       917504       114688
        7168          128           7.854      1835008       229376
        7168          256           4.438      3670016       458752
        7168          512           4.568      7340032       917504
        7168         1024           5.150     14680064      1835008
        7168         2048           5.681     29360128      3670016
        7168         4096          10.389     58720256      7340032
        7168         8192           8.656    117440512     14680064
        7168        16384          14.948    234881024     29360128
        7168        32768          28.513    469762048     58720256
        7168        65536          45.014    939524096    117440512
        7168       131072          84.859   1879048192    234881024
        8192            1          12.663        16384         2048
        8192            2          17.172        32768         4096
        8192            4           9.478        65536         8192
        8192            8           8.967       131072        16384
        8192           16          13.615       262144        32768
        8192           32           5.110       524288        65536
        8192           64           7.714      1048576       131072
        8192          128           4.749      2097152       262144
        8192          256           4.789      4194304       524288
        8192          512           4.990      8388608      1048576
        8192         1024           6.091     16777216      2097152
        8192         2048           8.687     33554432      4194304
        8192         4096           7.845     67108864      8388608
        8192         8192           9.418    134217728     16777216
        8192        16384          14.076    268435456     33554432
        8192        32768          23.043    536870912     67108864
        8192        65536          42.579   1073741824    134217728
        8192       131072          85.340   2147483648    268435456
        9216            1          21.671        18432         2304
        9216            2          12.643        36864         4608
        9216            4          19.808        73728         9216
        9216            8           8.356       147456        18432
        9216           16           4.989       294912        36864
        9216           32           7.665       589824        73728
        9216           64           6.141      1179648       147456
        9216          128           4.519      2359296       294912
        9216          256           4.940      4718592       589824
        9216          512           5.440      9437184      1179648
        9216         1024           6.111     18874368      2359296
        9216         2048           8.005     37748736      4718592
        9216         4096           9.097     75497472      9437184
        9216         8192           9.288    150994944     18874368
        9216        16384          13.926    301989888     37748736
        9216        32768          23.404    603979776     75497472
        9216        65536          42.320   1207959552    150994944
        9216       131072          82.725   2415919104    301989888
       10240            1           7.484        20480         2560
       10240            2           9.668        40960         5120
       10240            4          11.061        81920        10240
       10240            8          14.156       163840        20480
       10240           16           9.828       327680        40960
       10240           32          15.509       655360        81920
       10240           64          18.695      1310720       163840
       10240          128           5.560      2621440       327680
       10240          256          14.568      5242880       655360
       10240          512           9.848     10485760      1310720
       10240         1024          12.343     20971520      2621440
       10240         2048           5.461     41943040      5242880
       10240         4096           7.023     83886080     10485760
       10240         8192          12.794    167772160     20971520
       10240        16384          13.916    335544320     41943040
       10240        32768          24.325    671088640     83886080
       10240        65536          44.683   1342177280    167772160
       10240       131072          82.574   2684354560    335544320
       11264            1           7.565        22528         2816
       11264            2           6.913        45056         5632
       11264            4          14.267        90112        11264
       11264            8          14.447       180224        22528
       11264           16          10.299       360448        45056
       11264           32          10.280       720896        90112
       11264           64          13.125      1441792       180224
       11264          128           5.370      2883584       360448
       11264          256           5.130      5767168       720896
       11264          512           3.918     11534336      1441792
       11264         1024          13.486     23068672      2883584
       11264         2048           9.748     46137344      5767168
       11264         4096          11.912     92274688     11534336
       11264         8192          14.067    184549376     23068672
       11264        16384          18.214    369098752     46137344
       11264        32768          23.384    738197504     92274688
       11264        65536          42.179   1476395008    184549376
       12288            1          78.316        24576         3072
       12288            2           5.330        49152         6144
       12288            4           4.688        98304        12288
       12288            8           4.708       196608        24576
       12288           16           4.509       393216        49152
       12288           32           6.693       786432        98304
       12288           64           4.769      1572864       196608
       12288          128           5.059      3145728       393216
       12288          256           8.876      6291456       786432
       12288          512          13.055     12582912      1572864
       12288         1024           9.447     25165824      3145728
       12288         2048           8.055     50331648      6291456
       12288         4096          12.033    100663296     12582912
       12288         8192          16.270    201326592     25165824
       12288        16384          32.881    402653184     50331648
       12288        32768          38.823    805306368    100663296
       12288        65536          71.353   1610612736    201326592
       13312            1          14.116        26624         3328
       13312            2           4.147        53248         6656
       13312            4          12.573       106496        13312
       13312            8          11.511       212992        26624
       13312           16          24.866       425984        53248
       13312           32          10.620       851968       106496
       13312           64          23.644      1703936       212992
       13312          128          10.510      3407872       425984
       13312          256           5.009      6815744       851968
       13312          512           5.090     13631488      1703936
       13312         1024           7.714     27262976      3407872
       13312         2048           7.724     54525952      6815744
       13312         4096           9.748    109051904     13631488
       13312         8192          16.601    218103808     27262976
       13312        16384          27.863    436207616     54525952
       13312        32768          54.182    872415232    109051904
       13312        65536         104.025   1744830464    218103808
       14336            1           7.293        28672         3584
       14336            2          11.091        57344         7168
       14336            4          17.523       114688        14336
       14336            8          24.105       229376        28672
       14336           16          12.133       458752        57344
       14336           32          15.509       917504       114688
       14336           64          10.129      1835008       229376
       14336          128           8.897      3670016       458752
       14336          256           5.390      7340032       917504
       14336          512          11.381     14680064      1835008
       14336         1024           9.898     29360128      3670016
       14336         2048           7.033     58720256      7340032
       14336         4096          10.320    117440512     14680064
       14336         8192          16.241    234881024     29360128
       14336        16384          28.734    469762048     58720256
       14336        32768          54.111    939524096    117440512
       14336        65536         105.297   1879048192    234881024
       15360            1          24.887        30720         3840
       15360            2           4.589        61440         7680
       15360            4           8.116       122880        15360
       15360            8           5.570       245760        30720
       15360           16           5.711       491520        61440
       15360           32           4.910       983040       122880
       15360           64           4.899      1966080       245760
       15360          128           4.448      3932160       491520
       15360          256           4.518      7864320       983040
       15360          512           6.041     15728640      1966080
       15360         1024           5.711     31457280      3932160
       15360         2048           7.784     62914560      7864320
       15360         4096           9.848    125829120     15728640
       15360         8192          16.251    251658240     31457280
       15360        16384          28.203    503316480     62914560
       15360        32768          54.823   1006632960    125829120
       15360        65536         103.574   2013265920    251658240
       16384            1           6.883        32768         4096
       16384            2           5.610        65536         8192
       16384            4           4.759       131072        16384
       16384            8           6.211       262144        32768
       16384           16           3.958       524288        65536
       16384           32           5.630      1048576       131072
       16384           64           5.962      2097152       262144
       16384          128           4.880      4194304       524288
       16384          256           6.863      8388608      1048576
       16384          512           5.580     16777216      2097152
       16384         1024           8.606     33554432      4194304
       16384         2048           8.947     67108864      8388608
       16384         4096          13.856    134217728     16777216
       16384         8192          24.306    268435456     33554432
       16384        16384          44.774    536870912     67108864
       16384        32768          85.610   1073741824    134217728
       16384        65536         185.257   2147483648    268435456
       17408            1          27.962        34816         4352
       17408            2           5.190        69632         8704
       17408            4           7.754       139264        17408
       17408            8           4.919       278528        34816
       17408           16           4.669       557056        69632
       17408           32           5.500      1114112       139264
       17408           64           5.090      2228224       278528
       17408          128           5.660      4456448       557056
       17408          256           4.278      8912896      1114112
       17408          512           6.171     17825792      2228224
       17408         1024          13.004     35651584      4456448
       17408         2048           7.314     71303168      8912896
       17408         4096          10.660    142606336     17825792
       17408         8192          15.529    285212672     35651584
       17408        16384          27.321    570425344     71303168
       17408        32768          48.591   1140850688    142606336
       17408        65536          93.375   2281701376    285212672
       18432            1          10.300        36864         4608
       18432            2           5.350        73728         9216
       18432            4           5.661       147456        18432
       18432            8           5.390       294912        36864
       18432           16           6.052       589824        73728
       18432           32           4.308      1179648       147456
       18432           64           5.029      2359296       294912
       18432          128           4.819      4718592       589824
       18432          256          43.191      9437184      1179648
       18432          512           6.493     18874368      2359296
       18432         1024           6.382     37748736      4718592
       18432         2048           6.582     75497472      9437184
       18432         4096           9.848    150994944     18874368
       18432         8192          14.738    301989888     37748736
       18432        16384          23.053    603979776     75497472
       18432        32768          43.902   1207959552    150994944
       18432        65536          84.949   2415919104    301989888
       19456            1           8.987        38912         4864
       19456            2           5.260        77824         9728
       19456            4           9.588       155648        19456
       19456            8           6.372       311296        38912
       19456           16           5.069       622592        77824
       19456           32           5.982      1245184       155648
       19456           64           4.128      2490368       311296
       19456          128           5.280      4980736       622592
       19456          256           4.569      9961472      1245184
       19456          512           8.656     19922944      2490368
       19456         1024           6.372     39845888      4980736
       19456         2048           7.484     79691776      9961472
       19456         4096           9.869    159383552     19922944
       19456         8192          17.092    318767104     39845888
       19456        16384          24.666    637534208     79691776
       19456        32768          42.460   1275068416    159383552
       19456        65536         108.162   2550136832    318767104
       20480            1           5.420        40960         5120
       20480            2          12.443        81920        10240
       20480            4          16.060       163840        20480
       20480            8          14.457       327680        40960
       20480           16           6.873       655360        81920
       20480           32           4.438      1310720       163840
       20480           64          20.669      2621440       327680
       20480          128           4.448      5242880       655360
       20480          256           4.669     10485760      1310720
       20480          512           5.159     20971520      2621440
       20480         1024           6.372     41943040      5242880
       20480         2048           8.105     83886080     10485760
       20480         4096          12.984    167772160     20971520
       20480         8192          21.580    335544320     41943040
       20480        16384          36.629    671088640     83886080
       20480        32768          69.139   1342177280    167772160
       20480        65536         150.612   2684354560    335544320
       22528            1           5.290        45056         5632
       22528            2           6.011        90112        11264
       22528            4           7.063       180224        22528
       22528            8           6.853       360448        45056
       22528           16           5.260       720896        90112
       22528           32           7.625      1441792       180224
       22528           64           4.538      2883584       360448
       22528          128           4.679      5767168       720896
       22528          256           7.554     11534336      1441792
       22528          512           5.891     23068672      2883584
       22528         1024           7.494     46137344      5767168
       22528         2048           8.766     92274688     11534336
       22528         4096          13.455    184549376     23068672
       22528         8192          40.566    369098752     46137344
       22528        16384          38.622    738197504     92274688
       22528        32768          73.267   1476395008    184549376
       24576            1          15.960        49152         6144
       24576            2          11.010        98304        12288
       24576            4           7.193       196608        24576
       24576            8           8.947       393216        49152
       24576           16           5.320       786432        98304
       24576           32           9.057      1572864       196608
       24576           64          11.983      3145728       393216
       24576          128           4.549      6291456       786432
       24576          256           5.330     12582912      1572864
       24576          512           6.453     25165824      3145728
       24576         1024           6.472     50331648      6291456
       24576         2048           7.504    100663296     12582912
       24576         4096          11.321    201326592     25165824
       24576         8192          21.941    402653184     50331648
       24576        16384          35.296    805306368    100663296
       24576        32768          63.999   1610612736    201326592
       26624            1           4.138        53248         6656
       26624            2           5.310       106496        13312
       26624            4           4.950       212992        26624
       26624            8           6.712       425984        53248
       26624           16           4.599       851968       106496
       26624           32           8.846      1703936       212992
       26624           64           4.398      3407872       425984
       26624          128           6.513      6815744       851968
       26624          256           5.821     13631488      1703936
       26624          512           5.440     27262976      3407872
       26624         1024           6.983     54525952      6815744
       26624         2048           9.117    109051904     13631488
       26624         4096          16.180    218103808     27262976
       26624         8192          23.925    436207616     54525952
       26624        16384          43.681    872415232    109051904
       26624        32768         103.975   1744830464    218103808
       28672            1          26.650        57344         7168
       28672            2           5.711       114688        14336
       28672            4           5.259       229376        28672
       28672            8           6.192       458752        57344
       28672           16           4.698       917504       114688
       28672           32           5.961      1835008       229376
       28672           64           4.498      3670016       458752
       28672          128           5.059      7340032       917504
       28672          256           5.510     14680064      1835008
       28672          512           6.362     29360128      3670016
       28672         1024           7.695     58720256      7340032
       28672         2048          23.404    117440512     14680064
       28672         4096          18.524    234881024     29360128
       28672         8192          33.703    469762048     58720256
       28672        16384          63.479    939524096    117440512
       28672        32768         123.351   1879048192    234881024
       30720            1           4.748        61440         7680
       30720            2           5.410       122880        15360
       30720            4           5.431       245760        30720
       30720            8           6.071       491520        61440
       30720           16           4.799       983040       122880
       30720           32           6.302      1966080       245760
       30720           64           4.839      3932160       491520
       30720          128           4.669      7864320       983040
       30720          256           5.260     15728640      1966080
       30720          512           6.532     31457280      3932160
       30720         1024           8.095     62914560      7864320
       30720         2048           9.528    125829120     15728640
       30720         4096          16.201    251658240     31457280
       30720         8192          26.019    503316480     62914560
       30720        16384          49.362   1006632960    125829120
       30720        32768          95.158   2013265920    251658240
       33792            1          11.672        67584         8448
       33792            2          14.538       135168        16896
       33792            4           7.334       270336        33792
       33792            8           6.602       540672        67584
       33792           16          26.049      1081344       135168
       33792           32           7.695      2162688       270336
       33792           64           5.089      4325376       540672
       33792          128           7.925      8650752      1081344
       33792          256           5.310     17301504      2162688
       33792          512          10.560     34603008      4325376
       33792         1024           7.364     69206016      8650752
       33792         2048          11.090    138412032     17301504
       33792         4096          16.872    276824064     34603008
       33792         8192          29.004    553648128     69206016
       33792        16384          54.121   1107296256    138412032
       33792        32768         104.566   2214592512    276824064
       36864            1           9.818        73728         9216
       36864            2           5.099       147456        18432
       36864            4           4.558       294912        36864
       36864            8           4.448       589824        73728
       36864           16           4.518      1179648       147456
       36864           32           5.530      2359296       294912
       36864           64           4.739      4718592       589824
       36864          128           5.140      9437184      1179648
       36864          256           5.991     18874368      2359296
       36864          512           6.382     37748736      4718592
       36864         1024           7.574     75497472      9437184
       36864         2048          11.692    150994944     18874368
       36864         4096          17.623    301989888     37748736
       36864         8192          31.920    603979776     75497472
       36864        16384          60.663   1207959552    150994944
       36864        32768         117.419   2415919104    301989888
       39936            1          10.600        79872         9984
       39936            2           6.262       159744        19968
       39936            4           9.347       319488        39936
       39936            8           6.452       638976        79872
       39936           16           7.454      1277952       159744
       39936           32           6.723      2555904       319488
       39936           64           4.499      5111808       638976
       39936          128           4.859     10223616      1277952
       39936          256           5.260     20447232      2555904
       39936          512           6.032     40894464      5111808
       39936         1024           8.035     81788928     10223616
       39936         2048          10.830    163577856     20447232
       39936         4096          18.545    327155712     40894464
       39936         8192          30.527    654311424     81788928
       39936        16384          58.499   1308622848    163577856
       39936        32768         111.258   2617245696    327155712
       43008            1          19.376        86016        10752
       43008            2           5.460       172032        21504
       43008            4           5.240       344064        43008
       43008            8           7.264       688128        86016
       43008           16           4.188      1376256       172032
       43008           32           6.693      2752512       344064
       43008           64           4.578      5505024       688128
       43008          128           5.259     11010048      1376256
       43008          256           4.999     22020096      2752512
       43008          512           8.847     44040192      5505024
       43008         1024           7.143     88080384     11010048
       43008         2048          10.520    176160768     22020096
       43008         4096          17.282    352321536     44040192
       43008         8192          29.095    704643072     88080384
       43008        16384          54.693   1409286144    176160768
       47104            1           4.087        94208        11776
       47104            2           7.615       188416        23552
       47104            4          12.774       376832        47104
       47104            8           6.953       753664        94208
       47104           16          16.571      1507328       188416
       47104           32           9.508      3014656       376832
       47104           64          11.150      6029312       753664
       47104          128          13.876     12058624      1507328
       47104          256          10.790     24117248      3014656
       47104          512          12.253     48234496      6029312
       47104         1024          11.611     96468992     12058624
       47104         2048          14.727    192937984     24117248
       47104         4096          19.386    385875968     48234496
       47104         8192          32.852    771751936     96468992
       47104        16384          62.738   1543503872    192937984
       51200            1           7.113       102400        12800
       51200            2           4.919       204800        25600
       51200            4           4.599       409600        51200
       51200            8           6.162       819200       102400
       51200           16           4.438      1638400       204800
       51200           32           6.552      3276800       409600
       51200           64           4.629      6553600       819200
       51200          128           6.652     13107200      1638400
       51200          256           5.280     26214400      3276800
       51200          512           6.062     52428800      6553600
       51200         1024           5.741    104857600     13107200
       51200         2048          11.572    209715200     26214400
       51200         4096          24.035    419430400     52428800
       51200         8192          42.660    838860800    104857600
       51200        16384          66.926   1677721600    209715200
       56320            1          13.355       112640        14080
       56320            2           6.312       225280        28160
       56320            4           5.952       450560        56320
       56320            8           6.703       901120       112640
       56320           16           6.121      1802240       225280
       56320           32           4.889      3604480       450560
       56320           64           5.250      7208960       901120
       56320          128           5.010     14417920      1802240
       56320          256           6.121     28835840      3604480
       56320          512           6.472     57671680      7208960
       56320         1024           8.857    115343360     14417920
       56320         2048          14.007    230686720     28835840
       56320         4096          22.241    461373440     57671680
       56320         8192          39.775    922746880    115343360
       56320        16384          76.083   1845493760    230686720
       61440            1        3883.765       122880        15360
       61440            2           6.452       245760        30720
       61440            4           6.752       491520        61440
       61440            8           5.470       983040       122880
       61440           16           4.819      1966080       245760
       61440           32           4.970      3932160       491520
       61440           64           4.779      7864320       983040
       61440          128           5.110     15728640      1966080
       61440          256           5.801     31457280      3932160
       61440          512           7.554     62914560      7864320
       61440         1024           9.167    125829120     15728640
       61440         2048          15.780    251658240     31457280
       61440         4096          24.126    503316480     62914560
       61440         8192          48.300   1006632960    125829120
       61440        16384          83.707   2013265920    251658240
       67584            1           6.773       135168        16896
       67584            2           7.975       270336        33792
       67584            4           4.679       540672        67584
       67584            8           6.332      1081344       135168
       67584           16           5.481      2162688       270336
       67584           32           4.638      4325376       540672
       67584           64           5.180      8650752      1081344
       67584          128           4.668     17301504      2162688
       67584          256           6.652     34603008      4325376
       67584          512           6.472     69206016      8650752
       67584         1024          10.350    138412032     17301504
       67584         2048          13.846    276824064     34603008
       67584         4096          25.558    553648128     69206016
       67584         8192          42.509   1107296256    138412032
       67584        16384          83.016   2214592512    276824064
       73728            1          30.387       147456        18432
       73728            2           5.360       294912        36864
       73728            4           6.722       589824        73728
       73728            8           5.010      1179648       147456
       73728           16           7.544      2359296       294912
       73728           32           4.849      4718592       589824
       73728           64           4.579      9437184      1179648
       73728          128           5.781     18874368      2359296
       73728          256           5.641     37748736      4718592
       73728          512           7.634     75497472      9437184
       73728         1024           9.568    150994944     18874368
       73728         2048          17.462    301989888     37748736
       73728         4096          25.648    603979776     75497472
       73728         8192          48.541   1207959552    150994944
       73728        16384          91.852   2415919104    301989888
       80896            1         252.293       161792        20224
       80896            2           5.911       323584        40448
       80896            4           5.721       647168        80896
       80896            8           6.682      1294336       161792
       80896           16           4.789      2588672       323584
       80896           32           4.979      5177344       647168
       80896           64           4.518     10354688      1294336
       80896          128           5.280     20709376      2588672
       80896          256           5.680     41418752      5177344
       80896          512           6.782     82837504     10354688
       80896         1024          10.209    165675008     20709376
       80896         2048          14.557    331350016     41418752
       80896         4096          25.558    662700032     82837504
       80896         8192          44.623   1325400064    165675008
       80896        16384          85.850   2650800128    331350016
       88064            1          12.454       176128        22016
       88064            2           6.793       352256        44032
       88064            4           5.731       704512        88064
       88064            8           6.552      1409024       176128
       88064           16           7.153      2818048       352256
       88064           32           4.859      5636096       704512
       88064           64           6.332     11272192      1409024
       88064          128           5.130     22544384      2818048
       88064          256           5.500     45088768      5636096
       88064          512           6.713     90177536     11272192
       88064         1024           9.949    180355072     22544384
       88064         2048          16.270    360710144     45088768
       88064         4096          27.652    721420288     90177536
       88064         8192          51.676   1442840576    180355072
       96256            1           4.549       192512        24064
       96256            2           5.511       385024        48128
       96256            4           5.961       770048        96256
       96256            8           4.979      1540096       192512
       96256           16          25.588      3080192       385024
       96256           32           7.985      6160384       770048
       96256           64           6.822     12320768      1540096
       96256          128           3.216     24641536      3080192
       96256          256          11.832     49283072      6160384
       96256          512          22.802     98566144     12320768
       96256         1024          13.836    197132288     24641536
       96256         2048          18.505    394264576     49283072
       96256         4096          29.705    788529152     98566144
       96256         8192          53.560   1577058304    197132288
      105472            1          13.575       210944        26368
      105472            2           6.913       421888        52736
      105472            4           4.378       843776       105472
      105472            8           7.865      1687552       210944
      105472           16           4.859      3375104       421888
      105472           32           4.809      6750208       843776
      105472           64           5.130     13500416      1687552
      105472          128          40.205     27000832      3375104
      105472          256          10.550     54001664      6750208
      105472          512           6.162    108003328     13500416
      105472         1024          19.987    216006656     27000832
      105472         2048          25.919    432013312     54001664
      105472         4096          41.608    864026624    108003328
      105472         8192          69.731   1728053248    216006656
      115712            1          13.385       231424        28928
      115712            2           6.873       462848        57856
      115712            4           5.881       925696       115712
      115712            8           8.866      1851392       231424
      115712           16           4.408      3702784       462848
      115712           32           5.069      7405568       925696
      115712           64           5.400     14811136      1851392
      115712          128          33.292     29622272      3702784
      115712          256          15.219     59244544      7405568
      115712          512           6.593    118489088     14811136
      115712         1024          16.401    236978176     29622272
      115712         2048          29.866    473956352     59244544
      115712         4096          40.787    947912704    118489088
      115712         8192          63.599   1895825408    236978176
      126976            1           8.896       253952        31744
      126976            2           4.859       507904        63488
      126976            4          29.956      1015808       126976
      126976            8           7.163      2031616       253952
      126976           16           5.259      4063232       507904
      126976           32           6.191      8126464      1015808
      126976           64           4.468     16252928      2031616
      126976          128           5.650     32505856      4063232
      126976          256           9.778     65011712      8126464
      126976          512           9.017    130023424     16252928
      126976         1024          21.650    260046848     32505856
      126976         2048          20.819    520093696     65011712
      126976         4096          40.977   1040187392    130023424
      126976         8192          75.171   2080374784    260046848
      139264            1          16.471       278528        34816
      139264            2           5.310       557056        69632
      139264            4           4.839      1114112       139264
      139264            8           6.943      2228224       278528
      139264           16           7.254      4456448       557056
      139264           32           5.079      8912896      1114112
      139264           64           5.009     17825792      2228224
      139264          128           8.005     35651584      4456448
      139264          256           7.213     71303168      8912896
      139264          512           9.518    142606336     17825792
      139264         1024          13.375    285212672     35651584
      139264         2048          23.654    570425344     71303168
      139264         4096          42.118   1140850688    142606336
      139264         8192         125.686   2281701376    285212672
      152576            1          17.703       305152        38144
      152576            2           4.869       610304        76288
      152576            4           7.564      1220608       152576
      152576            8          10.961      2441216       305152
      152576           16           5.721      4882432       610304
      152576           32          42.920      9764864      1220608
      152576           64           6.542     19529728      2441216
      152576          128          21.250     39059456      4882432
      152576          256           6.733     78118912      9764864
      152576          512          10.820    156237824     19529728
      152576         1024          15.689    312475648     39059456
      152576         2048          22.573    624951296     78118912
      152576         4096          40.165   1249902592    156237824
      152576         8192          77.215   2499805184    312475648
      166912            1          30.988       333824        41728
      166912            2           4.599       667648        83456
      166912            4           8.606      1335296       166912
      166912            8           4.729      2670592       333824
      166912           16           9.437      5341184       667648
      166912           32           4.529     10682368      1335296
      166912           64           5.430     21364736      2670592
      166912          128           5.681     42729472      5341184
      166912          256          11.121     85458944     10682368
      166912          512          35.086    170917888     21364736
      166912         1024          21.070    341835776     42729472
      166912         2048          38.973    683671552     85458944
      166912         4096          69.921   1367343104    170917888
      183296            1          12.744       366592        45824
      183296            2           6.522       733184        91648
      183296            4           3.998      1466368       183296
      183296            8           6.722      2932736       366592
      183296           16           7.053      5865472       733184
      183296           32           9.638     11730944      1466368
      183296           64           8.506     23461888      2932736
      183296          128           7.735     46923776      5865472
      183296          256           9.698     93847552     11730944
      183296          512          15.079    187695104     23461888
      183296         1024          25.839    375390208     46923776
      183296         2048          47.279    750780416     93847552
      183296         4096          90.580   1501560832    187695104
      200704            1          14.868       401408        50176
      200704            2          10.420       802816       100352
      200704            4           8.747      1605632       200704
      200704            8          11.892      3211264       401408
      200704           16          12.754      6422528       802816
      200704           32          34.134     12845056      1605632
      200704           64           8.206     25690112      3211264
      200704          128           8.216     51380224      6422528
      200704          256          14.828    102760448     12845056
      200704          512          12.553    205520896     25690112
      200704         1024          17.643    411041792     51380224
      200704         2048          32.622    822083584    102760448
      200704         4096          56.195   1644167168    205520896
      220160            1          12.053       440320        55040
      220160            2           5.120       880640       110080
      220160            4           5.600      1761280       220160
      220160            8           4.599      3522560       440320
      220160           16          15.980      7045120       880640
      220160           32           4.959     14090240      1761280
      220160           64           9.728     28180480      3522560
      220160          128           6.502     56360960      7045120
      220160          256           7.353    112721920     14090240
      220160          512          21.510    225443840     28180480
      220160         1024          24.556    450887680     56360960
      220160         2048          32.822    901775360    112721920
      220160         4096          59.030   1803550720    225443840
      241664            1          13.014       483328        60416
      241664            2           4.779       966656       120832
      241664            4          10.350      1933312       241664
      241664            8          14.267      3866624       483328
      241664           16           5.159      7733248       966656
      241664           32           6.572     15466496      1933312
      241664           64           4.890     30932992      3866624
      241664          128           7.494     61865984      7733248
      241664          256           7.915    123731968     15466496
      241664          512          12.453    247463936     30932992
      241664         1024          20.438    494927872     61865984
      241664         2048          32.210    989855744    123731968
      241664         4096          63.179   1979711488    247463936
      265216            1          10.670       530432        66304
      265216            2           7.093      1060864       132608
      265216            4           6.983      2121728       265216
      265216            8          25.407      4243456       530432
      265216           16           4.058      8486912      1060864
      265216           32           5.089     16973824      2121728
      265216           64          14.096     33947648      4243456
      265216          128          13.144     67895296      8486912
      265216          256           9.147    135790592     16973824
      265216          512          14.257    271581184     33947648
      265216         1024          44.083    543162368     67895296
      265216         2048          33.723   1086324736    135790592
      265216         4096          69.260   2172649472    271581184
      290816            1           6.201       581632        72704
      290816            2           6.963      1163264       145408
      290816            4           7.584      2326528       290816
      290816            8           8.596      4653056       581632
      290816           16          25.699      9306112      1163264
      290816           32           3.777     18612224      2326528
      290816           64          10.710     37224448      4653056
      290816          128          12.083     74448896      9306112
      290816          256           7.875    148897792     18612224
      290816          512          18.705    297795584     37224448
      290816         1024          31.019    595591168     74448896
      290816         2048          48.000   1191182336    148897792
      290816         4096          75.561   2382364672    297795584
      319488            1          13.906       638976        79872
      319488            2          27.101      1277952       159744
      319488            4           6.883      2555904       319488
      319488            8           6.572      5111808       638976
      319488           16           8.215     10223616      1277952
      319488           32           5.701     20447232      2555904
      319488           64           7.514     40894464      5111808
      319488          128          16.651     81788928     10223616
      319488          256           9.518    163577856     20447232
      319488          512          19.646    327155712     40894464
      319488         1024          36.769    654311424     81788928
      319488         2048          48.491   1308622848    163577856
      319488         4096          82.494   2617245696    327155712
      351232            1           6.252       702464        87808
      351232            2           6.221      1404928       175616
      351232            4           4.709      2809856       351232
      351232            8           5.480      5619712       702464
      351232           16           6.032     11239424      1404928
      351232           32           5.490     22478848      2809856
      351232           64           9.077     44957696      5619712
      351232          128          18.695     89915392     11239424
      351232          256          11.982    179830784     22478848
      351232          512          14.046    359661568     44957696
      351232         1024          27.732    719323136     89915392
      351232         2048          43.832   1438646272    179830784
      386048            1          10.951       772096        96512
      386048            2           6.933      1544192       193024
      386048            4           9.758      3088384       386048
      386048            8           9.477      6176768       772096
      386048           16          15.910     12353536      1544192
      386048           32           8.456     24707072      3088384
      386048           64          18.064     49414144      6176768
      386048          128          13.936     98828288     12353536
      386048          256          10.349    197656576     24707072
      386048          512          27.903    395313152     49414144
      386048         1024          45.555    790626304     98828288
      386048         2048          58.269   1581252608    197656576
      423936            1          13.145       847872       105984
      423936            2          14.156      1695744       211968
      423936            4           7.123      3391488       423936
      423936            8           7.093      6782976       847872
      423936           16           7.343     13565952      1695744
      423936           32          14.717     27131904      3391488
      423936           64           6.773     54263808      6782976
      423936          128          10.159    108527616     13565952
      423936          256          14.147    217055232     27131904
      423936          512          19.045    434110464     54263808
      423936         1024          33.212    868220928    108527616
      423936         2048          62.027   1736441856    217055232
      465920            1           8.996       931840       116480
      465920            2           5.310      1863680       232960
      465920            4           6.452      3727360       465920
      465920            8          27.632      7454720       931840
      465920           16           6.552     14909440      1863680
      465920           32          13.505     29818880      3727360
      465920           64           7.314     59637760      7454720
      465920          128           7.925    119275520     14909440
      465920          256          11.321    238551040     29818880
      465920          512          18.625    477102080     59637760
      465920         1024          38.653    954204160    119275520
      465920         2048          70.633   1908408320    238551040
      512000            1          15.729      1024000       128000
      512000            2           6.923      2048000       256000
      512000            4           6.963      4096000       512000
      512000            8           6.482      8192000      1024000
      512000           16           5.430     16384000      2048000
      512000           32           8.896     32768000      4096000
      512000           64          11.391     65536000      8192000
      512000          128           7.324    131072000     16384000
      512000          256          12.603    262144000     32768000
      512000          512          19.687    524288000     65536000
      512000         1024          37.901   1048576000    131072000
      512000         2048          77.215   2097152000    262144000
      563200            1          10.029      1126400       140800
      563200            2           5.480      2252800       281600
      563200            4           8.045      4505600       563200
      563200            8           6.703      9011200      1126400
      563200           16           5.720     18022400      2252800
      563200           32          13.946     36044800      4505600
      563200           64          16.100     72089600      9011200
      563200          128          17.612    144179200     18022400
      563200          256          18.555    288358400     36044800
      563200          512          21.851    576716800     72089600
      563200         1024          36.789   1153433600    144179200
      563200         2048          78.888   2306867200    288358400
      619520            1          14.106      1239040       154880
      619520            2           6.833      2478080       309760
      619520            4          14.387      4956160       619520
      619520            8          13.635      9912320      1239040
      619520           16          13.866     19824640      2478080
      619520           32           9.117     39649280      4956160
      619520           64           9.808     79298560      9912320
      619520          128          10.099    158597120     19824640
      619520          256          17.012    317194240     39649280
      619520          512          23.574    634388480     79298560
      619520         1024          46.157   1268776960    158597120
      619520         2048          85.300   2537553920    317194240
      680960            1          16.891      1361920       170240
      680960            2           8.856      2723840       340480
      680960            4          10.440      5447680       680960
      680960            8           5.330     10895360      1361920
      680960           16           6.071     21790720      2723840
      680960           32           4.458     43581440      5447680
      680960           64          14.066     87162880     10895360
      680960          128           9.187    174325760     21790720
      680960          256          19.005    348651520     43581440
      680960          512          27.371    697303040     87162880
      680960         1024          66.865   1394606080    174325760
      748544            1           9.948      1497088       187136
      748544            2           4.999      2994176       374272
      748544            4           6.692      5988352       748544
      748544            8           5.119     11976704      1497088
      748544           16           8.556     23953408      2994176
      748544           32           4.990     47906816      5988352
      748544           64           7.664     95813632     11976704
      748544          128          20.449    191627264     23953408
      748544          256          18.284    383254528     47906816
      748544          512          25.678    766509056     95813632
      748544         1024          47.940   1533018112    191627264
      823296            1          11.071      1646592       205824
      823296            2           7.795      3293184       411648
      823296            4           6.182      6586368       823296
      823296            8           7.724     13172736      1646592
      823296           16           9.257     26345472      3293184
      823296           32          14.637     52690944      6586368
      823296           64          10.841    105381888     13172736
      823296          128          17.583    210763776     26345472
      823296          256          22.122    421527552     52690944
      823296          512          29.986    843055104    105381888
      823296         1024          53.871   1686110208    210763776
      905216            1          14.557      1810432       226304
      905216            2           9.608      3620864       452608
      905216            4           7.574      7241728       905216
      905216            8           8.075     14483456      1810432
      905216           16           8.536     28966912      3620864
      905216           32           7.934     57933824      7241728
      905216           64          11.692    115867648     14483456
      905216          128          12.704    231735296     28966912
      905216          256          16.781    463470592     57933824
      905216          512          33.372    926941184    115867648
      905216         1024          65.744   1853882368    231735296
      995328            1          12.173      1990656       248832
      995328            2           8.486      3981312       497664
      995328            4          16.020      7962624       995328
      995328            8          13.746     15925248      1990656
      995328           16          31.378     31850496      3981312
      995328           32          12.754     63700992      7962624
      995328           64          12.874    127401984     15925248
      995328          128          11.712    254803968     31850496
      995328          256          21.680    509607936     63700992
      995328          512          34.866   1019215872    127401984
      995328         1024          61.145   2038431744    254803968
     1094656            1          20.528      2189312       273664
     1094656            2           8.826      4378624       547328
     1094656            4           4.759      8757248      1094656
     1094656            8           6.873     17514496      2189312
     1094656           16           6.102     35028992      4378624
     1094656           32           9.548     70057984      8757248
     1094656           64          11.722    140115968     17514496
     1094656          128          11.762    280231936     35028992
     1094656          256          21.000    560463872     70057984
     1094656          512          39.675   1120927744    140115968
     1094656         1024          70.993   2241855488    280231936
     1203200            1          24.425      2406400       300800
     1203200            2           5.601      4812800       601600
     1203200            4           8.476      9625600      1203200
     1203200            8          20.078     19251200      2406400
     1203200           16           7.384     38502400      4812800
     1203200           32           7.164     77004800      9625600
     1203200           64          18.225    154009600     19251200
     1203200          128          16.040    308019200     38502400
     1203200          256          23.304    616038400     77004800
     1203200          512          38.152   1232076800    154009600
     1203200         1024          70.532   2464153600    308019200
     1323008            1          31.348      2646016       330752
     1323008            2           5.911      5292032       661504
     1323008            4           6.973     10584064      1323008
     1323008            8          14.427     21168128      2646016
     1323008           16           9.688     42336256      5292032
     1323008           32           7.244     84672512     10584064
     1323008           64          11.231    169345024     21168128
     1323008          128          14.126    338690048     42336256
     1323008          256          22.622    677380096     84672512
     1323008          512          40.325   1354760192    169345024
     1323008         1024          83.526   2709520384    338690048
     1455104            1          11.722      2910208       363776
     1455104            2           6.903      5820416       727552
     1455104            4           9.297     11640832      1455104
     1455104            8           9.909     23281664      2910208
     1455104           16           6.262     46563328      5820416
     1455104           32          10.179     93126656     11640832
     1455104           64           9.878    186253312     23281664
     1455104          128          20.598    372506624     46563328
     1455104          256          25.708    745013248     93126656
     1455104          512          46.528   1490026496    186253312
     1600512            1          17.814      3201024       400128
     1600512            2           6.011      6402048       800256
     1600512            4           7.694     12804096      1600512
     1600512            8           9.698     25608192      3201024
     1600512           16          14.647     51216384      6402048
     1600512           32           7.544    102432768     12804096
     1600512           64          15.379    204865536     25608192
     1600512          128          18.725    409731072     51216384
     1600512          256          31.629    819462144    102432768
     1600512          512          75.592   1638924288    204865536
     1760256            1          17.753      3520512       440064
     1760256            2           5.971      7041024       880128
     1760256            4          18.335     14082048      1760256
     1760256            8          15.419     28164096      3520512
     1760256           16           6.682     56328192      7041024
     1760256           32          11.842    112656384     14082048
     1760256           64          11.031    225312768     28164096
     1760256          128          29.756    450625536     56328192
     1760256          256          30.437    901251072    112656384
     1760256          512          51.416   1802502144    225312768
     1935360            1          33.503      3870720       483840
     1935360            2           5.581      7741440       967680
     1935360            4           8.786     15482880      1935360
     1935360            8           5.400     30965760      3870720
     1935360           16           7.134     61931520      7741440
     1935360           32           8.466    123863040     15482880
     1935360           64          13.175    247726080     30965760
     1935360          128          17.142    495452160     61931520
     1935360          256          29.295    990904320    123863040
     1935360          512          54.733   1981808640    247726080
     2128896            1          30.297      4257792       532224
     2128896            2          11.361      8515584      1064448
     2128896            4          16.551     17031168      2128896
     2128896            8           5.120     34062336      4257792
     2128896           16           7.194     68124672      8515584
     2128896           32           8.566    136249344     17031168
     2128896           64          16.932    272498688     34062336
     2128896          128          18.755    544997376     68124672
     2128896          256          36.959   1089994752    136249344
     2128896          512          58.770   2179989504    272498688
     2340864            1          28.463      4681728       585216
     2340864            2           6.702      9363456      1170432
     2340864            4           6.132     18726912      2340864
     2340864            8           7.374     37453824      4681728
     2340864           16           7.895     74907648      9363456
     2340864           32           9.889    149815296     18726912
     2340864           64          13.606    299630592     37453824
     2340864          128          23.344    599261184     74907648
     2340864          256          34.816   1198522368    149815296
     2340864          512          66.113   2397044736    299630592
     2574336            1         232.786      5148672       643584
     2574336            2           5.450     10297344      1287168
     2574336            4           7.634     20594688      2574336
     2574336            8           6.853     41189376      5148672
     2574336           16           8.136     82378752     10297344
     2574336           32           8.536    164757504     20594688
     2574336           64          14.127    329515008     41189376
     2574336          128          21.220    659030016     82378752
     2574336          256          37.440   1318060032    164757504
     2574336          512          70.322   2636120064    329515008
     2831360            1          63.609      5662720       707840
     2831360            2           7.644     11325440      1415680
     2831360            4           6.272     22650880      2831360
     2831360            8           6.863     45301760      5662720
     2831360           16          10.470     90603520     11325440
     2831360           32          10.240    181207040     22650880
     2831360           64          14.186    362414080     45301760
     2831360          128          22.752    724828160     90603520
     2831360          256          42.189   1449656320    181207040
     3113984            1          50.494      6227968       778496
     3113984            2           9.628     12455936      1556992
     3113984            4           6.533     24911872      3113984
     3113984            8           7.144     49823744      6227968
     3113984           16           9.718     99647488     12455936
     3113984           32          10.339    199294976     24911872
     3113984           64          15.679    398589952     49823744
     3113984          128          24.506    797179904     99647488
     3113984          256          60.103   1594359808    199294976
     3425280            1          30.127      6850560       856320
     3425280            2           9.548     13701120      1712640
     3425280            4           4.278     27402240      3425280
     3425280            8           7.454     54804480      6850560
     3425280           16           9.738    109608960     13701120
     3425280           32          10.901    219217920     27402240
     3425280           64          20.398    438435840     54804480
     3425280          128          26.389    876871680    109608960
     3425280          256          48.932   1753743360    219217920
     3767296            1          59.852      7534592       941824
     3767296            2           6.882     15069184      1883648
     3767296            4           7.424     30138368      3767296
     3767296            8           9.238     60276736      7534592
     3767296           16          13.636    120553472     15069184
     3767296           32          14.898    241106944     30138368
     3767296           64          17.813    482213888     60276736
     3767296          128          31.860    964427776    120553472
     3767296          256          52.498   1928855552    241106944
     4143104            1          49.002      8286208      1035776
     4143104            2          11.181     16572416      2071552
     4143104            4           7.343     33144832      4143104
     4143104            8           7.584     66289664      8286208
     4143104           16          11.803    132579328     16572416
     4143104           32          15.870    265158656     33144832
     4143104           64          25.107    530317312     66289664
     4143104          128          34.264   1060634624    132579328
     4143104          256          56.045   2121269248    265158656
     4556800            1          40.596      9113600      1139200
     4556800            2           6.713     18227200      2278400
     4556800            4           7.925     36454400      4556800
     4556800            8           7.925     72908800      9113600
     4556800           16          10.590    145817600     18227200
     4556800           32          12.444    291635200     36454400
     4556800           64          20.889    583270400     72908800
     4556800          128          34.444   1166540800    145817600
     4556800          256          61.956   2333081600    291635200
     5012480            1          68.779     10024960      1253120
     5012480            2           7.223     20049920      2506240
     5012480            4           8.887     40099840      5012480
     5012480            8          14.817     80199680     10024960
     5012480           16          11.321    160399360     20049920
     5012480           32          13.706    320798720     40099840
     5012480           64          22.232    641597440     80199680
     5012480          128          37.410   1283194880    160399360
     5012480          256          67.656   2566389760    320798720
     5513216            1          48.611     11026432      1378304
     5513216            2           7.024     22052864      2756608
     5513216            4           9.979     44105728      5513216
     5513216            8           9.037     88211456     11026432
     5513216           16          10.871    176422912     22052864
     5513216           32          15.619    352845824     44105728
     5513216           64          23.524    705691648     88211456
     5513216          128          40.005   1411383296    176422912
     6064128            1          64.390     12128256      1516032
     6064128            2           8.536     24256512      3032064
     6064128            4           7.794     48513024      6064128
     6064128            8          10.700     97026048     12128256
     6064128           16          11.130    194052096     24256512
     6064128           32          15.920    388104192     48513024
     6064128           64          25.358    776208384     97026048
     6064128          128          43.431   1552416768    194052096
     6670336            1          82.986     13340672      1667584
     6670336            2          25.217     26681344      3335168
     6670336            4          11.512     53362688      6670336
     6670336            8           9.488    106725376     13340672
     6670336           16          12.894    213450752     26681344
     6670336           32          16.761    426901504     53362688
     6670336           64          27.542    853803008    106725376
     6670336          128          47.579   1707606016    213450752
     7336960            1          77.275     14673920      1834240
     7336960            2           9.057     29347840      3668480
     7336960            4           8.035     58695680      7336960
     7336960            8          11.612    117391360     14673920
     7336960           16          12.073    234782720     29347840
     7336960           32          18.545    469565440     58695680
     7336960           64          29.635    939130880    117391360
     7336960          128         599.363   1878261760    234782720
     8070144            1         316.663     16140288      2017536
     8070144            2           8.897     32280576      4035072
     8070144            4          11.672     64561152      8070144
     8070144            8          11.021    129122304     16140288
     8070144           16          14.347    258244608     32280576
     8070144           32          19.266    516489216     64561152
     8070144           64          32.581   1032978432    129122304
     8070144          128          56.316   2065956864    258244608
     8877056            1          72.716     17754112      2219264
     8877056            2          10.029     35508224      4438528
     8877056            4           9.788     71016448      8877056
     8877056            8          13.164    142032896     17754112
     8877056           16          14.848    284065792     35508224
     8877056           32          20.980    568131584     71016448
     8877056           64          34.294   1136263168    142032896
     8877056          128          61.656   2272526336    284065792
     9763840            1          81.292     19527680      2440960
     9763840            2          10.019     39055360      4881920
     9763840            4          11.722     78110720      9763840
     9763840            8          15.159    156221440     19527680
     9763840           16          15.800    312442880     39055360
     9763840           32          23.554    624885760     78110720
     9763840           64          37.480   1249771520    156221440
     9763840          128          67.376   2499543040    312442880
    10739712            1         104.585     21479424      2684928
    10739712            2          10.460     42958848      5369856
    10739712            4          10.640     85917696     10739712
    10739712            8          14.687    171835392     21479424
    10739712           16          16.611    343670784     42958848
    10739712           32          24.827    687341568     85917696
    10739712           64          40.696   1374683136    171835392
    11812864            1          88.236     23625728      2953216
    11812864            2          10.710     47251456      5906432
    11812864            4          11.201     94502912     11812864
    11812864            8          16.041    189005824     23625728
    11812864           16          17.483    378011648     47251456
    11812864           32          26.920    756023296     94502912
    11812864           64          45.064   1512046592    189005824
    12993536            1          95.149     25987072      3248384
    12993536            2           9.959     51974144      6496768
    12993536            4          11.000    103948288     12993536
    12993536            8          16.771    207896576     25987072
    12993536           16          19.146    415793152     51974144
    12993536           32          30.136    831586304    103948288
    12993536           64          48.772   1663172608    207896576
    14291968            1         122.390     28583936      3572992
    14291968            2          11.521     57167872      7145984
    14291968            4          12.354    114335744     14291968
    14291968            8          16.722    228671488     28583936
    14291968           16          22.082    457342976     57167872
    14291968           32          32.752    914685952    114335744
    14291968           64          52.869   1829371904    228671488
    15720448            1         114.966     31440896      3930112
    15720448            2          12.744     62881792      7860224
    15720448            4           8.466    125763584     15720448
    15720448            8          31.269    251527168     31440896
    15720448           16          37.770    503054336     62881792
    15720448           32          36.628   1006108672    125763584
    15720448           64          57.117   2012217344    251527168
    17292288            1         132.629     34584576      4323072
    17292288            2          12.494     69169152      8646144
    17292288            4          15.179    138338304     17292288
    17292288            8          21.340    276676608     34584576
    17292288           16          29.235    553353216     69169152
    17292288           32          70.943   1106706432    138338304
    17292288           64          66.825   2213412864    276676608
    19020800            1         142.086     38041600      4755200
    19020800            2          14.016     76083200      9510400
    19020800            4          15.629    152166400     19020800
    19020800            8          17.963    304332800     38041600
    19020800           16          25.588    608665600     76083200
    19020800           32          40.416   1217331200    152166400
    19020800           64          68.829   2434662400    304332800
    20922368            1         156.593     41844736      5230592
    20922368            2          16.721     83689472     10461184
    20922368            4          16.180    167378944     20922368
    20922368            8          19.797    334757888     41844736
    20922368           16          26.480    669515776     83689472
    20922368           32          43.231   1339031552    167378944
    20922368           64          78.737   2678063104    334757888
    23014400            1         186.509     46028800      5753600
    23014400            2          39.253     92057600     11507200
    23014400            4          21.841    184115200     23014400
    23014400            8          20.999    368230400     46028800
    23014400           16          30.387    736460800     92057600
    23014400           32          47.008   1472921600    184115200
    25315328            1         212.989     50630656      6328832
    25315328            2          20.077    101261312     12657664
    25315328            4          17.683    202522624     25315328
    25315328            8          26.028    405045248     50630656
    25315328           16          33.954    810090496    101261312
    25315328           32          51.787   1620180992    202522624
    27846656            1         235.361     55693312      6961664
    27846656            2          41.488    111386624     13923328
    27846656            4          30.818    222773248     27846656
    27846656            8          26.219    445546496     55693312
    27846656           16          37.300    891092992    111386624
    27846656           32          55.924   1782185984    222773248
    30630912            1         222.467     61261824      7657728
    30630912            2          21.491    122523648     15315456
    30630912            4          21.580    245047296     30630912
    30630912            8          27.581    490094592     61261824
    30630912           16          38.412    980189184    122523648
    30630912           32          84.088   1960378368    245047296
    33693696            1         248.396     67387392      8423424
    33693696            2          25.337    134774784     16846848
    33693696            4          22.882    269549568     33693696
    33693696            8          29.586    539099136     67387392
    33693696           16          41.458   1078198272    134774784
    33693696           32          66.725   2156396544    269549568
    37062656            1         301.204     74125312      9265664
    37062656            2          28.533    148250624     18531328
    37062656            4          25.377    296501248     37062656
    37062656            8          31.239    593002496     74125312
    37062656           16          46.377   1186004992    148250624
    37062656           32          78.236   2372009984    296501248
    40768512            1         303.348     81537024     10192128
    40768512            2          39.595    163074048     20384256
    40768512            4          29.094    326148096     40768512
    40768512            8          36.569    652296192     81537024
    40768512           16          51.576   1304592384    163074048
    40768512           32          87.694   2609184768    326148096
    44845056            1         322.173     89690112     11211264
    44845056            2          41.268    179380224     22422528
    44845056            4          28.394    358760448     44845056
    44845056            8          37.550    717520896     89690112
    44845056           16          69.240   1435041792    179380224
    49329152            1         354.043     98658304     12332288
    49329152            2          49.362    197316608     24664576
    49329152            4          33.323    394633216     49329152
    49329152            8          41.308    789266432     98658304
    49329152           16          60.103   1578532864    197316608
    54261760            1         421.780    108523520     13565440
    54261760            2          61.285    217047040     27130880
    54261760            4          41.598    434094080     54261760
    54261760            8          50.555    868188160    108523520
    54261760           16          73.097   1736376320    217047040
    59687936            1         423.894    119375872     14921984
    59687936            2         112.210    238751744     29843968
    59687936            4          44.143    477503488     59687936
    59687936            8          60.594    955006976    119375872
    59687936           16          83.837   1910013952    238751744
    65655808            1         462.918    131311616     16413952
    65655808            2          91.572    262623232     32827904
    65655808            4          60.393    525246464     65655808
    65655808            8          70.221   1050492928    131311616
    65655808           16          93.305   2100985856    262623232
    72220672            1         508.412    144441344     18055168
    72220672            2         106.639    288882688     36110336
    72220672            4          71.023    577765376     72220672
    72220672            8          92.203   1155530752    144441344
    72220672           16         116.819   2311061504    288882688
    79441920            1         557.925    158883840     19860480
    79441920            2         122.860    317767680     39720960
    79441920            4          87.233    635535360     79441920
    79441920            8         121.066   1271070720    158883840
    79441920           16         135.704   2542141440    317767680
    87386112            1         627.065    174772224     21846528
    87386112            2         152.666    349544448     43693056
    87386112            4         104.465    699088896     87386112
    87386112            8         119.434   1398177792    174772224
    96123904            1         687.669    192247808     24030976
    96123904            2         179.907    384495616     48061952
    96123904            4         129.643    768991232     96123904
    96123904            8         153.187   1537982464    192247808
   105736192            1         767.698    211472384     26434048
   105736192            2         208.330    422944768     52868096
   105736192            4         152.365    845889536    105736192
   105736192            8         176.370   1691779072    211472384
   116308992            1         838.360    232617984     29077248
   116308992            2         232.245    465235968     58154496
   116308992            4         184.336    930471936    116308992
   116308992            8         192.911   1860943872    232617984
   127939584            1        1017.236    255879168     31984896
   127939584            2         257.142    511758336     63969792
   127939584            4         189.996   1023516672    127939584
   127939584            8         210.865   2047033344    255879168
   140733440            1        1002.258    281466880     35183360
   140733440            2         533.980    562933760     70366720
   140733440            4         212.088   1125867520    140733440
   140733440            8         243.917   2251735040    281466880
   154806272            1        1095.702    309612544     38701568
   154806272            2         300.193    619225088     77403136
   154806272            4         259.306   1238450176    154806272
   154806272            8         457.827   2476900352    309612544
   170286080            1        1214.245    340572160     42571520
   170286080            2         333.645    681144320     85143040
   170286080            4         263.664   1362288640    170286080
   187314176            1        1361.410    374628352     46828544
   187314176            2         332.543    749256704     93657088
   187314176            4         278.111   1498513408    187314176
   206045184            1        1484.811    412090368     51511296
   206045184            2         358.372    824180736    103022592
   206045184            4         330.589   1648361472    206045184
   226649088            1        1617.470    453298176     56662272
   226649088            2         402.894    906596352    113324544
   226649088            4         319.819   1813192704    226649088
   249313280            1        1744.457    498626560     62328320
   249313280            2         438.361    997253120    124656640
   249313280            4         359.414   1994506240    249313280
   274244608            1        1941.146    548489216     68561152
   274244608            2         441.026   1096978432    137122304
   274244608            4         385.522   2193956864    274244608
   301668352            1        2133.286    603336704     75417088
   301668352            2         488.144   1206673408    150834176
   301668352            4         440.204   2413346816    301668352
   331834368            1        2337.999    663668736     82958592
   331834368            2         514.153   1327337472    165917184
   331834368            4         474.829   2654674944    331834368
   365017088            1        2569.092    730034176     91254272
   365017088            2         596.017   1460068352    182508544
   401518592            1        2845.861    803037184    100379648
   401518592            2         650.819   1606074368    200759296
   441669632            1        3491.350    883339264    110417408
   441669632            2         865.581   1766678528    220834816
   485835776            1        3457.076    971671552    121458944
   485835776            2         988.251   1943343104    242917888
   534418432            1        3760.253   1068836864    133604608
   534418432            2        1598.946   2137673728    267209216
   587859968            1        4100.331   1175719936    146964992
   587859968            2        2937.242   2351439872    293929984
   646645760            1        4521.270   1293291520    161661440
   646645760            2        5545.688   2586583040    323322880
   711310336            1       10743.204   1422620672    177827584
   782440448            1        5477.361   1564880896    195610112
   860684288            1        6001.732   1721368576    215171072
   946752512            1        6646.320   1893505024    236688128
  1041427456            1        8492.979   2082854912    260356864
  1145569280            1        7994.665   2291138560    286392320
  1260126208            1        8772.413   2520252416    315031552

META_DATA
FLOPS          2
MPI_PROCS      128
ERT_VERSION  1.1.0
HOSTNAME  ('tcn299.local.snellius.surf.nl', [], ['172.18.57.53'])
UNAME  uname_result(system='Linux', node='tcn299.local.snellius.surf.nl', release='4.18.0-372.80.1.el8_6.x86_64', version='#1 SMP Fri Nov 3 14:30:16 EDT 2023', machine='x86_64', processor='x86_64')
TIMESTAMP_DATA  1707397238.5142007
CONFIG  {'ERT_RESULTS': ['Results.snellius.01'], 'ERT_DRIVER': ['driver1'], 'ERT_KERNEL': ['kernel1'], 'ERT_MPI': ['True'], 'ERT_MPI_CFLAGS': [], 'ERT_MPI_LDFLAGS': [], 'ERT_OPENMP': ['False'], 'ERT_OPENMP_CFLAGS': ['-fopenmp'], 'ERT_OPENMP_LDFLAGS': ['-fopenmp'], 'ERT_FLOPS': ['1,2,4,8,16,32'], 'ERT_ALIGN': ['32'], 'ERT_CC': ['mpic++'], 'ERT_CFLAGS': ['-Ofast', '-fargument-noalias', '-mavx2'], 'ERT_LD': ['mpic++'], 'ERT_LDFLAGS': [], 'ERT_LDLIBS': [], 'ERT_RUN': ['export', 'OMP_NUM_THREADS=ERT_OPENMP_THREADS;', 'mpirun', '-np', 'ERT_MPI_PROCS', 'ERT_CODE'], 'ERT_PROCS_THREADS': ['32,64,128'], 'ERT_MPI_PROCS': ['32,64,128'], 'ERT_OPENMP_THREADS': [], 'ERT_NUM_EXPERIMENTS': ['5'], 'ERT_MEMORY_MAX': ['1357905920'], 'ERT_WORKING_SET_MIN': ['1'], 'ERT_TRIALS_MIN': ['1'], 'ERT_GNUPLOT': ['gnuplot'], 'ERT_GPU': [False], 'ERT_HIP': [False], 'ERT_PRECISION': ['FP64'], 'ERT_OCL': [False], 'ERT_SYCL': [False], 'ERT_WSS_MULT': [1.1]}
