fp64
        1024            1        2928.615         2048          256
        1024            2           4.719         4096          512
        1024            4          12.313         8192         1024
        1024            8           6.612        16384         2048
        1024           16           9.217        32768         4096
        1024           32           5.310        65536         8192
        1024           64           4.659       131072        16384
        1024          128           4.829       262144        32768
        1024          256           5.080       524288        65536
        1024          512           6.172      1048576       131072
        1024         1024           4.809      2097152       262144
        1024         2048           5.781      4194304       524288
        1024         4096           9.057      8388608      1048576
        1024         8192          10.320     16777216      2097152
        1024        16384          17.482     33554432      4194304
        1024        32768          24.135     67108864      8388608
        1024        65536          45.215    134217728     16777216
        1024       131072          84.448    268435456     33554432
        1024       262144         201.197    536870912     67108864
        1024       524288         312.655   1073741824    134217728
        1024      1048576         628.357   2147483648    268435456
        2048            1          13.625         4096          512
        2048            2           5.881         8192         1024
        2048            4           4.248        16384         2048
        2048            8           4.879        32768         4096
        2048           16           5.600        65536         8192
        2048           32           4.318       131072        16384
        2048           64           7.114       262144        32768
        2048          128           4.869       524288        65536
        2048          256           4.589      1048576       131072
        2048          512           4.629      2097152       262144
        2048         1024           5.010      4194304       524288
        2048         2048           5.911      8388608      1048576
        2048         4096           6.523     16777216      2097152
        2048         8192           9.307     33554432      4194304
        2048        16384          13.676     67108864      8388608
        2048        32768          24.856    134217728     16777216
        2048        65536          55.054    268435456     33554432
        2048       131072          97.914    536870912     67108864
        2048       262144         162.023   1073741824    134217728
        2048       524288         313.047   2147483648    268435456
        3072            1          16.050         6144          768
        3072            2           5.170        12288         1536
        3072            4           5.159        24576         3072
        3072            8           4.559        49152         6144
        3072           16           5.771        98304        12288
        3072           32           5.300       196608        24576
        3072           64           6.272       393216        49152
        3072          128           4.960       786432        98304
        3072          256           4.268      1572864       196608
        3072          512           7.023      3145728       393216
        3072         1024           4.990      6291456       786432
        3072         2048           5.651     12582912      1572864
        3072         4096           6.923     25165824      3145728
        3072         8192          10.380     50331648      6291456
        3072        16384          16.080    100663296     12582912
        3072        32768          25.288    201326592     25165824
        3072        65536          42.570    402653184     50331648
        3072       131072          80.140    805306368    100663296
        3072       262144         158.176   1610612736    201326592
        4096            1           8.205         8192         1024
        4096            2           6.092        16384         2048
        4096            4           5.270        32768         4096
        4096            8           4.849        65536         8192
        4096           16           4.930       131072        16384
        4096           32           4.348       262144        32768
        4096           64           5.340       524288        65536
        4096          128           4.088      1048576       131072
        4096          256           4.618      2097152       262144
        4096          512           4.799      4194304       524288
        4096         1024           4.809      8388608      1048576
        4096         2048           5.781     16777216      2097152
        4096         4096           6.532     33554432      4194304
        4096         8192           8.185     67108864      8388608
        4096        16384          10.299    134217728     16777216
        4096        32768          18.264    268435456     33554432
        4096        65536          41.848    536870912     67108864
        4096       131072          55.234   1073741824    134217728
        4096       262144         155.151   2147483648    268435456
        5120            1           6.201        10240         1280
        5120            2           4.759        20480         2560
        5120            4           4.889        40960         5120
        5120            8           6.953        81920        10240
        5120           16           5.400       163840        20480
        5120           32           4.749       327680        40960
        5120           64           4.960       655360        81920
        5120          128           4.408      1310720       163840
        5120          256           4.468      2621440       327680
        5120          512           4.648      5242880       655360
        5120         1024           5.771     10485760      1310720
        5120         2048           5.370     20971520      2621440
        5120         4096           8.736     41943040      5242880
        5120         8192           8.926     83886080     10485760
        5120        16384          14.598    167772160     20971520
        5120        32768          23.384    335544320     41943040
        5120        65536          42.770    671088640     83886080
        5120       131072          82.986   1342177280    167772160
        5120       262144         155.662   2684354560    335544320
        6144            1          15.308        12288         1536
        6144            2           4.728        24576         3072
        6144            4           8.445        49152         6144
        6144            8           4.719        98304        12288
        6144           16           4.338       196608        24576
        6144           32           4.489       393216        49152
        6144           64           4.068       786432        98304
        6144          128           5.440      1572864       196608
        6144          256           4.438      3145728       393216
        6144          512           5.941      6291456       786432
        6144         1024           4.829     12582912      1572864
        6144         2048           6.162     25165824      3145728
        6144         4096           6.843     50331648      6291456
        6144         8192           9.247    100663296     12582912
        6144        16384          14.286    201326592     25165824
        6144        32768          23.194    402653184     50331648
        6144        65536          42.389    805306368    100663296
        6144       131072         104.536   1610612736    201326592
        7168            1           6.162        14336         1792
        7168            2           4.268        28672         3584
        7168            4           4.619        57344         7168
        7168            8           4.698       114688        14336
        7168           16           5.160       229376        28672
        7168           32           4.779       458752        57344
        7168           64           4.288       917504       114688
        7168          128           7.414      1835008       229376
        7168          256           4.248      3670016       458752
        7168          512           4.588      7340032       917504
        7168         1024           5.410     14680064      1835008
        7168         2048           5.530     29360128      3670016
        7168         4096           6.963     58720256      7340032
        7168         8192           8.826    117440512     14680064
        7168        16384          15.419    234881024     29360128
        7168        32768          24.405    469762048     58720256
        7168        65536          45.565    939524096    117440512
        7168       131072          80.040   1879048192    234881024
        8192            1           4.589        16384         2048
        8192            2           5.159        32768         4096
        8192            4           4.919        65536         8192
        8192            8           6.652       131072        16384
        8192           16           5.049       262144        32768
        8192           32           6.251       524288        65536
        8192           64           5.761      1048576       131072
        8192          128           5.080      2097152       262144
        8192          256           5.691      4194304       524288
        8192          512           4.909      8388608      1048576
        8192         1024           5.831     16777216      2097152
        8192         2048           5.851     33554432      4194304
        8192         4096          12.383     67108864      8388608
        8192         8192           9.868    134217728     16777216
        8192        16384          16.000    268435456     33554432
        8192        32768          23.093    536870912     67108864
        8192        65536          42.670   1073741824    134217728
        8192       131072          80.510   2147483648    268435456
        9216            1          23.754        18432         2304
        9216            2           6.322        36864         4608
        9216            4           4.578        73728         9216
        9216            8           7.113       147456        18432
        9216           16           4.889       294912        36864
        9216           32           4.719       589824        73728
        9216           64           4.759      1179648       147456
        9216          128           4.709      2359296       294912
        9216          256           5.550      4718592       589824
        9216          512           4.589      9437184      1179648
        9216         1024           5.690     18874368      2359296
        9216         2048           5.771     37748736      4718592
        9216         4096           9.568     75497472      9437184
        9216         8192          10.790    150994944     18874368
        9216        16384          17.813    301989888     37748736
        9216        32768          25.958    603979776     75497472
        9216        65536          54.111   1207959552    150994944
        9216       131072          82.054   2415919104    301989888
       10240            1          18.264        20480         2560
       10240            2           7.284        40960         5120
       10240            4           3.546        81920        10240
       10240            8          13.556       163840        20480
       10240           16           4.068       327680        40960
       10240           32           7.484       655360        81920
       10240           64           8.045      1310720       163840
       10240          128           4.358      2621440       327680
       10240          256           7.995      5242880       655360
       10240          512           4.940     10485760      1310720
       10240         1024           5.009     20971520      2621440
       10240         2048           5.630     41943040      5242880
       10240         4096           7.023     83886080     10485760
       10240         8192           9.738    167772160     20971520
       10240        16384          13.605    335544320     41943040
       10240        32768          24.295    671088640     83886080
       10240        65536          42.289   1342177280    167772160
       10240       131072          86.021   2684354560    335544320
       11264            1           6.943        22528         2816
       11264            2          12.814        45056         5632
       11264            4           7.494        90112        11264
       11264            8          12.423       180224        22528
       11264           16          10.971       360448        45056
       11264           32           2.534       720896        90112
       11264           64           6.733      1441792       180224
       11264          128          11.652      2883584       360448
       11264          256           9.257      5767168       720896
       11264          512           8.235     11534336      1441792
       11264         1024          12.393     23068672      2883584
       11264         2048           8.125     46137344      5767168
       11264         4096           7.264     92274688     11534336
       11264         8192          10.029    184549376     23068672
       11264        16384          13.906    369098752     46137344
       11264        32768          23.995    738197504     92274688
       11264        65536          41.908   1476395008    184549376
       12288            1          22.111        24576         3072
       12288            2           8.326        49152         6144
       12288            4           8.115        98304        12288
       12288            8           5.580       196608        24576
       12288           16           4.508       393216        49152
       12288           32           6.132       786432        98304
       12288           64           4.439      1572864       196608
       12288          128           5.500      3145728       393216
       12288          256           5.049      6291456       786432
       12288          512           4.980     12582912      1572864
       12288         1024           5.279     25165824      3145728
       12288         2048           7.484     50331648      6291456
       12288         4096          10.470    100663296     12582912
       12288         8192          16.281    201326592     25165824
       12288        16384          29.415    402653184     50331648
       12288        32768          53.821    805306368    100663296
       12288        65536         104.646   1610612736    201326592
       13312            1          21.099        26624         3328
       13312            2           5.410        53248         6656
       13312            4           5.370       106496        13312
       13312            8           5.350       212992        26624
       13312           16           5.991       425984        53248
       13312           32           4.589       851968       106496
       13312           64           7.364      1703936       212992
       13312          128           4.609      3407872       425984
       13312          256           4.839      6815744       851968
       13312          512           4.728     13631488      1703936
       13312         1024           6.061     27262976      3407872
       13312         2048           8.056     54525952      6815744
       13312         4096           9.989    109051904     13631488
       13312         8192          16.340    218103808     27262976
       13312        16384          29.095    436207616     54525952
       13312        32768          55.133    872415232    109051904
       13312        65536         104.807   1744830464    218103808
       14336            1          31.108        28672         3584
       14336            2           4.719        57344         7168
       14336            4           4.568       114688        14336
       14336            8           6.422       229376        28672
       14336           16           4.639       458752        57344
       14336           32           5.160       917504       114688
       14336           64           4.749      1835008       229376
       14336          128           4.528      3670016       458752
       14336          256           4.548      7340032       917504
       14336          512           4.839     14680064      1835008
       14336         1024           6.402     29360128      3670016
       14336         2048           6.803     58720256      7340032
       14336         4096          11.031    117440512     14680064
       14336         8192          16.381    234881024     29360128
       14336        16384          28.904    469762048     58720256
       14336        32768          54.212    939524096    117440512
       14336        65536         105.017   1879048192    234881024
       15360            1           9.988        30720         3840
       15360            2           5.911        61440         7680
       15360            4           3.666       122880        15360
       15360            8           6.191       245760        30720
       15360           16           5.851       491520        61440
       15360           32           5.229       983040       122880
       15360           64           4.980      1966080       245760
       15360          128           8.025      3932160       491520
       15360          256           4.799      7864320       983040
       15360          512           5.841     15728640      1966080
       15360         1024          10.049     31457280      3932160
       15360         2048           7.534     62914560      7864320
       15360         4096          10.420    125829120     15728640
       15360         8192          16.772    251658240     31457280
       15360        16384          28.473    503316480     62914560
       15360        32768          54.483   1006632960    125829120
       15360        65536         104.826   2013265920    251658240
       16384            1          24.005        32768         4096
       16384            2           7.834        65536         8192
       16384            4          23.805       131072        16384
       16384            8           9.658       262144        32768
       16384           16          10.690       524288        65536
       16384           32           8.586      1048576       131072
       16384           64           6.482      2097152       262144
       16384          128           5.069      4194304       524288
       16384          256           8.896      8388608      1048576
       16384          512           5.640     16777216      2097152
       16384         1024           8.426     33554432      4194304
       16384         2048           8.727     67108864      8388608
       16384         4096          15.589    134217728     16777216
       16384         8192          24.576    268435456     33554432
       16384        16384          46.006    536870912     67108864
       16384        32768          86.592   1073741824    134217728
       16384        65536         167.965   2147483648    268435456
       17408            1          12.814        34816         4352
       17408            2          11.402        69632         8704
       17408            4          10.139       139264        17408
       17408            8           4.408       278528        34816
       17408           16           6.833       557056        69632
       17408           32           2.906      1114112       139264
       17408           64           5.090      2228224       278528
       17408          128           6.472      4456448       557056
       17408          256           4.599      8912896      1114112
       17408          512           7.093     17825792      2228224
       17408         1024           9.388     35651584      4456448
       17408         2048           9.277     71303168      8912896
       17408         4096          12.794    142606336     17825792
       17408         8192          24.697    285212672     35651584
       17408        16384          44.323    570425344     71303168
       17408        32768          85.620   1140850688    142606336
       17408        65536         167.744   2281701376    285212672
       18432            1          18.535        36864         4608
       18432            2           6.563        73728         9216
       18432            4           8.356       147456        18432
       18432            8           7.925       294912        36864
       18432           16           5.069       589824        73728
       18432           32           4.318      1179648       147456
       18432           64           6.512      2359296       294912
       18432          128           4.799      4718592       589824
       18432          256           7.795      9437184      1179648
       18432          512           5.239     18874368      2359296
       18432         1024           6.702     37748736      4718592
       18432         2048           9.769     75497472      9437184
       18432         4096          14.648    150994944     18874368
       18432         8192          23.905    301989888     37748736
       18432        16384          44.583    603979776     75497472
       18432        32768          85.299   1207959552    150994944
       18432        65536         167.634   2415919104    301989888
       19456            1          10.700        38912         4864
       19456            2           4.589        77824         9728
       19456            4           5.841       155648        19456
       19456            8           6.592       311296        38912
       19456           16           4.448       622592        77824
       19456           32           6.302      1245184       155648
       19456           64           4.248      2490368       311296
       19456          128           5.962      4980736       622592
       19456          256           5.060      9961472      1245184
       19456          512           5.971     19922944      2490368
       19456         1024           7.023     39845888      4980736
       19456         2048           9.056     79691776      9961472
       19456         4096          13.706    159383552     19922944
       19456         8192          23.965    318767104     39845888
       19456        16384          44.713    637534208     79691776
       19456        32768          85.410   1275068416    159383552
       19456        65536         167.864   2550136832    318767104
       20480            1          22.011        40960         5120
       20480            2           6.533        81920        10240
       20480            4           6.061       163840        20480
       20480            8           6.011       327680        40960
       20480           16           6.912       655360        81920
       20480           32           4.989      1310720       163840
       20480           64           6.412      2621440       327680
       20480          128           4.739      5242880       655360
       20480          256           5.350     10485760      1310720
       20480          512           5.330     20971520      2621440
       20480         1024           6.753     41943040      5242880
       20480         2048           9.107     83886080     10485760
       20480         4096          13.124    167772160     20971520
       20480         8192          21.631    335544320     41943040
       20480        16384          41.047    671088640     83886080
       20480        32768          68.688   1342177280    167772160
       20480        65536         184.936   2684354560    335544320
       22528            1           5.700        45056         5632
       22528            2           4.248        90112        11264
       22528            4           4.939       180224        22528
       22528            8           7.594       360448        45056
       22528           16           4.459       720896        90112
       22528           32           7.113      1441792       180224
       22528           64           5.069      2883584       360448
       22528          128           5.019      5767168       720896
       22528          256           4.158     11534336      1441792
       22528          512           5.561     23068672      2883584
       22528         1024           6.763     46137344      5767168
       22528         2048           8.837     92274688     11534336
       22528         4096          11.311    184549376     23068672
       22528         8192          27.241    369098752     46137344
       22528        16384          36.779    738197504     92274688
       22528        32768          66.835   1476395008    184549376
       24576            1          29.806        49152         6144
       24576            2           9.137        98304        12288
       24576            4           8.736       196608        24576
       24576            8          17.402       393216        49152
       24576           16          12.313       786432        98304
       24576           32          16.681      1572864       196608
       24576           64           8.156      3145728       393216
       24576          128           7.954      6291456       786432
       24576          256          10.239     12582912      1572864
       24576          512           8.886     25165824      3145728
       24576         1024          10.830     50331648      6291456
       24576         2048           9.718    100663296     12582912
       24576         4096          14.717    201326592     25165824
       24576         8192          24.416    402653184     50331648
       24576        16384          46.307    805306368    100663296
       24576        32768          88.305   1610612736    201326592
       26624            1          23.755        53248         6656
       26624            2          12.514       106496        13312
       26624            4          10.851       212992        26624
       26624            8          14.858       425984        53248
       26624           16          20.217       851968       106496
       26624           32           9.969      1703936       212992
       26624           64          11.221      3407872       425984
       26624          128           8.516      6815744       851968
       26624          256          11.041     13631488      1703936
       26624          512           5.911     27262976      3407872
       26624         1024           7.033     54525952      6815744
       26624         2048          12.213    109051904     13631488
       26624         4096          15.339    218103808     27262976
       26624         8192          23.234    436207616     54525952
       26624        16384          42.530    872415232    109051904
       26624        32768          79.599   1744830464    218103808
       28672            1           6.582        57344         7168
       28672            2          15.829       114688        14336
       28672            4          25.839       229376        28672
       28672            8           5.100       458752        57344
       28672           16          10.008       917504       114688
       28672           32          11.893      1835008       229376
       28672           64           9.618      3670016       458752
       28672          128          14.246      7340032       917504
       28672          256           5.750     14680064      1835008
       28672          512           4.889     29360128      3670016
       28672         1024          14.307     58720256      7340032
       28672         2048          14.197    117440512     14680064
       28672         4096          24.135    234881024     29360128
       28672         8192          32.120    469762048     58720256
       28672        16384          60.453    939524096    117440512
       28672        32768         116.518   1879048192    234881024
       30720            1           8.226        61440         7680
       30720            2          10.941       122880        15360
       30720            4           4.478       245760        30720
       30720            8          23.033       491520        61440
       30720           16           2.444       983040       122880
       30720           32          12.604      1966080       245760
       30720           64          16.411      3932160       491520
       30720          128          11.101      7864320       983040
       30720          256          14.538     15728640      1966080
       30720          512          16.110     31457280      3932160
       30720         1024          15.720     62914560      7864320
       30720         2048          12.674    125829120     15728640
       30720         4096          19.126    251658240     31457280
       30720         8192          28.193    503316480     62914560
       30720        16384          57.458   1006632960    125829120
       30720        32768         110.477   2013265920    251658240
       33792            1           7.654        67584         8448
       33792            2           4.068       135168        16896
       33792            4           4.799       270336        33792
       33792            8           6.061       540672        67584
       33792           16           4.930      1081344       135168
       33792           32           6.502      2162688       270336
       33792           64           4.498      4325376       540672
       33792          128          13.686      8650752      1081344
       33792          256          14.758     17301504      2162688
       33792          512          16.911     34603008      4325376
       33792         1024          18.765     69206016      8650752
       33792         2048          12.864    138412032     17301504
       33792         4096          31.028    276824064     34603008
       33792         8192          38.863    553648128     69206016
       33792        16384          61.525   1107296256    138412032
       33792        32768         117.099   2214592512    276824064
       36864            1           4.409        73728         9216
       36864            2           6.302       147456        18432
       36864            4          12.743       294912        36864
       36864            8           6.132       589824        73728
       36864           16           4.859      1179648       147456
       36864           32           6.262      2359296       294912
       36864           64           4.959      4718592       589824
       36864          128           5.521      9437184      1179648
       36864          256          11.392     18874368      2359296
       36864          512           6.121     37748736      4718592
       36864         1024           7.654     75497472      9437184
       36864         2048          18.946    150994944     18874368
       36864         4096          16.591    301989888     37748736
       36864         8192          29.916    603979776     75497472
       36864        16384          64.942   1207959552    150994944
       36864        32768         102.452   2415919104    301989888
       39936            1           6.633        79872         9984
       39936            2           5.290       159744        19968
       39936            4           5.130       319488        39936
       39936            8           6.522       638976        79872
       39936           16           5.009      1277952       159744
       39936           32           7.063      2555904       319488
       39936           64           5.029      5111808       638976
       39936          128           5.380     10223616      1277952
       39936          256           5.661     20447232      2555904
       39936          512           6.152     40894464      5111808
       39936         1024           8.326     81788928     10223616
       39936         2048          10.620    163577856     20447232
       39936         4096          16.251    327155712     40894464
       39936         8192          36.960    654311424     81788928
       39936        16384          65.924   1308622848    163577856
       39936        32768         105.508   2617245696    327155712
       43008            1          12.784        86016        10752
       43008            2           5.671       172032        21504
       43008            4           5.270       344064        43008
       43008            8           6.402       688128        86016
       43008           16           5.050      1376256       172032
       43008           32           6.182      2752512       344064
       43008           64           5.069      5505024       688128
       43008          128           5.320     11010048      1376256
       43008          256           6.663     22020096      2752512
       43008          512           5.901     44040192      5505024
       43008         1024         275.756     88080384     11010048
       43008         2048          21.280    176160768     22020096
       43008         4096          16.180    352321536     44040192
       43008         8192          29.655    704643072     88080384
       43008        16384          64.361   1409286144    176160768
       47104            1          15.489        94208        11776
       47104            2           5.420       188416        23552
       47104            4           6.683       376832        47104
       47104            8           4.338       753664        94208
       47104           16           5.560      1507328       188416
       47104           32          17.833      3014656       376832
       47104           64           6.612      6029312       753664
       47104          128           5.009     12058624      1507328
       47104          256           4.990     24117248      3014656
       47104          512           6.943     48234496      6029312
       47104         1024           8.216     96468992     12058624
       47104         2048          11.512    192937984     24117248
       47104         4096          16.932    385875968     48234496
       47104         8192          30.847    771751936     96468992
       47104        16384          54.703   1543503872    192937984
       51200            1          11.181       102400        12800
       51200            2           6.001       204800        25600
       51200            4           9.958       409600        51200
       51200            8           3.507       819200       102400
       51200           16           8.786      1638400       204800
       51200           32          10.059      3276800       409600
       51200           64          10.670      6553600       819200
       51200          128           6.532     13107200      1638400
       51200          256          11.822     26214400      3276800
       51200          512           9.488     52428800      6553600
       51200         1024          10.289    104857600     13107200
       51200         2048          11.712    209715200     26214400
       51200         4096          18.434    419430400     52428800
       51200         8192          33.423    838860800    104857600
       51200        16384          79.559   1677721600    209715200
       56320            1           4.498       112640        14080
       56320            2           7.484       225280        28160
       56320            4           3.747       450560        56320
       56320            8          11.051       901120       112640
       56320           16          10.680      1802240       225280
       56320           32          17.383      3604480       450560
       56320           64           9.117      7208960       901120
       56320          128          12.473     14417920      1802240
       56320          256          10.069     28835840      3604480
       56320          512           9.728     57671680      7208960
       56320         1024          10.149    115343360     14417920
       56320         2048          13.355    230686720     28835840
       56320         4096          22.783    461373440     57671680
       56320         8192          42.239    922746880    115343360
       56320        16384          79.309   1845493760    230686720
       61440            1          12.443       122880        15360
       61440            2           7.524       245760        30720
       61440            4          11.411       491520        61440
       61440            8          12.403       983040       122880
       61440           16          15.238      1966080       245760
       61440           32          12.243      3932160       491520
       61440           64          14.257      7864320       983040
       61440          128          11.702     15728640      1966080
       61440          256          10.770     31457280      3932160
       61440          512          10.109     62914560      7864320
       61440         1024          12.744    125829120     15728640
       61440         2048          15.760    251658240     31457280
       61440         4096          23.344    503316480     62914560
       61440         8192          55.384   1006632960    125829120
       61440        16384          88.496   2013265920    251658240
       67584            1           8.066       135168        16896
       67584            2           9.638       270336        33792
       67584            4          17.062       540672        67584
       67584            8          12.142      1081344       135168
       67584           16          18.975      2162688       270336
       67584           32           4.829      4325376       540672
       67584           64           5.109      8650752      1081344
       67584          128          13.635     17301504      2162688
       67584          256          21.089     34603008      4325376
       67584          512          12.673     69206016      8650752
       67584         1024          25.878    138412032     17301504
       67584         2048          19.186    276824064     34603008
       67584         4096          24.235    553648128     69206016
       67584         8192          39.895   1107296256    138412032
       67584        16384          76.213   2214592512    276824064
       73728            1           4.879       147456        18432
       73728            2           5.811       294912        36864
       73728            4           6.402       589824        73728
       73728            8           5.100      1179648       147456
       73728           16           7.845      2359296       294912
       73728           32           5.871      4718592       589824
       73728           64           4.899      9437184      1179648
       73728          128           6.112     18874368      2359296
       73728          256           5.691     37748736      4718592
       73728          512           7.824     75497472      9437184
       73728         1024          22.112    150994944     18874368
       73728         2048          24.897    301989888     37748736
       73728         4096          28.894    603979776     75497472
       73728         8192          51.145   1207959552    150994944
       73728        16384          90.339   2415919104    301989888
       80896            1          25.688       161792        20224
       80896            2           5.200       323584        40448
       80896            4           4.799       647168        80896
       80896            8          11.251      1294336       161792
       80896           16           4.899      2588672       323584
       80896           32           7.654      5177344       647168
       80896           64           5.159     10354688      1294336
       80896          128          16.571     20709376      2588672
       80896          256           5.780     41418752      5177344
       80896          512           6.763     82837504     10354688
       80896         1024          13.806    165675008     20709376
       80896         2048          25.057    331350016     41418752
       80896         4096          24.656    662700032     82837504
       80896         8192          45.375   1325400064    165675008
       80896        16384          86.332   2650800128    331350016
       88064            1           9.878       176128        22016
       88064            2           5.039       352256        44032
       88064            4           5.410       704512        88064
       88064            8           5.210      1409024       176128
       88064           16           6.582      2818048       352256
       88064           32           4.418      5636096       704512
       88064           64           6.552     11272192      1409024
       88064          128           5.550     22544384      2818048
       88064          256           5.981     45088768      5636096
       88064          512           6.893     90177536     11272192
       88064         1024           9.438    180355072     22544384
       88064         2048          15.499    360710144     45088768
       88064         4096          25.237    721420288     90177536
       88064         8192          46.878   1442840576    180355072
       96256            1          20.579       192512        24064
       96256            2           6.883       385024        48128
       96256            4           5.229       770048        96256
       96256            8           4.689      1540096       192512
       96256           16           6.522      3080192       385024
       96256           32           5.129      6160384       770048
       96256           64           7.153     12320768      1540096
       96256          128           4.899     24641536      3080192
       96256          256           7.594     49283072      6160384
       96256          512           7.855     98566144     12320768
       96256         1024          10.149    197132288     24641536
       96256         2048          16.301    394264576     49283072
       96256         4096          26.469    788529152     98566144
       96256         8192          49.833   1577058304    197132288
      105472            1          17.994       210944        26368
      105472            2           6.853       421888        52736
      105472            4           5.651       843776       105472
      105472            8           6.192      1687552       210944
      105472           16           5.440      3375104       421888
      105472           32           4.468      6750208       843776
      105472           64           5.931     13500416      1687552
      105472          128           5.320     27000832      3375104
      105472          256           6.041     54001664      6750208
      105472          512           7.954    108003328     13500416
      105472         1024          21.851    216006656     27000832
      105472         2048          15.879    432013312     54001664
      105472         4096          28.172    864026624    108003328
      105472         8192          51.557   1728053248    216006656
      115712            1          25.418       231424        28928
      115712            2           6.802       462848        57856
      115712            4           5.009       925696       115712
      115712            8           7.604      1851392       231424
      115712           16           5.420      3702784       462848
      115712           32           4.929      7405568       925696
      115712           64           4.989     14811136      1851392
      115712          128           5.661     29622272      3702784
      115712          256           6.513     59244544      7405568
      115712          512           7.374    118489088     14811136
      115712         1024          12.724    236978176     29622272
      115712         2048          21.941    473956352     59244544
      115712         4096          33.182    947912704    118489088
      115712         8192          56.807   1895825408    236978176
      126976            1          32.771       253952        31744
      126976            2           5.340       507904        63488
      126976            4           4.899      1015808       126976
      126976            8           8.015      2031616       253952
      126976           16           5.270      4063232       507904
      126976           32         652.412      8126464      1015808
      126976           64           4.348     16252928      2031616
      126976          128           5.791     32505856      4063232
      126976          256           6.613     65011712      8126464
      126976          512           8.666    130023424     16252928
      126976         1024          12.964    260046848     32505856
      126976         2048          19.416    520093696     65011712
      126976         4096          37.039   1040187392    130023424
      126976         8192          68.919   2080374784    260046848
      139264            1          30.246       278528        34816
      139264            2           4.929       557056        69632
      139264            4           5.460      1114112       139264
      139264            8           5.600      2228224       278528
      139264           16           4.709      4456448       557056
      139264           32           6.452      8912896      1114112
      139264           64           5.340     17825792      2228224
      139264          128           6.873     35651584      4456448
      139264          256           6.763     71303168      8912896
      139264          512           9.668    142606336     17825792
      139264         1024          13.225    285212672     35651584
      139264         2048          21.781    570425344     71303168
      139264         4096          39.084   1140850688    142606336
      139264         8192          73.908   2281701376    285212672
      152576            1          32.691       305152        38144
      152576            2           8.356       610304        76288
      152576            4           6.553      1220608       152576
      152576            8           7.334      2441216       305152
      152576           16           4.969      4882432       610304
      152576           32           5.259      9764864      1220608
      152576           64           7.494     19529728      2441216
      152576          128           6.131     39059456      4882432
      152576          256          11.662     78118912      9764864
      152576          512          10.990    156237824     19529728
      152576         1024          12.533    312475648     39059456
      152576         2048          23.434    624951296     78118912
      152576         4096          51.396   1249902592    156237824
      152576         8192          76.523   2499805184    312475648
      166912            1          32.341       333824        41728
      166912            2           5.561       667648        83456
      166912            4          20.469      1335296       166912
      166912            8          11.090      2670592       333824
      166912           16          12.303      5341184       667648
      166912           32          10.900     10682368      1335296
      166912           64           7.965     21364736      2670592
      166912          128           6.462     42729472      5341184
      166912          256           8.285     85458944     10682368
      166912          512          13.015    170917888     21364736
      166912         1024          21.040    341835776     42729472
      166912         2048          38.162    683671552     85458944
      166912         4096          72.786   1367343104    170917888
      183296            1           6.893       366592        45824
      183296            2           4.588       733184        91648
      183296            4           5.410      1466368       183296
      183296            8          14.107      2932736       366592
      183296           16          10.239      5865472       733184
      183296           32           8.225     11730944      1466368
      183296           64           5.550     23461888      2932736
      183296          128          19.557     46923776      5865472
      183296          256          28.553     93847552     11730944
      183296          512          16.551    187695104     23461888
      183296         1024          28.764    375390208     46923776
      183296         2048          51.357    750780416     93847552
      183296         4096          89.878   1501560832    187695104
      200704            1           5.700       401408        50176
      200704            2           6.522       802816       100352
      200704            4           4.859      1605632       200704
      200704            8           5.450      3211264       401408
      200704           16           5.330      6422528       802816
      200704           32           4.719     12845056      1605632
      200704           64          16.310     25690112      3211264
      200704          128           5.781     51380224      6422528
      200704          256           8.857    102760448     12845056
      200704          512          24.746    205520896     25690112
      200704         1024          27.842    411041792     51380224
      200704         2048          37.640    822083584    102760448
      200704         4096          55.665   1644167168    205520896
      220160            1          15.158       440320        55040
      220160            2           4.508       880640       110080
      220160            4           6.873      1761280       220160
      220160            8           4.659      3522560       440320
      220160           16           6.983      7045120       880640
      220160           32           5.510     14090240      1761280
      220160           64           5.510     28180480      3522560
      220160          128           5.671     56360960      7045120
      220160          256           7.514    112721920     14090240
      220160          512          10.730    225443840     28180480
      220160         1024          16.932    450887680     56360960
      220160         2048          28.714    901775360    112721920
      220160         4096         182.402   1803550720    225443840
      241664            1           8.817       483328        60416
      241664            2           5.080       966656       120832
      241664            4           5.280      1933312       241664
      241664            8           5.239      3866624       483328
      241664           16           4.979      7733248       966656
      241664           32           4.989     15466496      1933312
      241664           64           5.150     30932992      3866624
      241664          128           7.644     61865984      7733248
      241664          256           7.845    123731968     15466496
      241664          512          11.361    247463936     30932992
      241664         1024          18.294    494927872     61865984
      241664         2048          31.790    989855744    123731968
      241664         4096          58.881   1979711488    247463936
      265216            1           3.095       530432        66304
      265216            2           7.625      1060864       132608
      265216            4           5.190      2121728       265216
      265216            8           6.903      4243456       530432
      265216           16           5.791      8486912      1060864
      265216           32           5.100     16973824      2121728
      265216           64           4.428     33947648      4243456
      265216          128           6.592     67895296      8486912
      265216          256           8.747    135790592     16973824
      265216          512          12.013    271581184     33947648
      265216         1024          19.556    543162368     67895296
      265216         2048          32.831   1086324736    135790592
      265216         4096          62.828   2172649472    271581184
      290816            1          14.237       581632        72704
      290816            2           4.749      1163264       145408
      290816            4           7.034      2326528       290816
      290816            8           4.979      4653056       581632
      290816           16           6.142      9306112      1163264
      290816           32           5.240     18612224      2326528
      290816           64           6.562     37224448      4653056
      290816          128           7.123     74448896      9306112
      290816          256          11.332    148897792     18612224
      290816          512          14.347    297795584     37224448
      290816         1024          58.851    595591168     74448896
      290816         2048          38.121   1191182336    148897792
      290816         4096          73.658   2382364672    297795584
      319488            1          10.680       638976        79872
      319488            2          14.196      1277952       159744
      319488            4          18.395      2555904       319488
      319488            8          16.280      5111808       638976
      319488           16          12.353     10223616      1277952
      319488           32           4.919     20447232      2555904
      319488           64           9.698     40894464      5111808
      319488          128           9.437     81788928     10223616
      319488          256           8.817    163577856     20447232
      319488          512          14.447    327155712     40894464
      319488         1024          25.698    654311424     81788928
      319488         2048          40.075   1308622848    163577856
      319488         4096          75.792   2617245696    327155712
      351232            1           7.764       702464        87808
      351232            2          11.061      1404928       175616
      351232            4          10.790      2809856       351232
      351232            8          17.643      5619712       702464
      351232           16           7.855     11239424      1404928
      351232           32           7.795     22478848      2809856
      351232           64           8.846     44957696      5619712
      351232          128          14.417     89915392     11239424
      351232          256          13.735    179830784     22478848
      351232          512          17.493    359661568     44957696
      351232         1024          31.970    719323136     89915392
      351232         2048          45.265   1438646272    179830784
      386048            1           9.478       772096        96512
      386048            2           4.318      1544192       193024
      386048            4           5.059      3088384       386048
      386048            8           5.380      6176768       772096
      386048           16           5.220     12353536      1544192
      386048           32           5.590     24707072      3088384
      386048           64           5.951     49414144      6176768
      386048          128           9.387     98828288     12353536
      386048          256          10.118    197656576     24707072
      386048          512          19.367    395313152     49414144
      386048         1024          30.567    790626304     98828288
      386048         2048          53.109   1581252608    197656576
      423936            1          12.012       847872       105984
      423936            2           4.899      1695744       211968
      423936            4           6.061      3391488       423936
      423936            8           5.401      6782976       847872
      423936           16           6.763     13565952      1695744
      423936           32           5.460     27131904      3391488
      423936           64           6.282     54263808      6782976
      423936          128           8.035    108527616     13565952
      423936          256          13.976    217055232     27131904
      423936          512          20.779    434110464     54263808
      423936         1024          30.968    868220928    108527616
      423936         2048          56.616   1736441856    217055232
      465920            1          13.174       931840       116480
      465920            2           6.141      1863680       232960
      465920            4          10.540      3727360       465920
      465920            8          14.848      7454720       931840
      465920           16          10.420     14909440      1863680
      465920           32           5.731     29818880      3727360
      465920           64           9.237     59637760      7454720
      465920          128          11.312    119275520     14909440
      465920          256          14.417    238551040     29818880
      465920          512          18.345    477102080     59637760
      465920         1024          32.370    954204160    119275520
      465920         2048         445.304   1908408320    238551040
      512000            1          11.422      1024000       128000
      512000            2           6.061      2048000       256000
      512000            4           5.380      4096000       512000
      512000            8           8.516      8192000      1024000
      512000           16           5.400     16384000      2048000
      512000           32           5.600     32768000      4096000
      512000           64           7.684     65536000      8192000
      512000          128          37.230    131072000     16384000
      512000          256          11.913    262144000     32768000
      512000          512          25.237    524288000     65536000
      512000         1024          35.797   1048576000    131072000
      512000         2048          64.601   2097152000    262144000
      563200            1          13.715      1126400       140800
      563200            2          11.471      2252800       281600
      563200            4           9.869      4505600       563200
      563200            8           9.778      9011200      1126400
      563200           16          15.329     18022400      2252800
      563200           32           7.223     36044800      4505600
      563200           64          13.064     72089600      9011200
      563200          128          17.633    144179200     18022400
      563200          256          15.810    288358400     36044800
      563200          512          20.979    576716800     72089600
      563200         1024          37.501   1153433600    144179200
      563200         2048         615.864   2306867200    288358400
      619520            1          27.932      1239040       154880
      619520            2           5.199      2478080       309760
      619520            4           7.705      4956160       619520
      619520            8           5.451      9912320      1239040
      619520           16           7.414     19824640      2478080
      619520           32           5.881     39649280      4956160
      619520           64           7.363     79298560      9912320
      619520          128           8.485    158597120     19824640
      619520          256          13.105    317194240     39649280
      619520          512          23.595    634388480     79298560
      619520         1024          40.035   1268776960    158597120
      619520         2048          75.471   2537553920    317194240
      680960            1          20.147      1361920       170240
      680960            2           5.430      2723840       340480
      680960            4           5.159      5447680       680960
      680960            8           5.530     10895360      1361920
      680960           16           6.963     21790720      2723840
      680960           32           5.781     43581440      5447680
      680960           64           8.456     87162880     10895360
      680960          128           9.228    174325760     21790720
      680960          256          15.559    348651520     43581440
      680960          512          25.437    697303040     87162880
      680960         1024          45.906   1394606080    174325760
      748544            1          19.948      1497088       187136
      748544            2           4.880      2994176       374272
      748544            4           8.015      5988352       748544
      748544            8           5.451     11976704      1497088
      748544           16           7.304     23953408      2994176
      748544           32           5.751     47906816      5988352
      748544           64           7.534     95813632     11976704
      748544          128          10.289    191627264     23953408
      748544          256          14.867    383254528     47906816
      748544          512          27.632    766509056     95813632
      748544         1024          47.008   1533018112    191627264
      823296            1          34.785      1646592       205824
      823296            2          25.147      3293184       411648
      823296            4           7.944      6586368       823296
      823296            8           4.779     13172736      1646592
      823296           16           5.760     26345472      3293184
      823296           32           7.534     52690944      6586368
      823296           64           7.624    105381888     13172736
      823296          128          11.060    210763776     26345472
      823296          256          15.690    421527552     52690944
      823296          512          28.062    843055104    105381888
      823296         1024          50.325   1686110208    210763776
      905216            1         564.377      1810432       226304
      905216            2           5.410      3620864       452608
      905216            4           5.290      7241728       905216
      905216            8           5.941     14483456      1810432
      905216           16           5.330     28966912      3620864
      905216           32           7.123     57933824      7241728
      905216           64           8.185    115867648     14483456
      905216          128          11.181    231735296     28966912
      905216          256          16.712    463470592     57933824
      905216          512          29.214    926941184    115867648
      905216         1024          54.051   1853882368    231735296
      995328            1          25.749      1990656       248832
      995328            2           5.991      3981312       497664
      995328            4           4.969      7962624       995328
      995328            8           7.383     15925248      1990656
      995328           16           5.861     31850496      3981312
      995328           32           6.542     63700992      7962624
      995328           64           7.815    127401984     15925248
      995328          128          11.201    254803968     31850496
      995328          256          17.953    509607936     63700992
      995328          512          31.379   1019215872    127401984
      995328         1024          58.470   2038431744    254803968
     1094656            1          22.081      2189312       273664
     1094656            2           6.623      4378624       547328
     1094656            4           6.091      8757248      1094656
     1094656            8           6.022     17514496      2189312
     1094656           16           6.973     35028992      4378624
     1094656           32           6.162     70057984      8757248
     1094656           64          10.279    140115968     17514496
     1094656          128          11.882    280231936     35028992
     1094656          256          24.156    560463872     70057984
     1094656          512          33.773   1120927744    140115968
     1094656         1024          66.755   2241855488    280231936
     1203200            1          17.774      2406400       300800
     1203200            2           5.681      4812800       601600
     1203200            4           8.025      9625600      1203200
     1203200            8           5.551     19251200      2406400
     1203200           16           7.343     38502400      4812800
     1203200           32           6.552     77004800      9625600
     1203200           64           9.618    154009600     19251200
     1203200          128          12.684    308019200     38502400
     1203200          256          20.569    616038400     77004800
     1203200          512          36.097   1232076800    154009600
     1203200         1024          67.717   2464153600    308019200
     1323008            1          35.998      2646016       330752
     1323008            2          29.846      5292032       661504
     1323008            4           7.174     10584064      1323008
     1323008            8           5.461     21168128      2646016
     1323008           16           6.172     42336256      5292032
     1323008           32           6.733     84672512     10584064
     1323008           64           9.277    169345024     21168128
     1323008          128          13.646    338690048     42336256
     1323008          256          21.991    677380096     84672512
     1323008          512          56.135   1354760192    169345024
     1323008         1024          74.038   2709520384    338690048
     1455104            1          26.940      2910208       363776
     1455104            2           5.179      5820416       727552
     1455104            4           6.743     11640832      1455104
     1455104            8           6.221     23281664      2910208
     1455104           16           5.800     46563328      5820416
     1455104           32           8.166     93126656     11640832
     1455104           64           9.538    186253312     23281664
     1455104          128          15.309    372506624     46563328
     1455104          256          23.414    745013248     93126656
     1455104          512          62.237   1490026496    186253312
     1600512            1          31.699      3201024       400128
     1600512            2           5.260      6402048       800256
     1600512            4           8.335     12804096      1600512
     1600512            8           6.081     25608192      3201024
     1600512           16           8.546     51216384      6402048
     1600512           32           7.123    102432768     12804096
     1600512           64          10.029    204865536     25608192
     1600512          128          15.368    409731072     51216384
     1600512          256          25.708    819462144    102432768
     1600512          512          46.317   1638924288    204865536
     1760256            1          21.260      3520512       440064
     1760256            2           5.991      7041024       880128
     1760256            4           5.380     14082048      1760256
     1760256            8           7.524     28164096      3520512
     1760256           16           6.803     56328192      7041024
     1760256           32           8.847    112656384     14082048
     1760256           64          10.840    225312768     28164096
     1760256          128          15.980    450625536     56328192
     1760256          256          27.301    901251072    112656384
     1760256          512         596.647   1802502144    225312768
     1935360            1          21.740      3870720       483840
     1935360            2           5.039      7741440       967680
     1935360            4           7.864     15482880      1935360
     1935360            8           6.713     30965760      3870720
     1935360           16           6.973     61931520      7741440
     1935360           32           8.756    123863040     15482880
     1935360           64          10.920    247726080     30965760
     1935360          128          18.896    495452160     61931520
     1935360          256          29.576    990904320    123863040
     1935360          512          57.318   1981808640    247726080
     2128896            1         181.039      4257792       532224
     2128896            2           6.833      8515584      1064448
     2128896            4           9.888     17031168      2128896
     2128896            8           6.883     34062336      4257792
     2128896           16           7.564     68124672      8515584
     2128896           32           8.036    136249344     17031168
     2128896           64          12.975    272498688     34062336
     2128896          128          18.385    544997376     68124672
     2128896          256          32.491   1089994752    136249344
     2128896          512          58.640   2179989504    272498688
     2340864            1          35.697      4681728       585216
     2340864            2           6.342      9363456      1170432
     2340864            4           6.132     18726912      2340864
     2340864            8           7.805     37453824      4681728
     2340864           16           6.713     74907648      9363456
     2340864           32          10.780    149815296     18726912
     2340864           64          12.784    299630592     37453824
     2340864          128          20.198    599261184     74907648
     2340864          256          33.794   1198522368    149815296
     2340864          512          63.960   2397044736    299630592
     2574336            1          24.075      5148672       643584
     2574336            2           5.260     10297344      1287168
     2574336            4           7.614     20594688      2574336
     2574336            8           6.312     41189376      5148672
     2574336           16          10.049     82378752     10297344
     2574336           32           9.448    164757504     20594688
     2574336           64          13.345    329515008     41189376
     2574336          128          21.260    659030016     82378752
     2574336          256          37.069   1318060032    164757504
     2574336          512          69.871   2636120064    329515008
     2831360            1          29.315      5662720       707840
     2831360            2           7.254     11325440      1415680
     2831360            4           6.152     22650880      2831360
     2831360            8           6.843     45301760      5662720
     2831360           16           7.414     90603520     11325440
     2831360           32          10.089    181207040     22650880
     2831360           64          14.748    362414080     45301760
     2831360          128          24.246    724828160     90603520
     2831360          256          41.007   1449656320    181207040
     3113984            1          63.359      6227968       778496
     3113984            2           9.007     12455936      1556992
     3113984            4           6.512     24911872      3113984
     3113984            8           7.505     49823744      6227968
     3113984           16           8.586     99647488     12455936
     3113984           32          10.900    199294976     24911872
     3113984           64          18.154    398589952     49823744
     3113984          128          24.296    797179904     99647488
     3113984          256          46.377   1594359808    199294976
     3425280            1          25.287      6850560       856320
     3425280            2           6.262     13701120      1712640
     3425280            4          17.182     27402240      3425280
     3425280            8           6.983     54804480      6850560
     3425280           16           8.696    109608960     13701120
     3425280           32          10.961    219217920     27402240
     3425280           64          17.312    438435840     54804480
     3425280          128          27.852    876871680    109608960
     3425280          256          49.082   1753743360    219217920
     3767296            1          28.674      7534592       941824
     3767296            2           6.542     15069184      1883648
     3767296            4           6.171     30138368      3767296
     3767296            8           8.035     60276736      7534592
     3767296           16          10.670    120553472     15069184
     3767296           32          11.281    241106944     30138368
     3767296           64          19.476    482213888     60276736
     3767296          128          28.824    964427776    120553472
     3767296          256          52.738   1928855552    241106944
     4143104            1          59.421      8286208      1035776
     4143104            2           6.852     16572416      2071552
     4143104            4           6.652     33144832      4143104
     4143104            8           7.624     66289664      8286208
     4143104           16          12.914    132579328     16572416
     4143104           32          14.036    265158656     33144832
     4143104           64          19.356    530317312     66289664
     4143104          128          33.192   1060634624    132579328
     4143104          256          57.007   2121269248    265158656
     4556800            1          40.907      9113600      1139200
     4556800            2           7.003     18227200      2278400
     4556800            4          27.201     36454400      4556800
     4556800            8          11.201     72908800      9113600
     4556800           16          14.788    145817600     18227200
     4556800           32          12.563    291635200     36454400
     4556800           64          31.719    583270400     72908800
     4556800          128          35.637   1166540800    145817600
     4556800          256          65.082   2333081600    291635200
     5012480            1          21.801     10024960      1253120
     5012480            2           9.327     20049920      2506240
     5012480            4          10.830     40099840      5012480
     5012480            8          18.114     80199680     10024960
     5012480           16          19.716    160399360     20049920
     5012480           32          13.716    320798720     40099840
     5012480           64          25.568    641597440     80199680
     5012480          128          40.996   1283194880    160399360
     5012480          256          75.131   2566389760    320798720
     5513216            1          42.990     11026432      1378304
     5513216            2           7.584     22052864      2756608
     5513216            4           9.277     44105728      5513216
     5513216            8           8.766     88211456     11026432
     5513216           16          11.000    176422912     22052864
     5513216           32          15.479    352845824     44105728
     5513216           64          25.758    705691648     88211456
     5513216          128          44.263   1411383296    176422912
     6064128            1          48.781     12128256      1516032
     6064128            2           8.586     24256512      3032064
     6064128            4           8.576     48513024      6064128
     6064128            8          14.427     97026048     12128256
     6064128           16          14.346    194052096     24256512
     6064128           32          19.456    388104192     48513024
     6064128           64          25.829    776208384     97026048
     6064128          128          44.824   1552416768    194052096
     6670336            1          55.464     13340672      1667584
     6670336            2          12.453     26681344      3335168
     6670336            4          13.134     53362688      6670336
     6670336            8          16.260    106725376     13340672
     6670336           16          19.106    213450752     26681344
     6670336           32          26.349    426901504     53362688
     6670336           64          30.116    853803008    106725376
     6670336          128          47.118   1707606016    213450752
     7336960            1          94.306     14673920      1834240
     7336960            2          21.911     29347840      3668480
     7336960            4           8.536     58695680      7336960
     7336960            8          11.151    117391360     14673920
     7336960           16          12.623    234782720     29347840
     7336960           32          21.510    469565440     58695680
     7336960           64          34.645    939130880    117391360
     7336960          128          56.226   1878261760    234782720
     8070144            1          62.056     16140288      2017536
     8070144            2           7.794     32280576      4035072
     8070144            4          10.780     64561152      8070144
     8070144            8          10.670    129122304     16140288
     8070144           16          13.826    258244608     32280576
     8070144           32          19.717    516489216     64561152
     8070144           64          31.900   1032978432    129122304
     8070144          128          86.061   2065956864    258244608
     8877056            1          79.609     17754112      2219264
     8877056            2          10.590     35508224      4438528
     8877056            4           9.608     71016448      8877056
     8877056            8          13.074    142032896     17754112
     8877056           16          14.367    284065792     35508224
     8877056           32          21.109    568131584     71016448
     8877056           64          35.346   1136263168    142032896
     8877056          128          65.062   2272526336    284065792
     9763840            1          86.502     19527680      2440960
     9763840            2          10.760     39055360      4881920
     9763840            4          19.818     78110720      9763840
     9763840            8          10.990    156221440     19527680
     9763840           16          16.741    312442880     39055360
     9763840           32          21.941    624885760     78110720
     9763840           64          45.886   1249771520    156221440
     9763840          128          68.087   2499543040    312442880
    10739712            1          77.685     21479424      2684928
    10739712            2          11.492     42958848      5369856
    10739712            4          17.703     85917696     10739712
    10739712            8          15.749    171835392     21479424
    10739712           16          16.110    343670784     42958848
    10739712           32          26.500    687341568     85917696
    10739712           64          46.598   1374683136    171835392
    11812864            1          88.496     23625728      2953216
    11812864            2          10.730     47251456      5906432
    11812864            4          11.262     94502912     11812864
    11812864            8          13.225    189005824     23625728
    11812864           16          18.805    378011648     47251456
    11812864           32          27.923    756023296     94502912
    11812864           64          44.112   1512046592    189005824
    12993536            1         107.923     25987072      3248384
    12993536            2           9.598     51974144      6496768
    12993536            4          11.231    103948288     12993536
    12993536            8          16.090    207896576     25987072
    12993536           16          18.785    415793152     51974144
    12993536           32          30.577    831586304    103948288
    12993536           64         409.677   1663172608    207896576
    14291968            1         104.636     28583936      3572992
    14291968            2          11.532     57167872      7145984
    14291968            4          12.102    114335744     14291968
    14291968            8          14.768    228671488     28583936
    14291968           16          19.767    457342976     57167872
    14291968           32          32.882    914685952    114335744
    14291968           64          76.523   1829371904    228671488
    15720448            1         129.573     31440896      3930112
    15720448            2          19.026     62881792      7860224
    15720448            4          15.679    125763584     15720448
    15720448            8          23.184    251527168     31440896
    15720448           16          21.541    503054336     62881792
    15720448           32          34.605   1006108672    125763584
    15720448           64          57.939   2012217344    251527168
    17292288            1         131.557     34584576      4323072
    17292288            2          13.776     69169152      8646144
    17292288            4          13.786    138338304     17292288
    17292288            8          18.184    276676608     34584576
    17292288           16          23.424    553353216     69169152
    17292288           32          47.970   1106706432    138338304
    17292288           64          67.186   2213412864    276676608
    19020800            1         160.611     38041600      4755200
    19020800            2          13.265     76083200      9510400
    19020800            4          15.108    152166400     19020800
    19020800            8          17.974    304332800     38041600
    19020800           16          31.429    608665600     76083200
    19020800           32          40.256   1217331200    152166400
    19020800           64          73.278   2434662400    304332800
    20922368            1         192.650     41844736      5230592
    20922368            2          15.669     83689472     10461184
    20922368            4          17.943    167378944     20922368
    20922368            8          26.430    334757888     41844736
    20922368           16          27.852    669515776     83689472
    20922368           32          43.642   1339031552    167378944
    20922368           64          80.641   2678063104    334757888
    23014400            1         171.712     46028800      5753600
    23014400            2          15.138     92057600     11507200
    23014400            4          19.677    184115200     23014400
    23014400            8          36.930    368230400     46028800
    23014400           16          29.365    736460800     92057600
    23014400           32          46.657   1472921600    184115200
    25315328            1         194.765     50630656      6328832
    25315328            2          22.993    101261312     12657664
    25315328            4          19.486    202522624     25315328
    25315328            8          26.399    405045248     50630656
    25315328           16          32.220    810090496    101261312
    25315328           32          51.787   1620180992    202522624
    27846656            1         208.120     55693312      6961664
    27846656            2          20.037    111386624     13923328
    27846656            4          19.787    222773248     27846656
    27846656            8          24.466    445546496     55693312
    27846656           16          35.366    891092992    111386624
    27846656           32          62.067   1782185984    222773248
    30630912            1         229.600     61261824      7657728
    30630912            2          45.084    122523648     15315456
    30630912            4          21.130    245047296     30630912
    30630912            8          26.099    490094592     61261824
    30630912           16          38.191    980189184    122523648
    30630912           32          60.724   1960378368    245047296
    33693696            1         247.794     67387392      8423424
    33693696            2          25.908    134774784     16846848
    33693696            4          22.392    269549568     33693696
    33693696            8          31.609    539099136     67387392
    33693696           16          44.002   1078198272    134774784
    33693696           32          86.772   2156396544    269549568
    37062656            1         270.617     74125312      9265664
    37062656            2          30.818    148250624     18531328
    37062656            4          24.516    296501248     37062656
    37062656            8          31.469    593002496     74125312
    37062656           16          55.664   1186004992    148250624
    37062656           32          72.897   2372009984    296501248
    40768512            1         334.436     81537024     10192128
    40768512            2          31.659    163074048     20384256
    40768512            4          26.390    326148096     40768512
    40768512            8          37.520    652296192     81537024
    40768512           16          54.251   1304592384    163074048
    40768512           32          80.622   2609184768    326148096
    44845056            1         344.044     89690112     11211264
    44845056            2          42.850    179380224     22422528
    44845056            4          28.794    358760448     44845056
    44845056            8          43.141    717520896     89690112
    44845056           16          57.367   1435041792    179380224
    49329152            1         355.806     98658304     12332288
    49329152            2          51.095    197316608     24664576
    49329152            4          31.469    394633216     49329152
    49329152            8          89.468    789266432     98658304
    49329152           16          61.155   1578532864    197316608
    54261760            1         388.547    108523520     13565440
    54261760            2          77.194    217047040     27130880
    54261760            4          35.507    434094080     54261760
    54261760            8          45.916    868188160    108523520
    54261760           16          69.640   1736376320    217047040
    59687936            1         418.434    119375872     14921984
    59687936            2          69.280    238751744     29843968
    59687936            4          42.389    477503488     59687936
    59687936            8          51.467    955006976    119375872
    59687936           16          76.393   1910013952    238751744
    65655808            1         484.097    131311616     16413952
    65655808            2          86.602    262623232     32827904
    65655808            4          57.036    525246464     65655808
    65655808            8          69.641   1050492928    131311616
    65655808           16          95.489   2100985856    262623232
    72220672            1         534.842    144441344     18055168
    72220672            2         106.960    288882688     36110336
    72220672            4          71.384    577765376     72220672
    72220672            8          82.645   1155530752    144441344
    72220672           16         108.013   2311061504    288882688
    79441920            1         595.625    158883840     19860480
    79441920            2         131.206    317767680     39720960
    79441920            4          87.594    635535360     79441920
    79441920            8          98.654   1271070720    158883840
    79441920           16         131.175   2542141440    317767680
    87386112            1         641.662    174772224     21846528
    87386112            2         147.967    349544448     43693056
    87386112            4         105.387    699088896     87386112
    87386112            8         119.294   1398177792    174772224
    96123904            1         678.862    192247808     24030976
    96123904            2         204.523    384495616     48061952
    96123904            4         133.019    768991232     96123904
    96123904            8         150.522   1537982464    192247808
   105736192            1         735.338    211472384     26434048
   105736192            2         249.307    422944768     52868096
   105736192            4         152.155    845889536    105736192
   105736192            8         168.525   1691779072    211472384
   116308992            1         816.158    232617984     29077248
   116308992            2         239.068    465235968     58154496
   116308992            4         176.180    930471936    116308992
   116308992            8         194.725   1860943872    232617984
   127939584            1         885.348    255879168     31984896
   127939584            2         232.856    511758336     63969792
   127939584            4         193.934   1023516672    127939584
   127939584            8         216.325   2047033344    255879168
   140733440            1        1002.097    281466880     35183360
   140733440            2         263.153    562933760     70366720
   140733440            4         230.462   1125867520    140733440
   140733440            8         234.038   2251735040    281466880
   154806272            1        1109.078    309612544     38701568
   154806272            2         290.174    619225088     77403136
   154806272            4         246.271   1238450176    154806272
   154806272            8         272.481   2476900352    309612544
   170286080            1        1231.947    340572160     42571520
   170286080            2         332.522    681144320     85143040
   170286080            4         271.769   1362288640    170286080
   187314176            1        1476.216    374628352     46828544
   187314176            2         345.096    749256704     93657088
   187314176            4         277.160   1498513408    187314176
   206045184            1        1483.779    412090368     51511296
   206045184            2         362.599    824180736    103022592
   206045184            4         568.284   1648361472    206045184
   226649088            1        1598.093    453298176     56662272
   226649088            2         411.841    906596352    113324544
   226649088            4         333.835   1813192704    226649088
   249313280            1        1776.027    498626560     62328320
   249313280            2         404.167    997253120    124656640
   249313280            4         368.199   1994506240    249313280
   274244608            1        1959.120    548489216     68561152
   274244608            2         446.948   1096978432    137122304
   274244608            4         380.583   2193956864    274244608
   301668352            1        2171.608    603336704     75417088
   301668352            2         505.657   1206673408    150834176
   301668352            4         427.952   2413346816    301668352
   331834368            1        2344.171    663668736     82958592
   331834368            2         546.975   1327337472    165917184
   331834368            4         489.517   2654674944    331834368
   365017088            1        2626.219    730034176     91254272
   365017088            2         579.596   1460068352    182508544
   401518592            1        2836.473    803037184    100379648
   401518592            2         686.756   1606074368    200759296
   441669632            1        3111.107    883339264    110417408
   441669632            2         760.083   1766678528    220834816
   485835776            1        3441.446    971671552    121458944
   485835776            2        1034.788   1943343104    242917888
   534418432            1        3775.903   1068836864    133604608
   534418432            2        1635.904   2137673728    267209216
   587859968            1        4161.045   1175719936    146964992
   587859968            2        2868.072   2351439872    293929984
   646645760            1        4495.842   1293291520    161661440
   646645760            2        5495.454   2586583040    323322880
   711310336            1        5051.833   1422620672    177827584
   782440448            1        5420.944   1564880896    195610112
   860684288            1        5989.469   1721368576    215171072
   946752512            1        6571.409   1893505024    236688128
  1041427456            1        7231.015   2082854912    260356864
  1145569280            1        7969.839   2291138560    286392320
  1260126208            1        8707.881   2520252416    315031552

META_DATA
FLOPS          2
MPI_PROCS      128
ERT_VERSION  1.1.0
HOSTNAME  ('tcn299.local.snellius.surf.nl', [], ['172.18.57.53'])
UNAME  uname_result(system='Linux', node='tcn299.local.snellius.surf.nl', release='4.18.0-372.80.1.el8_6.x86_64', version='#1 SMP Fri Nov 3 14:30:16 EDT 2023', machine='x86_64', processor='x86_64')
TIMESTAMP_DATA  1707397186.0045593
CONFIG  {'ERT_RESULTS': ['Results.snellius.01'], 'ERT_DRIVER': ['driver1'], 'ERT_KERNEL': ['kernel1'], 'ERT_MPI': ['True'], 'ERT_MPI_CFLAGS': [], 'ERT_MPI_LDFLAGS': [], 'ERT_OPENMP': ['False'], 'ERT_OPENMP_CFLAGS': ['-fopenmp'], 'ERT_OPENMP_LDFLAGS': ['-fopenmp'], 'ERT_FLOPS': ['1,2,4,8,16,32'], 'ERT_ALIGN': ['32'], 'ERT_CC': ['mpic++'], 'ERT_CFLAGS': ['-Ofast', '-fargument-noalias', '-mavx2'], 'ERT_LD': ['mpic++'], 'ERT_LDFLAGS': [], 'ERT_LDLIBS': [], 'ERT_RUN': ['export', 'OMP_NUM_THREADS=ERT_OPENMP_THREADS;', 'mpirun', '-np', 'ERT_MPI_PROCS', 'ERT_CODE'], 'ERT_PROCS_THREADS': ['32,64,128'], 'ERT_MPI_PROCS': ['32,64,128'], 'ERT_OPENMP_THREADS': [], 'ERT_NUM_EXPERIMENTS': ['5'], 'ERT_MEMORY_MAX': ['1357905920'], 'ERT_WORKING_SET_MIN': ['1'], 'ERT_TRIALS_MIN': ['1'], 'ERT_GNUPLOT': ['gnuplot'], 'ERT_GPU': [False], 'ERT_HIP': [False], 'ERT_PRECISION': ['FP64'], 'ERT_OCL': [False], 'ERT_SYCL': [False], 'ERT_WSS_MULT': [1.1]}
