fp64
        1024            1        1113.927         2048          256
        1024            2           4.348         4096          512
        1024            4           5.710         8192         1024
        1024            8           4.699        16384         2048
        1024           16           9.067        32768         4096
        1024           32           6.402        65536         8192
        1024           64           4.869       131072        16384
        1024          128           5.249       262144        32768
        1024          256           4.389       524288        65536
        1024          512           4.929      1048576       131072
        1024         1024           5.070      2097152       262144
        1024         2048           7.324      4194304       524288
        1024         4096           7.023      8388608      1048576
        1024         8192           9.548     16777216      2097152
        1024        16384          14.397     33554432      4194304
        1024        32768          23.414     67108864      8388608
        1024        65536          42.410    134217728     16777216
        1024       131072          80.681    268435456     33554432
        1024       262144         161.793    536870912     67108864
        1024       524288         312.114   1073741824    134217728
        1024      1048576         631.894   2147483648    268435456
        2048            1          12.353         4096          512
        2048            2           4.909         8192         1024
        2048            4           5.811        16384         2048
        2048            8           4.548        32768         4096
        2048           16           4.389        65536         8192
        2048           32           5.100       131072        16384
        2048           64          15.018       262144        32768
        2048          128           4.739       524288        65536
        2048          256           4.468      1048576       131072
        2048          512           4.439      2097152       262144
        2048         1024           5.149      4194304       524288
        2048         2048           6.091      8388608      1048576
        2048         4096           6.382     16777216      2097152
        2048         8192           8.917     33554432      4194304
        2048        16384          13.996     67108864      8388608
        2048        32768          47.369    134217728     16777216
        2048        65536          42.279    268435456     33554432
        2048       131072          80.120    536870912     67108864
        2048       262144         155.612   1073741824    134217728
        2048       524288         312.906   2147483648    268435456
        3072            1          10.710         6144          768
        3072            2           4.659        12288         1536
        3072            4           5.420        24576         3072
        3072            8           4.849        49152         6144
        3072           16           4.959        98304        12288
        3072           32           5.811       196608        24576
        3072           64           4.318       393216        49152
        3072          128           5.160       786432        98304
        3072          256           5.520      1572864       196608
        3072          512           5.942      3145728       393216
        3072         1024           5.000      6291456       786432
        3072         2048           5.971     12582912      1572864
        3072         4096           7.343     25165824      3145728
        3072         8192           9.398     50331648      6291456
        3072        16384          14.026    100663296     12582912
        3072        32768          26.630    201326592     25165824
        3072        65536          42.991    402653184     50331648
        3072       131072          79.860    805306368    100663296
        3072       262144         205.444   1610612736    201326592
        4096            1           6.482         8192         1024
        4096            2           4.960        16384         2048
        4096            4           4.970        32768         4096
        4096            8           4.739        65536         8192
        4096           16           5.040       131072        16384
        4096           32           4.468       262144        32768
        4096           64           4.979       524288        65536
        4096          128           4.398      1048576       131072
        4096          256           5.691      2097152       262144
        4096          512           4.549      4194304       524288
        4096         1024           5.290      8388608      1048576
        4096         2048           5.180     16777216      2097152
        4096         4096           6.512     33554432      4194304
        4096         8192           8.476     67108864      8388608
        4096        16384          11.471    134217728     16777216
        4096        32768          17.102    268435456     33554432
        4096        65536          29.295    536870912     67108864
        4096       131072          56.696   1073741824    134217728
        4096       262144         154.770   2147483648    268435456
        5120            1          16.601        10240         1280
        5120            2           9.057        20480         2560
        5120            4           9.538        40960         5120
        5120            8           7.193        81920        10240
        5120           16           4.498       163840        20480
        5120           32           7.094       327680        40960
        5120           64           3.857       655360        81920
        5120          128           5.270      1310720       163840
        5120          256           4.618      2621440       327680
        5120          512           4.479      5242880       655360
        5120         1024           6.001     10485760      1310720
        5120         2048           5.220     20971520      2621440
        5120         4096           8.806     41943040      5242880
        5120         8192           8.916     83886080     10485760
        5120        16384          13.315    167772160     20971520
        5120        32768          24.746    335544320     41943040
        5120        65536          42.380    671088640     83886080
        5120       131072         104.345   1342177280    167772160
        5120       262144         160.971   2684354560    335544320
        6144            1           8.085        12288         1536
        6144            2           4.789        24576         3072
        6144            4          11.672        49152         6144
        6144            8           4.739        98304        12288
        6144           16           4.489       196608        24576
        6144           32           4.829       393216        49152
        6144           64           4.268       786432        98304
        6144          128           5.640      1572864       196608
        6144          256           4.578      3145728       393216
        6144          512           6.041      6291456       786432
        6144         1024           5.119     12582912      1572864
        6144         2048           6.131     25165824      3145728
        6144         4096           6.903     50331648      6291456
        6144         8192          10.279    100663296     12582912
        6144        16384          14.417    201326592     25165824
        6144        32768          23.364    402653184     50331648
        6144        65536          43.271    805306368    100663296
        6144       131072          79.740   1610612736    201326592
        7168            1          13.375        14336         1792
        7168            2           4.719        28672         3584
        7168            4           5.781        57344         7168
        7168            8           4.809       114688        14336
        7168           16           4.198       229376        28672
        7168           32           5.040       458752        57344
        7168           64           4.328       917504       114688
        7168          128           7.163      1835008       229376
        7168          256           4.989      3670016       458752
        7168          512           4.799      7340032       917504
        7168         1024           5.140     14680064      1835008
        7168         2048           5.440     29360128      3670016
        7168         4096           6.852     58720256      7340032
        7168         8192          10.089    117440512     14680064
        7168        16384          15.960    234881024     29360128
        7168        32768          28.964    469762048     58720256
        7168        65536          43.411    939524096    117440512
        7168       131072         125.555   1879048192    234881024
        8192            1           8.406        16384         2048
        8192            2           4.920        32768         4096
        8192            4           5.129        65536         8192
        8192            8           8.245       131072        16384
        8192           16           5.470       262144        32768
        8192           32           5.951       524288        65536
        8192           64           5.480      1048576       131072
        8192          128           5.671      2097152       262144
        8192          256           4.168      4194304       524288
        8192          512           5.450      8388608      1048576
        8192         1024           5.651     16777216      2097152
        8192         2048           5.811     33554432      4194304
        8192         4096           7.304     67108864      8388608
        8192         8192           9.338    134217728     16777216
        8192        16384          14.027    268435456     33554432
        8192        32768          24.025    536870912     67108864
        8192        65536          42.580   1073741824    134217728
        8192       131072          85.901   2147483648    268435456
        9216            1          18.014        18432         2304
        9216            2          31.539        36864         4608
        9216            4           8.065        73728         9216
        9216            8          13.825       147456        18432
        9216           16           8.476       294912        36864
        9216           32           4.539       589824        73728
        9216           64           6.772      1179648       147456
        9216          128           5.811      2359296       294912
        9216          256           5.951      4718592       589824
        9216          512           4.939      9437184      1179648
        9216         1024           5.780     18874368      2359296
        9216         2048           5.360     37748736      4718592
        9216         4096           7.664     75497472      9437184
        9216         8192           9.297    150994944     18874368
        9216        16384          14.026    301989888     37748736
        9216        32768          24.135    603979776     75497472
        9216        65536          42.189   1207959552    150994944
        9216       131072          80.822   2415919104    301989888
       10240            1          14.197        20480         2560
       10240            2           7.484        40960         5120
       10240            4           9.217        81920        10240
       10240            8           9.307       163840        20480
       10240           16           5.400       327680        40960
       10240           32           5.510       655360        81920
       10240           64           7.294      1310720       163840
       10240          128           4.418      2621440       327680
       10240          256           7.354      5242880       655360
       10240          512           4.599     10485760      1310720
       10240         1024           5.741     20971520      2621440
       10240         2048           6.482     41943040      5242880
       10240         4096           7.263     83886080     10485760
       10240         8192           9.487    167772160     20971520
       10240        16384          13.946    335544320     41943040
       10240        32768          29.275    671088640     83886080
       10240        65536          42.109   1342177280    167772160
       10240       131072          81.813   2684354560    335544320
       11264            1          39.274        22528         2816
       11264            2          23.454        45056         5632
       11264            4          10.520        90112        11264
       11264            8           9.318       180224        22528
       11264           16           6.873       360448        45056
       11264           32           4.438       720896        90112
       11264           64           8.055      1441792       180224
       11264          128           4.258      2883584       360448
       11264          256           7.134      5767168       720896
       11264          512           5.110     11534336      1441792
       11264         1024           5.350     23068672      2883584
       11264         2048           7.073     46137344      5767168
       11264         4096           6.913     92274688     11534336
       11264         8192          10.560    184549376     23068672
       11264        16384          13.725    369098752     46137344
       11264        32768          23.924    738197504     92274688
       11264        65536          42.680   1476395008    184549376
       12288            1           9.588        24576         3072
       12288            2           5.230        49152         6144
       12288            4           5.200        98304        12288
       12288            8           9.437       196608        24576
       12288           16           8.095       393216        49152
       12288           32          13.576       786432        98304
       12288           64           5.491      1572864       196608
       12288          128           8.556      3145728       393216
       12288          256          15.089      6291456       786432
       12288          512        3938.418     12582912      1572864
       12288         1024           6.793     25165824      3145728
       12288         2048           8.215     50331648      6291456
       12288         4096          11.351    100663296     12582912
       12288         8192          44.534    201326592     25165824
       12288        16384          29.836    402653184     50331648
       12288        32768          54.382    805306368    100663296
       12288        65536         105.949   1610612736    201326592
       13312            1          30.528        26624         3328
       13312            2           4.679        53248         6656
       13312            4           6.802       106496        13312
       13312            8           5.420       212992        26624
       13312           16           5.861       425984        53248
       13312           32           4.559       851968       106496
       13312           64           6.522      1703936       212992
       13312          128           4.609      3407872       425984
       13312          256           5.871      6815744       851968
       13312          512           5.811     13631488      1703936
       13312         1024           5.901     27262976      3407872
       13312         2048           8.215     54525952      6815744
       13312         4096          10.039    109051904     13631488
       13312         8192          17.322    218103808     27262976
       13312        16384          43.502    436207616     54525952
       13312        32768          54.963    872415232    109051904
       13312        65536         104.566   1744830464    218103808
       14336            1           4.959        28672         3584
       14336            2           5.190        57344         7168
       14336            4           5.971       114688        14336
       14336            8           6.973       229376        28672
       14336           16           6.061       458752        57344
       14336           32           5.120       917504       114688
       14336           64           5.380      1835008       229376
       14336          128           4.789      3670016       458752
       14336          256           5.470      7340032       917504
       14336          512           4.749     14680064      1835008
       14336         1024           6.883     29360128      3670016
       14336         2048           7.434     58720256      7340032
       14336         4096          10.860    117440512     14680064
       14336         8192          16.471    234881024     29360128
       14336        16384          30.567    469762048     58720256
       14336        32768          55.193    939524096    117440512
       14336        65536         105.077   1879048192    234881024
       15360            1          12.323        30720         3840
       15360            2           4.438        61440         7680
       15360            4           7.964       122880        15360
       15360            8           4.698       245760        30720
       15360           16           6.422       491520        61440
       15360           32           4.318       983040       122880
       15360           64           5.801      1966080       245760
       15360          128           5.490      3932160       491520
       15360          256           4.308      7864320       983040
       15360          512           6.802     15728640      1966080
       15360         1024           5.511     31457280      3932160
       15360         2048           7.965     62914560      7864320
       15360         4096          10.039    125829120     15728640
       15360         8192          17.282    251658240     31457280
       15360        16384          28.072    503316480     62914560
       15360        32768          54.923   1006632960    125829120
       15360        65536         104.246   2013265920    251658240
       16384            1          10.820        32768         4096
       16384            2           6.783        65536         8192
       16384            4           4.508       131072        16384
       16384            8           5.620       262144        32768
       16384           16           4.358       524288        65536
       16384           32           4.829      1048576       131072
       16384           64           4.869      2097152       262144
       16384          128           4.518      4194304       524288
       16384          256           5.200      8388608      1048576
       16384          512           5.911     16777216      2097152
       16384         1024           8.035     33554432      4194304
       16384         2048           8.676     67108864      8388608
       16384         4096          16.000    134217728     16777216
       16384         8192          24.205    268435456     33554432
       16384        16384          44.734    536870912     67108864
       16384        32768          85.571   1073741824    134217728
       16384        65536         167.905   2147483648    268435456
       17408            1          17.643        34816         4352
       17408            2           5.010        69632         8704
       17408            4           7.374       139264        17408
       17408            8           5.631       278528        34816
       17408           16           6.032       557056        69632
       17408           32           6.362      1114112       139264
       17408           64           4.919      2228224       278528
       17408          128           5.741      4456448       557056
       17408          256           4.559      8912896      1114112
       17408          512           7.304     17825792      2228224
       17408         1024           7.173     35651584      4456448
       17408         2048           8.807     71303168      8912896
       17408         4096           9.528    142606336     17825792
       17408         8192          18.515    285212672     35651584
       17408        16384          26.660    570425344     71303168
       17408        32768          48.862   1140850688    142606336
       17408        65536          93.765   2281701376    285212672
       18432            1           8.796        36864         4608
       18432            2           5.450        73728         9216
       18432            4           4.769       147456        18432
       18432            8           5.120       294912        36864
       18432           16           4.188       589824        73728
       18432           32           4.569      1179648       147456
       18432           64           5.710      2359296       294912
       18432          128           4.488      4718592       589824
       18432          256           6.903      9437184      1179648
       18432          512           5.140     18874368      2359296
       18432         1024           6.222     37748736      4718592
       18432         2048           8.035     75497472      9437184
       18432         4096           9.849    150994944     18874368
       18432         8192          14.738    301989888     37748736
       18432        16384          25.708    603979776     75497472
       18432        32768          47.799   1207959552    150994944
       18432        65536          92.022   2415919104    301989888
       19456            1          17.814        38912         4864
       19456            2           5.240        77824         9728
       19456            4           5.490       155648        19456
       19456            8           6.502       311296        38912
       19456           16           5.009       622592        77824
       19456           32           5.741      1245184       155648
       19456           64           4.217      2490368       311296
       19456          128           6.021      4980736       622592
       19456          256           4.989      9961472      1245184
       19456          512           5.551     19922944      2490368
       19456         1024           5.701     39845888      4980736
       19456         2048           8.236     79691776      9961472
       19456         4096          11.070    159383552     19922944
       19456         8192          17.844    318767104     39845888
       19456        16384          42.640    637534208     79691776
       19456        32768          60.694   1275068416    159383552
       19456        65536         117.500   2550136832    318767104
       20480            1           4.689        40960         5120
       20480            2           4.959        81920        10240
       20480            4           4.910       163840        20480
       20480            8           5.170       327680        40960
       20480           16           6.392       655360        81920
       20480           32           4.448      1310720       163840
       20480           64           6.282      2621440       327680
       20480          128           4.949      5242880       655360
       20480          256           4.970     10485760      1310720
       20480          512           5.551     20971520      2621440
       20480         1024           6.201     41943040      5242880
       20480         2048           8.997     83886080     10485760
       20480         4096          12.474    167772160     20971520
       20480         8192          20.919    335544320     41943040
       20480        16384          67.105    671088640     83886080
       20480        32768          68.609   1342177280    167772160
       20480        65536         130.535   2684354560    335544320
       22528            1           8.536        45056         5632
       22528            2           4.328        90112        11264
       22528            4           4.799       180224        22528
       22528            8           8.145       360448        45056
       22528           16           5.250       720896        90112
       22528           32           5.320      1441792       180224
       22528           64           8.286      2883584       360448
       22528          128           6.292      5767168       720896
       22528          256           4.989     11534336      1441792
       22528          512           5.410     23068672      2883584
       22528         1024           6.863     46137344      5767168
       22528         2048          10.760     92274688     11534336
       22528         4096          17.563    184549376     23068672
       22528         8192          31.829    369098752     46137344
       22528        16384          60.523    738197504     92274688
       22528        32768          87.313   1476395008    184549376
       24576            1          35.086        49152         6144
       24576            2           5.380        98304        12288
       24576            4           5.260       196608        24576
       24576            8           6.011       393216        49152
       24576           16           9.999       786432        98304
       24576           32           6.913      1572864       196608
       24576           64           6.392      3145728       393216
       24576          128           5.440      6291456       786432
       24576          256           5.060     12582912      1572864
       24576          512           5.951     25165824      3145728
       24576         1024           6.071     50331648      6291456
       24576         2048           7.794    100663296     12582912
       24576         4096          12.613    201326592     25165824
       24576         8192          20.899    402653184     50331648
       24576        16384          33.362    805306368    100663296
       24576        32768          61.315   1610612736    201326592
       26624            1          27.171        53248         6656
       26624            2           4.458       106496        13312
       26624            4           4.629       212992        26624
       26624            8           6.782       425984        53248
       26624           16           4.378       851968       106496
       26624           32           6.862      1703936       212992
       26624           64           4.678      3407872       425984
       26624          128           5.150      6815744       851968
       26624          256           5.611     13631488      1703936
       26624          512           5.861     27262976      3407872
       26624         1024           6.723     54525952      6815744
       26624         2048          10.740    109051904     13631488
       26624         4096          15.910    218103808     27262976
       26624         8192          23.975    436207616     54525952
       26624        16384          44.774    872415232    109051904
       26624        32768          79.849   1744830464    218103808
       28672            1           6.071        57344         7168
       28672            2           5.671       114688        14336
       28672            4           4.970       229376        28672
       28672            8           6.832       458752        57344
       28672           16           5.210       917504       114688
       28672           32           7.234      1835008       229376
       28672           64           4.708      3670016       458752
       28672          128           4.970      7340032       917504
       28672          256           4.398     14680064      1835008
       28672          512           6.262     29360128      3670016
       28672         1024           8.265     58720256      7340032
       28672         2048          10.730    117440512     14680064
       28672         4096         685.124    234881024     29360128
       28672         8192          33.884    469762048     58720256
       28672        16384          63.429    939524096    117440512
       28672        32768         115.957   1879048192    234881024
       30720            1          10.970        61440         7680
       30720            2           4.919       122880        15360
       30720            4           5.600       245760        30720
       30720            8           6.993       491520        61440
       30720           16           4.839       983040       122880
       30720           32           5.570      1966080       245760
       30720           64           4.539      3932160       491520
       30720          128           6.031      7864320       983040
       30720          256           5.490     15728640      1966080
       30720          512           6.251     31457280      3932160
       30720         1024           7.864     62914560      7864320
       30720         2048          11.040    125829120     15728640
       30720         4096          19.496    251658240     31457280
       30720         8192          33.583    503316480     62914560
       30720        16384          71.394   1006632960    125829120
       30720        32768          95.619   2013265920    251658240
       33792            1          10.891        67584         8448
       33792            2           4.739       135168        16896
       33792            4           4.839       270336        33792
       33792            8           5.881       540672        67584
       33792           16           4.799      1081344       135168
       33792           32           5.691      2162688       270336
       33792           64           4.688      4325376       540672
       33792          128           4.849      8650752      1081344
       33792          256           5.480     17301504      2162688
       33792          512           6.061     34603008      4325376
       33792         1024           7.274     69206016      8650752
       33792         2048          11.531    138412032     17301504
       33792         4096          18.414    276824064     34603008
       33792         8192          32.661    553648128     69206016
       33792        16384          62.056   1107296256    138412032
       33792        32768         117.801   2214592512    276824064
       36864            1          10.299        73728         9216
       36864            2           5.180       147456        18432
       36864            4           5.480       294912        36864
       36864            8           7.013       589824        73728
       36864           16           4.639      1179648       147456
       36864           32           6.222      2359296       294912
       36864           64           5.640      4718592       589824
       36864          128           4.950      9437184      1179648
       36864          256           5.621     18874368      2359296
       36864          512           6.563     37748736      4718592
       36864         1024           7.754     75497472      9437184
       36864         2048          11.231    150994944     18874368
       36864         4096          18.234    301989888     37748736
       36864         8192          32.100    603979776     75497472
       36864        16384          60.624   1207959552    150994944
       36864        32768         117.169   2415919104    301989888
       39936            1           5.180        79872         9984
       39936            2           6.212       159744        19968
       39936            4           4.919       319488        39936
       39936            8           5.901       638976        79872
       39936           16           4.398      1277952       159744
       39936           32           6.172      2555904       319488
       39936           64           5.691      5111808       638976
       39936          128          11.963     10223616      1277952
       39936          256           4.619     20447232      2555904
       39936          512           5.761     40894464      5111808
       39936         1024           7.014     81788928     10223616
       39936         2048          11.060    163577856     20447232
       39936         4096          17.793    327155712     40894464
       39936         8192          30.928    654311424     81788928
       39936        16384          58.239   1308622848    163577856
       39936        32768         111.429   2617245696    327155712
       43008            1       19552.625        86016        10752
       43008            2           6.231       172032        21504
       43008            4           4.659       344064        43008
       43008            8           7.694       688128        86016
       43008           16           4.599      1376256       172032
       43008           32           5.340      2752512       344064
       43008           64           5.300      5505024       688128
       43008          128           5.100     11010048      1376256
       43008          256           5.971     22020096      2752512
       43008          512           5.931     44040192      5505024
       43008         1024           7.414     88080384     11010048
       43008         2048          10.319    176160768     22020096
       43008         4096          17.533    352321536     44040192
       43008         8192          28.704    704643072     88080384
       43008        16384          52.990   1409286144    176160768
       47104            1           7.634        94208        11776
       47104            2           5.249       188416        23552
       47104            4           4.789       376832        47104
       47104            8           4.839       753664        94208
       47104           16           6.402      1507328       188416
       47104           32           4.268      3014656       376832
       47104           64           7.344      6029312       753664
       47104          128           5.109     12058624      1507328
       47104          256           5.230     24117248      3014656
       47104          512           6.693     48234496      6029312
       47104         1024           7.554     96468992     12058624
       47104         2048          11.431    192937984     24117248
       47104         4096          17.042    385875968     48234496
       47104         8192          33.453    771751936     96468992
       47104        16384          54.813   1543503872    192937984
       51200            1          15.609       102400        12800
       51200            2           4.789       204800        25600
       51200            4           4.999       409600        51200
       51200            8           4.689       819200       102400
       51200           16           5.119      1638400       204800
       51200           32           6.552      3276800       409600
       51200           64           5.069      6553600       819200
       51200          128           6.532     13107200      1638400
       51200          256           5.481     26214400      3276800
       51200          512           6.262     52428800      6553600
       51200         1024           9.077    104857600     13107200
       51200         2048          11.882    209715200     26214400
       51200         4096          19.256    419430400     52428800
       51200         8192          34.805    838860800    104857600
       51200        16384          63.999   1677721600    209715200
       56320            1          32.341       112640        14080
       56320            2           5.551       225280        28160
       56320            4           5.370       450560        56320
       56320            8           4.999       901120       112640
       56320           16           3.316      1802240       225280
       56320           32           4.538      3604480       450560
       56320           64           5.670      7208960       901120
       56320          128           4.749     14417920      1802240
       56320          256           7.314     28835840      3604480
       56320          512           6.221     57671680      7208960
       56320         1024          10.319    115343360     14417920
       56320         2048          13.255    230686720     28835840
       56320         4096          22.442    461373440     57671680
       56320         8192          41.257    922746880    115343360
       56320        16384          76.503   1845493760    230686720
       61440            1          26.169       122880        15360
       61440            2           5.060       245760        30720
       61440            4           6.111       491520        61440
       61440            8           5.681       983040       122880
       61440           16           6.212      1966080       245760
       61440           32           5.089      3932160       491520
       61440           64           4.458      7864320       983040
       61440          128           5.680     15728640      1966080
       61440          256           8.236     31457280      3932160
       61440          512           7.494     62914560      7864320
       61440         1024           9.117    125829120     15728640
       61440         2048          14.697    251658240     31457280
       61440         4096          24.806    503316480     62914560
       61440         8192          44.123   1006632960    125829120
       61440        16384          83.666   2013265920    251658240
       67584            1          32.651       135168        16896
       67584            2           6.703       270336        33792
       67584            4           5.080       540672        67584
       67584            8           7.374      1081344       135168
       67584           16           5.080      2162688       270336
       67584           32           5.120      4325376       540672
       67584           64           4.598      8650752      1081344
       67584          128           4.679     17301504      2162688
       67584          256           5.651     34603008      4325376
       67584          512           6.983     69206016      8650752
       67584         1024           9.848    138412032     17301504
       67584         2048          12.663    276824064     34603008
       67584         4096          21.941    553648128     69206016
       67584         8192          39.403   1107296256    138412032
       67584        16384          77.085   2214592512    276824064
       73728            1         132.819       147456        18432
       73728            2           4.639       294912        36864
       73728            4           8.356       589824        73728
       73728            8           4.859      1179648       147456
       73728           16           5.811      2359296       294912
       73728           32           6.232      4718592       589824
       73728           64           4.859      9437184      1179648
       73728          128           6.452     18874368      2359296
       73728          256           5.871     37748736      4718592
       73728          512           7.474     75497472      9437184
       73728         1024           9.608    150994944     18874368
       73728         2048          15.379    301989888     37748736
       73728         4096          25.799    603979776     75497472
       73728         8192          48.000   1207959552    150994944
       73728        16384          90.420   2415919104    301989888
       80896            1          17.282       161792        20224
       80896            2           4.659       323584        40448
       80896            4           4.799       647168        80896
       80896            8           8.035      1294336       161792
       80896           16           4.849      2588672       323584
       80896           32           5.450      5177344       647168
       80896           64           4.929     10354688      1294336
       80896          128           5.200     20709376      2588672
       80896          256           5.360     41418752      5177344
       80896          512           6.793     82837504     10354688
       80896         1024           9.939    165675008     20709376
       80896         2048          15.018    331350016     41418752
       80896         4096          27.061    662700032     82837504
       80896         8192          48.591   1325400064    165675008
       80896        16384          93.325   2650800128    331350016
       88064            1          40.185       176128        22016
       88064            2           4.869       352256        44032
       88064            4           6.051       704512        88064
       88064            8           5.580      1409024       176128
       88064           16           8.115      2818048       352256
       88064           32           4.829      5636096       704512
       88064           64           5.821     11272192      1409024
       88064          128           5.299     22544384      2818048
       88064          256           6.312     45088768      5636096
       88064          512           7.755     90177536     11272192
       88064         1024          11.161    180355072     22544384
       88064         2048          17.182    360710144     45088768
       88064         4096          31.639    721420288     90177536
       88064         8192          81.573   1442840576    180355072
       96256            1          10.500       192512        24064
       96256            2           5.520       385024        48128
       96256            4           7.444       770048        96256
       96256            8           5.681      1540096       192512
       96256           16           7.524      3080192       385024
       96256           32           4.639      6160384       770048
       96256           64           7.164     12320768      1540096
       96256          128           4.809     24641536      3080192
       96256          256           6.773     49283072      6160384
       96256          512           7.875     98566144     12320768
       96256         1024          11.662    197132288     24641536
       96256         2048          17.653    394264576     49283072
       96256         4096          32.942    788529152     98566144
       96256         8192          62.197   1577058304    197132288
      105472            1          14.367       210944        26368
      105472            2          18.534       421888        52736
      105472            4           6.452       843776       105472
      105472            8           4.359      1687552       210944
      105472           16           6.683      3375104       421888
      105472           32           4.899      6750208       843776
      105472           64           8.536     13500416      1687552
      105472          128           5.480     27000832      3375104
      105472          256           7.184     54001664      6750208
      105472          512           7.555    108003328     13500416
      105472         1024          12.774    216006656     27000832
      105472         2048          18.325    432013312     54001664
      105472         4096          33.904    864026624    108003328
      105472         8192          64.140   1728053248    216006656
      115712            1          97.984       231424        28928
      115712            2           6.552       462848        57856
      115712            4           5.209       925696       115712
      115712            8           6.101      1851392       231424
      115712           16           4.829      3702784       462848
      115712           32           5.791      7405568       925696
      115712           64          10.079     14811136      1851392
      115712          128           9.358     29622272      3702784
      115712          256          16.020     59244544      7405568
      115712          512          18.465    118489088     14811136
      115712         1024          16.531    236978176     29622272
      115712         2048          30.107    473956352     59244544
      115712         4096          35.036    947912704    118489088
      115712         8192          69.440   1895825408    236978176
      126976            1           8.536       253952        31744
      126976            2           8.225       507904        63488
      126976            4           4.668      1015808       126976
      126976            8           7.675      2031616       253952
      126976           16           4.839      4063232       507904
      126976           32           6.513      8126464      1015808
      126976           64           4.950     16252928      2031616
      126976          128           7.003     32505856      4063232
      126976          256           7.654     65011712      8126464
      126976          512           9.107    130023424     16252928
      126976         1024          13.084    260046848     32505856
      126976         2048          21.150    520093696     65011712
      126976         4096          39.935   1040187392    130023424
      126976         8192         106.069   2080374784    260046848
      139264            1          12.173       278528        34816
      139264            2           4.789       557056        69632
      139264            4           5.009      1114112       139264
      139264            8           3.877      2228224       278528
      139264           16           4.759      4456448       557056
      139264           32           6.612      8912896      1114112
      139264           64           5.450     17825792      2228224
      139264          128           6.402     35651584      4456448
      139264          256           6.923     71303168      8912896
      139264          512           9.278    142606336     17825792
      139264         1024          13.515    285212672     35651584
      139264         2048          22.783    570425344     71303168
      139264         4096          57.728   1140850688    142606336
      139264         8192          79.448   2281701376    285212672
      152576            1          20.158       305152        38144
      152576            2           8.426       610304        76288
      152576            4          25.949      1220608       152576
      152576            8          12.995      2441216       305152
      152576           16          11.161      4882432       610304
      152576           32           4.839      9764864      1220608
      152576           64           7.875     19529728      2441216
      152576          128           6.713     39059456      4882432
      152576          256          11.541     78118912      9764864
      152576          512          11.291    156237824     19529728
      152576         1024          15.980    312475648     39059456
      152576         2048          27.572    624951296     78118912
      152576         4096          51.857   1249902592    156237824
      152576         8192          98.034   2499805184    312475648
      166912            1          18.615       333824        41728
      166912            2          10.219       667648        83456
      166912            4          10.109      1335296       166912
      166912            8          11.432      2670592       333824
      166912           16           9.728      5341184       667648
      166912           32           5.991     10682368      1335296
      166912           64           8.696     21364736      2670592
      166912          128           6.963     42729472      5341184
      166912          256          12.844     85458944     10682368
      166912          512          13.956    170917888     21364736
      166912         1024          21.500    341835776     42729472
      166912         2048          40.376    683671552     85458944
      166912         4096          71.685   1367343104    170917888
      183296            1          11.662       366592        45824
      183296            2           4.859       733184        91648
      183296            4           8.075      1466368       183296
      183296            8           6.592      2932736       366592
      183296           16           4.809      5865472       733184
      183296           32           6.562     11730944      1466368
      183296           64           5.971     23461888      2932736
      183296          128           9.007     46923776      5865472
      183296          256           9.278     93847552     11730944
      183296          512          16.120    187695104     23461888
      183296         1024          25.087    375390208     46923776
      183296         2048          46.026    750780416     93847552
      183296         4096         805.979   1501560832    187695104
      200704            1          14.216       401408        50176
      200704            2           5.541       802816       100352
      200704            4           5.380      1605632       200704
      200704            8           5.219      3211264       401408
      200704           16           4.509      6422528       802816
      200704           32           4.969     12845056      1605632
      200704           64           5.810     25690112      3211264
      200704          128           5.671     51380224      6422528
      200704          256           8.827    102760448     12845056
      200704          512          10.640    205520896     25690112
      200704         1024          16.651    411041792     51380224
      200704         2048          28.243    822083584    102760448
      200704         4096          53.570   1644167168    205520896
      220160            1          14.317       440320        55040
      220160            2           7.184       880640       110080
      220160            4           7.293      1761280       220160
      220160            8           9.327      3522560       440320
      220160           16          28.093      7045120       880640
      220160           32          11.492     14090240      1761280
      220160           64          13.566     28180480      3522560
      220160          128          16.511     56360960      7045120
      220160          256          24.166    112721920     14090240
      220160          512          20.578    225443840     28180480
      220160         1024          21.410    450887680     56360960
      220160         2048          32.481    901775360    112721920
      220160         4096          56.856   1803550720    225443840
      241664            1          10.390       483328        60416
      241664            2           5.180       966656       120832
      241664            4           3.537      1933312       241664
      241664            8           6.472      3866624       483328
      241664           16          18.545      7733248       966656
      241664           32           6.102     15466496      1933312
      241664           64           7.424     30932992      3866624
      241664          128          16.121     61865984      7733248
      241664          256          13.515    123731968     15466496
      241664          512          19.126    247463936     30932992
      241664         1024          22.813    494927872     61865984
      241664         2048         256.160    989855744    123731968
      241664         4096          61.826   1979711488    247463936
      265216            1          12.063       530432        66304
      265216            2           7.234      1060864       132608
      265216            4           4.879      2121728       265216
      265216            8           7.915      4243456       530432
      265216           16           3.676      8486912      1060864
      265216           32          10.550     16973824      2121728
      265216           64          13.134     33947648      4243456
      265216          128           7.113     67895296      8486912
      265216          256          17.933    135790592     16973824
      265216          512          14.507    271581184     33947648
      265216         1024          41.247    543162368     67895296
      265216         2048          38.041   1086324736    135790592
      265216         4096          71.554   2172649472    271581184
      290816            1           9.999       581632        72704
      290816            2           4.779      1163264       145408
      290816            4           6.462      2326528       290816
      290816            8           5.160      4653056       581632
      290816           16           7.985      9306112      1163264
      290816           32           5.110     18612224      2326528
      290816           64           6.742     37224448      4653056
      290816          128           6.783     74448896      9306112
      290816          256           9.097    148897792     18612224
      290816          512          14.437    297795584     37224448
      290816         1024          30.357    595591168     74448896
      290816         2048          45.875   1191182336    148897792
      290816         4096          89.187   2382364672    297795584
      319488            1           8.385       638976        79872
      319488            2           4.388      1277952       159744
      319488            4           5.290      2555904       319488
      319488            8           5.500      5111808       638976
      319488           16           5.090     10223616      1277952
      319488           32           6.512     20447232      2555904
      319488           64           5.300     40894464      5111808
      319488          128           9.227     81788928     10223616
      319488          256          10.931    163577856     20447232
      319488          512          16.801    327155712     40894464
      319488         1024          28.524    654311424     81788928
      319488         2048          41.207   1308622848    163577856
      319488         4096          78.928   2617245696    327155712
      351232            1          41.768       702464        87808
      351232            2           6.923      1404928       175616
      351232            4           4.839      2809856       351232
      351232            8           7.324      5619712       702464
      351232           16           5.470     11239424      1404928
      351232           32           5.279     22478848      2809856
      351232           64           6.332     44957696      5619712
      351232          128           6.843     89915392     11239424
      351232          256           8.426    179830784     22478848
      351232          512          15.990    359661568     44957696
      351232         1024          26.399    719323136     89915392
      351232         2048          47.959   1438646272    179830784
      386048            1           8.646       772096        96512
      386048            2           5.601      1544192       193024
      386048            4           6.893      3088384       386048
      386048            8           5.681      6176768       772096
      386048           16           5.340     12353536      1544192
      386048           32           7.194     24707072      3088384
      386048           64           6.162     49414144      6176768
      386048          128           8.887     98828288     12353536
      386048          256          10.861    197656576     24707072
      386048          512          17.012    395313152     49414144
      386048         1024          29.034    790626304     98828288
      386048         2048          54.402   1581252608    197656576
      423936            1          27.852       847872       105984
      423936            2           4.659      1695744       211968
      423936            4           6.713      3391488       423936
      423936            8           5.731      6782976       847872
      423936           16           7.083     13565952      1695744
      423936           32           5.490     27131904      3391488
      423936           64           5.861     54263808      6782976
      423936          128           7.615    108527616     13565952
      423936          256          11.040    217055232     27131904
      423936          512          18.475    434110464     54263808
      423936         1024          29.996    868220928    108527616
      423936         2048          56.857   1736441856    217055232
      465920            1          12.163       931840       116480
      465920            2           6.532      1863680       232960
      465920            4           5.290      3727360       465920
      465920            8           5.601      7454720       931840
      465920           16           7.054     14909440      1863680
      465920           32           5.470     29818880      3727360
      465920           64           8.676     59637760      7454720
      465920          128           8.155    119275520     14909440
      465920          256          11.651    238551040     29818880
      465920          512          18.084    477102080     59637760
      465920         1024          32.521    954204160    119275520
      465920         2048          60.553   1908408320    238551040
      512000            1          29.535      1024000       128000
      512000            2           5.440      2048000       256000
      512000            4           5.089      4096000       512000
      512000            8           8.346      8192000      1024000
      512000           16           8.055     16384000      2048000
      512000           32           5.660     32768000      4096000
      512000           64           5.801     65536000      8192000
      512000          128           8.627    131072000     16384000
      512000          256          12.484    262144000     32768000
      512000          512          19.777    524288000     65536000
      512000         1024          35.366   1048576000    131072000
      512000         2048          68.889   2097152000    262144000
      563200            1          14.517      1126400       140800
      563200            2           5.150      2252800       281600
      563200            4           5.099      4505600       563200
      563200            8           7.353      9011200      1126400
      563200           16           5.040     18022400      2252800
      563200           32           7.664     36044800      4505600
      563200           64           6.472     72089600      9011200
      563200          128           8.996    144179200     18022400
      563200          256          12.503    288358400     36044800
      563200          512          21.390    576716800     72089600
      563200         1024          36.969   1153433600    144179200
      563200         2048          71.264   2306867200    288358400
      619520            1          26.239      1239040       154880
      619520            2           5.320      2478080       309760
      619520            4           6.863      4956160       619520
      619520            8           5.791      9912320      1239040
      619520           16           5.670     19824640      2478080
      619520           32           5.710     39649280      4956160
      619520           64           6.832     79298560      9912320
      619520          128           9.067    158597120     19824640
      619520          256          13.165    317194240     39649280
      619520          512          22.321    634388480     79298560
      619520         1024          39.685   1268776960    158597120
      619520         2048          76.563   2537553920    317194240
      680960            1          21.560      1361920       170240
      680960            2           6.493      2723840       340480
      680960            4           5.230      5447680       680960
      680960            8           5.390     10895360      1361920
      680960           16           5.150     21790720      2723840
      680960           32           5.781     43581440      5447680
      680960           64           7.895     87162880     10895360
      680960          128           9.578    174325760     21790720
      680960          256          15.660    348651520     43581440
      680960          512          23.694    697303040     87162880
      680960         1024          43.121   1394606080    174325760
      748544            1          41.998      1497088       187136
      748544            2           4.789      2994176       374272
      748544            4           7.153      5988352       748544
      748544            8           5.580     11976704      1497088
      748544           16           7.454     23953408      2994176
      748544           32           6.132     47906816      5988352
      748544           64           8.285     95813632     11976704
      748544          128          11.011    191627264     23953408
      748544          256          14.868    383254528     47906816
      748544          512          24.486    766509056     95813632
      748544         1024          49.723   1533018112    191627264
      823296            1         366.897      1646592       205824
      823296            2           4.689      3293184       411648
      823296            4           6.543      6586368       823296
      823296            8           5.230     13172736      1646592
      823296           16           6.182     26345472      3293184
      823296           32           6.492     52690944      6586368
      823296           64           6.993    105381888     13172736
      823296          128          10.821    210763776     26345472
      823296          256          15.909    421527552     52690944
      823296          512          29.164    843055104    105381888
      823296         1024          49.332   1686110208    210763776
      905216            1          36.529      1810432       226304
      905216            2           5.149      3620864       452608
      905216            4           5.531      7241728       905216
      905216            8           5.400     14483456      1810432
      905216           16           5.400     28966912      3620864
      905216           32           6.512     57933824      7241728
      905216           64           8.005    115867648     14483456
      905216          128          14.538    231735296     28966912
      905216          256          16.832    463470592     57933824
      905216          512          28.924    926941184    115867648
      905216         1024          56.015   1853882368    231735296
      995328            1          30.918      1990656       248832
      995328            2           6.472      3981312       497664
      995328            4           5.019      7962624       995328
      995328            8           6.712     15925248      1990656
      995328           16           5.700     31850496      3981312
      995328           32           6.823     63700992      7962624
      995328           64           8.055    127401984     15925248
      995328          128          12.082    254803968     31850496
      995328          256          19.356    509607936     63700992
      995328          512          31.289   1019215872    127401984
      995328         1024          59.121   2038431744    254803968
     1094656            1          23.895      2189312       273664
     1094656            2           6.332      4378624       547328
     1094656            4           5.661      8757248      1094656
     1094656            8           5.902     17514496      2189312
     1094656           16           7.084     35028992      4378624
     1094656           32           6.653     70057984      8757248
     1094656           64           9.819    140115968     17514496
     1094656          128          11.862    280231936     35028992
     1094656          256          20.900    560463872     70057984
     1094656          512          34.114   1120927744    140115968
     1094656         1024         654.957   2241855488    280231936
     1203200            1          37.801      2406400       300800
     1203200            2           5.881      4812800       601600
     1203200            4           6.913      9625600      1203200
     1203200            8          14.457     19251200      2406400
     1203200           16           7.083     38502400      4812800
     1203200           32           5.661     77004800      9625600
     1203200           64          10.920    154009600     19251200
     1203200          128          12.814    308019200     38502400
     1203200          256          20.689    616038400     77004800
     1203200          512          36.278   1232076800    154009600
     1203200         1024          67.917   2464153600    308019200
     1323008            1          15.709      2646016       330752
     1323008            2           4.829      5292032       661504
     1323008            4           7.634     10584064      1323008
     1323008            8          12.364     21168128      2646016
     1323008           16          25.868     42336256      5292032
     1323008           32           5.982     84672512     10584064
     1323008           64          24.806    169345024     21168128
     1323008          128          24.145    338690048     42336256
     1323008          256         166.983    677380096     84672512
     1323008          512          41.107   1354760192    169345024
     1323008         1024          73.969   2709520384    338690048
     1455104            1          20.318      2910208       363776
     1455104            2           5.240      5820416       727552
     1455104            4           6.182     11640832      1455104
     1455104            8           6.082     23281664      2910208
     1455104           16          11.702     46563328      5820416
     1455104           32           7.844     93126656     11640832
     1455104           64          20.799    186253312     23281664
     1455104          128          20.959    372506624     46563328
     1455104          256          33.292    745013248     93126656
     1455104          512          66.184   1490026496    186253312
     1600512            1          27.001      3201024       400128
     1600512            2           6.031      6402048       800256
     1600512            4           8.125     12804096      1600512
     1600512            8           5.550     25608192      3201024
     1600512           16           6.702     51216384      6402048
     1600512           32           7.825    102432768     12804096
     1600512           64          12.173    204865536     25608192
     1600512          128          19.397    409731072     51216384
     1600512          256          25.869    819462144    102432768
     1600512          512          60.744   1638924288    204865536
     1760256            1          19.216      3520512       440064
     1760256            2           7.564      7041024       880128
     1760256            4           6.001     14082048      1760256
     1760256            8           7.274     28164096      3520512
     1760256           16           6.342     56328192      7041024
     1760256           32           8.035    112656384     14082048
     1760256           64          10.539    225312768     28164096
     1760256          128          16.611    450625536     56328192
     1760256          256          28.904    901251072    112656384
     1760256          512          51.546   1802502144    225312768
     1935360            1          36.288      3870720       483840
     1935360            2           5.911      7741440       967680
     1935360            4           9.889     15482880      1935360
     1935360            8           6.522     30965760      3870720
     1935360           16           6.843     61931520      7741440
     1935360           32           9.418    123863040     15482880
     1935360           64          11.161    247726080     30965760
     1935360          128          22.833    495452160     61931520
     1935360          256          33.022    990904320    123863040
     1935360          512          57.257   1981808640    247726080
     2128896            1          28.323      4257792       532224
     2128896            2           6.753      8515584      1064448
     2128896            4           6.271     17031168      2128896
     2128896            8           6.683     34062336      4257792
     2128896           16           7.283     68124672      8515584
     2128896           32           9.137    136249344     17031168
     2128896           64          12.523    272498688     34062336
     2128896          128          18.715    544997376     68124672
     2128896          256          32.551   1089994752    136249344
     2128896          512          61.516   2179989504    272498688
     2340864            1          25.247      4681728       585216
     2340864            2           6.562      9363456      1170432
     2340864            4           6.031     18726912      2340864
     2340864            8           7.204     37453824      4681728
     2340864           16           6.863     74907648      9363456
     2340864           32          10.940    149815296     18726912
     2340864           64          12.584    299630592     37453824
     2340864          128          20.769    599261184     74907648
     2340864          256          34.525   1198522368    149815296
     2340864          512          63.870   2397044736    299630592
     2574336            1        3962.131      5148672       643584
     2574336            2           5.971     10297344      1287168
     2574336            4           6.813     20594688      2574336
     2574336            8           5.730     41189376      5148672
     2574336           16           8.116     82378752     10297344
     2574336           32           9.167    164757504     20594688
     2574336           64          14.006    329515008     41189376
     2574336          128          21.410    659030016     82378752
     2574336          256          37.440   1318060032    164757504
     2574336          512          69.541   2636120064    329515008
     2831360            1          24.416      5662720       707840
     2831360            2           8.716     11325440      1415680
     2831360            4           6.643     22650880      2831360
     2831360            8           7.003     45301760      5662720
     2831360           16           8.156     90603520     11325440
     2831360           32          10.370    181207040     22650880
     2831360           64          14.588    362414080     45301760
     2831360          128          22.993    724828160     90603520
     2831360          256          41.257   1449656320    181207040
     3113984            1          37.520      6227968       778496
     3113984            2           9.548     12455936      1556992
     3113984            4           6.893     24911872      3113984
     3113984            8           9.257     49823744      6227968
     3113984           16          10.369     99647488     12455936
     3113984           32          10.289    199294976     24911872
     3113984           64          17.323    398589952     49823744
     3113984          128          24.707    797179904     99647488
     3113984          256          45.205   1594359808    199294976
     3425280            1          32.872      6850560       856320
     3425280            2           7.575     13701120      1712640
     3425280            4          26.360     27402240      3425280
     3425280            8           7.574     54804480      6850560
     3425280           16           7.935    109608960     13701120
     3425280           32          10.610    219217920     27402240
     3425280           64          16.882    438435840     54804480
     3425280          128          26.260    876871680    109608960
     3425280          256          49.072   1753743360    219217920
     3767296            1          34.364      7534592       941824
     3767296            2          12.062     15069184      1883648
     3767296            4          15.530     30138368      3767296
     3767296            8           8.386     60276736      7534592
     3767296           16           9.217    120553472     15069184
     3767296           32          15.189    241106944     30138368
     3767296           64          33.894    482213888     60276736
     3767296          128          34.194    964427776    120553472
     3767296          256          54.412   1928855552    241106944
     4143104            1          39.614      8286208      1035776
     4143104            2           7.083     16572416      2071552
     4143104            4           7.324     33144832      4143104
     4143104            8           7.715     66289664      8286208
     4143104           16          11.451    132579328     16572416
     4143104           32          12.533    265158656     33144832
     4143104           64          19.827    530317312     66289664
     4143104          128          31.539   1060634624    132579328
     4143104          256          57.468   2121269248    265158656
     4556800            1          33.854      9113600      1139200
     4556800            2           7.233     18227200      2278400
     4556800            4           8.617     36454400      4556800
     4556800            8           8.275     72908800      9113600
     4556800           16          10.420    145817600     18227200
     4556800           32          12.804    291635200     36454400
     4556800           64          20.599    583270400     72908800
     4556800          128          33.973   1166540800    145817600
     4556800          256          62.637   2333081600    291635200
     5012480            1          46.908     10024960      1253120
     5012480            2          11.151     20049920      2506240
     5012480            4          16.881     40099840      5012480
     5012480            8          16.812     80199680     10024960
     5012480           16          22.683    160399360     20049920
     5012480           32          22.863    320798720     40099840
     5012480           64          36.839    641597440     80199680
     5012480          128          40.406   1283194880    160399360
     5012480          256          72.907   2566389760    320798720
     5513216            1          45.335     11026432      1378304
     5513216            2          12.644     22052864      2756608
     5513216            4          19.486     44105728      5513216
     5513216            8           8.806     88211456     11026432
     5513216           16          10.950    176422912     22052864
     5513216           32          14.748    352845824     44105728
     5513216           64          23.354    705691648     88211456
     5513216          128          48.942   1411383296    176422912
     6064128            1          57.738     12128256      1516032
     6064128            2          12.263     24256512      3032064
     6064128            4           8.396     48513024      6064128
     6064128            8          10.540     97026048     12128256
     6064128           16          10.480    194052096     24256512
     6064128           32          17.583    388104192     48513024
     6064128           64          25.177    776208384     97026048
     6064128          128          43.562   1552416768    194052096
     6670336            1          50.344     13340672      1667584
     6670336            2           8.305     26681344      3335168
     6670336            4           9.548     53362688      6670336
     6670336            8           9.458    106725376     13340672
     6670336           16          13.225    213450752     26681344
     6670336           32          17.884    426901504     53362688
     6670336           64          27.401    853803008    106725376
     6670336          128          47.950   1707606016    213450752
     7336960            1          59.000     14673920      1834240
     7336960            2          11.782     29347840      3668480
     7336960            4           9.027     58695680      7336960
     7336960            8          10.730    117391360     14673920
     7336960           16          12.132    234782720     29347840
     7336960           32          19.957    469565440     58695680
     7336960           64          29.866    939130880    117391360
     7336960          128         124.934   1878261760    234782720
     8070144            1          64.180     16140288      2017536
     8070144            2          11.171     32280576      4035072
     8070144            4           9.708     64561152      8070144
     8070144            8          10.419    129122304     16140288
     8070144           16          14.437    258244608     32280576
     8070144           32          20.739    516489216     64561152
     8070144           64          32.211   1032978432    129122304
     8070144          128          56.025   2065956864    258244608
     8877056            1          66.675     17754112      2219264
     8877056            2          11.211     35508224      4438528
     8877056            4           9.748     71016448      8877056
     8877056            8          12.594    142032896     17754112
     8877056           16          14.327    284065792     35508224
     8877056           32          21.320    568131584     71016448
     8877056           64          34.926   1136263168    142032896
     8877056          128          63.599   2272526336    284065792
     9763840            1          75.111     19527680      2440960
     9763840            2          11.502     39055360      4881920
     9763840            4          11.873     78110720      9763840
     9763840            8          12.203    156221440     19527680
     9763840           16          16.070    312442880     39055360
     9763840           32          22.292    624885760     78110720
     9763840           64          37.450   1249771520    156221440
     9763840          128          66.685   2499543040    312442880
    10739712            1          80.430     21479424      2684928
    10739712            2          12.844     42958848      5369856
    10739712            4          11.101     85917696     10739712
    10739712            8          13.826    171835392     21479424
    10739712           16          17.452    343670784     42958848
    10739712           32          24.677    687341568     85917696
    10739712           64          40.786   1374683136    171835392
    11812864            1         103.664     23625728      2953216
    11812864            2          12.013     47251456      5906432
    11812864            4          16.240     94502912     11812864
    11812864            8          48.040    189005824     23625728
    11812864           16          16.140    378011648     47251456
    11812864           32          39.795    756023296     94502912
    11812864           64          45.565   1512046592    189005824
    12993536            1          91.952     25987072      3248384
    12993536            2          10.680     51974144      6496768
    12993536            4          15.489    103948288     12993536
    12993536            8          24.566    207896576     25987072
    12993536           16          23.063    415793152     51974144
    12993536           32          30.147    831586304    103948288
    12993536           64          48.661   1663172608    207896576
    14291968            1          99.847     28583936      3572992
    14291968            2          11.963     57167872      7145984
    14291968            4          12.513    114335744     14291968
    14291968            8          15.759    228671488     28583936
    14291968           16          20.148    457342976     57167872
    14291968           32          32.692    914685952    114335744
    14291968           64          52.759   1829371904    228671488
    15720448            1         122.069     31440896      3930112
    15720448            2         355.025     62881792      7860224
    15720448            4          25.819    125763584     15720448
    15720448            8          15.700    251527168     31440896
    15720448           16          22.823    503054336     62881792
    15720448           32          34.705   1006108672    125763584
    15720448           64          57.438   2012217344    251527168
    17292288            1         133.169     34584576      4323072
    17292288            2          12.994     69169152      8646144
    17292288            4          14.697    138338304     17292288
    17292288            8          17.422    276676608     34584576
    17292288           16          24.887    553353216     69169152
    17292288           32          36.679   1106706432    138338304
    17292288           64          62.147   2213412864    276676608
    19020800            1         139.151     38041600      4755200
    19020800            2          13.204     76083200      9510400
    19020800            4          15.149    152166400     19020800
    19020800            8          18.926    304332800     38041600
    19020800           16          26.179    608665600     76083200
    19020800           32          40.366   1217331200    152166400
    19020800           64          68.238   2434662400    304332800
    20922368            1         167.333     41844736      5230592
    20922368            2          14.878     83689472     10461184
    20922368            4          17.703    167378944     20922368
    20922368            8          19.777    334757888     41844736
    20922368           16          27.942    669515776     83689472
    20922368           32          44.263   1339031552    167378944
    20922368           64          75.381   2678063104    334757888
    23014400            1         184.796     46028800      5753600
    23014400            2          15.108     92057600     11507200
    23014400            4          17.262    184115200     23014400
    23014400            8          23.083    368230400     46028800
    23014400           16          33.422    736460800     92057600
    23014400           32          47.348   1472921600    184115200
    25315328            1         188.724     50630656      6328832
    25315328            2          26.379    101261312     12657664
    25315328            4         124.804    202522624     25315328
    25315328            8          25.187    405045248     50630656
    25315328           16          36.378    810090496    101261312
    25315328           32          56.196   1620180992    202522624
    27846656            1         208.070     55693312      6961664
    27846656            2          18.876    111386624     13923328
    27846656            4          19.286    222773248     27846656
    27846656            8          24.807    445546496     55693312
    27846656           16          36.017    891092992    111386624
    27846656           32          56.185   1782185984    222773248
    30630912            1         221.424     61261824      7657728
    30630912            2          19.126    122523648     15315456
    30630912            4          21.159    245047296     30630912
    30630912            8          26.299    490094592     61261824
    30630912           16          38.422    980189184    122523648
    30630912           32          61.626   1960378368    245047296
    33693696            1         275.897     67387392      8423424
    33693696            2          29.365    134774784     16846848
    33693696            4          22.563    269549568     33693696
    33693696            8          30.086    539099136     67387392
    33693696           16          40.847   1078198272    134774784
    33693696           32          67.356   2156396544    269549568
    37062656            1         269.996     74125312      9265664
    37062656            2          26.400    148250624     18531328
    37062656            4          25.398    296501248     37062656
    37062656            8          46.236    593002496     74125312
    37062656           16          46.838   1186004992    148250624
    37062656           32          88.746   2372009984    296501248
    40768512            1         287.849     81537024     10192128
    40768512            2          28.393    163074048     20384256
    40768512            4          26.940    326148096     40768512
    40768512            8          34.194    652296192     81537024
    40768512           16          62.377   1304592384    163074048
    40768512           32          83.657   2609184768    326148096
    44845056            1         314.680     89690112     11211264
    44845056            2          38.111    179380224     22422528
    44845056            4          29.215    358760448     44845056
    44845056            8          37.771    717520896     89690112
    44845056           16          70.221   1435041792    179380224
    49329152            1         348.473     98658304     12332288
    49329152            2          44.142    197316608     24664576
    49329152            4          31.900    394633216     49329152
    49329152            8          41.618    789266432     98658304
    49329152           16          59.301   1578532864    197316608
    54261760            1         426.448    108523520     13565440
    54261760            2          62.747    217047040     27130880
    54261760            4          39.855    434094080     54261760
    54261760            8          50.224    868188160    108523520
    54261760           16          69.470   1736376320    217047040
    59687936            1         466.123    119375872     14921984
    59687936            2          76.112    238751744     29843968
    59687936            4          60.072    477503488     59687936
    59687936            8          62.047    955006976    119375872
    59687936           16          83.366   1910013952    238751744
    65655808            1         475.160    131311616     16413952
    65655808            2          93.075    262623232     32827904
    65655808            4          56.326    525246464     65655808
    65655808            8          69.420   1050492928    131311616
    65655808           16          96.781   2100985856    262623232
    72220672            1         544.269    144441344     18055168
    72220672            2         109.736    288882688     36110336
    72220672            4          70.612    577765376     72220672
    72220672            8          83.246   1155530752    144441344
    72220672           16         109.695   2311061504    288882688
    79441920            1        1061.969    158883840     19860480
    79441920            2         129.733    317767680     39720960
    79441920            4          89.708    635535360     79441920
    79441920            8        1754.035   1271070720    158883840
    79441920           16         137.828   2542141440    317767680
    87386112            1         626.875    174772224     21846528
    87386112            2         152.986    349544448     43693056
    87386112            4         109.094    699088896     87386112
    87386112            8         127.839   1398177792    174772224
    96123904            1        1024.519    192247808     24030976
    96123904            2         180.919    384495616     48061952
    96123904            4         134.843    768991232     96123904
    96123904            8         224.801   1537982464    192247808
   105736192            1         770.954    211472384     26434048
   105736192            2         209.011    422944768     52868096
   105736192            4         484.688    845889536    105736192
   105736192            8         170.289   1691779072    211472384
   116308992            1        1135.537    232617984     29077248
   116308992            2         233.788    465235968     58154496
   116308992            4         180.107    930471936    116308992
   116308992            8         478.497   1860943872    232617984
   127939584            1         894.746    255879168     31984896
   127939584            2         271.659    511758336     63969792
   127939584            4         198.983   1023516672    127939584
   127939584            8         208.801   2047033344    255879168
   140733440            1         994.483    281466880     35183360
   140733440            2         299.901    562933760     70366720
   140733440            4         218.880   1125867520    140733440
   140733440            8         241.653   2251735040    281466880
   154806272            1        1100.983    309612544     38701568
   154806272            2         286.937    619225088     77403136
   154806272            4         237.014   1238450176    154806272
   154806272            8         273.893   2476900352    309612544
   170286080            1        1299.354    340572160     42571520
   170286080            2         357.700    681144320     85143040
   170286080            4         276.107   1362288640    170286080
   187314176            1        1306.527    374628352     46828544
   187314176            2         368.520    749256704     93657088
   187314176            4         255.859   1498513408    187314176
   206045184            1        1457.992    412090368     51511296
   206045184            2         362.569    824180736    103022592
   206045184            4         313.177   1648361472    206045184
   226649088            1        1619.624    453298176     56662272
   226649088            2         367.258    906596352    113324544
   226649088            4         320.199   1813192704    226649088
   249313280            1        1780.826    498626560     62328320
   249313280            2         437.540    997253120    124656640
   249313280            4         344.055   1994506240    249313280
   274244608            1        1977.655    548489216     68561152
   274244608            2         445.033   1096978432    137122304
   274244608            4         383.649   2193956864    274244608
   301668352            1        2138.085    603336704     75417088
   301668352            2         595.846   1206673408    150834176
   301668352            4         464.339   2413346816    301668352
   331834368            1        2334.393    663668736     82958592
   331834368            2         634.269   1327337472    165917184
   331834368            4         481.922   2654674944    331834368
   365017088            1        2570.796    730034176     91254272
   365017088            2         769.682   1460068352    182508544
   401518592            1        2878.321    803037184    100379648
   401518592            2         928.209   1606074368    200759296
   441669632            1        3155.761    883339264    110417408
   441669632            2        1064.093   1766678528    220834816
   485835776            1        3484.878    971671552    121458944
   485835776            2        1173.017   1943343104    242917888
   534418432            1        3844.422   1068836864    133604608
   534418432            2        1734.930   2137673728    267209216
   587859968            1        4316.696   1175719936    146964992
   587859968            2        2882.409   2351439872    293929984
   646645760            1        4615.395   1293291520    161661440
   646645760            2        5497.668   2586583040    323322880
   711310336            1        4976.351   1422620672    177827584
   782440448            1        5510.823   1564880896    195610112
   860684288            1        6062.556   1721368576    215171072
   946752512            1        6663.131   1893505024    236688128
  1041427456            1        7329.018   2082854912    260356864
  1145569280            1        8091.076   2291138560    286392320
  1260126208            1        8850.699   2520252416    315031552

META_DATA
FLOPS          2
MPI_PROCS      128
ERT_VERSION  1.1.0
HOSTNAME  ('tcn299.local.snellius.surf.nl', [], ['172.18.57.53'])
UNAME  uname_result(system='Linux', node='tcn299.local.snellius.surf.nl', release='4.18.0-372.80.1.el8_6.x86_64', version='#1 SMP Fri Nov 3 14:30:16 EDT 2023', machine='x86_64', processor='x86_64')
TIMESTAMP_DATA  1707397159.995331
CONFIG  {'ERT_RESULTS': ['Results.snellius.01'], 'ERT_DRIVER': ['driver1'], 'ERT_KERNEL': ['kernel1'], 'ERT_MPI': ['True'], 'ERT_MPI_CFLAGS': [], 'ERT_MPI_LDFLAGS': [], 'ERT_OPENMP': ['False'], 'ERT_OPENMP_CFLAGS': ['-fopenmp'], 'ERT_OPENMP_LDFLAGS': ['-fopenmp'], 'ERT_FLOPS': ['1,2,4,8,16,32'], 'ERT_ALIGN': ['32'], 'ERT_CC': ['mpic++'], 'ERT_CFLAGS': ['-Ofast', '-fargument-noalias', '-mavx2'], 'ERT_LD': ['mpic++'], 'ERT_LDFLAGS': [], 'ERT_LDLIBS': [], 'ERT_RUN': ['export', 'OMP_NUM_THREADS=ERT_OPENMP_THREADS;', 'mpirun', '-np', 'ERT_MPI_PROCS', 'ERT_CODE'], 'ERT_PROCS_THREADS': ['32,64,128'], 'ERT_MPI_PROCS': ['32,64,128'], 'ERT_OPENMP_THREADS': [], 'ERT_NUM_EXPERIMENTS': ['5'], 'ERT_MEMORY_MAX': ['1357905920'], 'ERT_WORKING_SET_MIN': ['1'], 'ERT_TRIALS_MIN': ['1'], 'ERT_GNUPLOT': ['gnuplot'], 'ERT_GPU': [False], 'ERT_HIP': [False], 'ERT_PRECISION': ['FP64'], 'ERT_OCL': [False], 'ERT_SYCL': [False], 'ERT_WSS_MULT': [1.1]}
