fp64
        1024            1         224.310         2048          256
        1024            2           4.679         4096          512
        1024            4          12.764         8192         1024
        1024            8           4.448        16384         2048
        1024           16           8.185        32768         4096
        1024           32           7.644        65536         8192
        1024           64           4.809       131072        16384
        1024          128           9.067       262144        32768
        1024          256           6.081       524288        65536
        1024          512           5.961      1048576       131072
        1024         1024           7.013      2097152       262144
        1024         2048           6.662      4194304       524288
        1024         4096           6.823      8388608      1048576
        1024         8192           9.538     16777216      2097152
        1024        16384          14.227     33554432      4194304
        1024        32768          23.373     67108864      8388608
        1024        65536          46.286    134217728     16777216
        1024       131072          84.358    268435456     33554432
        1024       262144         157.445    536870912     67108864
        1024       524288         338.424   1073741824    134217728
        1024      1048576         611.405   2147483648    268435456
        2048            1           5.270         4096          512
        2048            2           5.100         8192         1024
        2048            4          11.622        16384         2048
        2048            8           5.370        32768         4096
        2048           16           4.999        65536         8192
        2048           32           4.649       131072        16384
        2048           64          19.296       262144        32768
        2048          128           4.399       524288        65536
        2048          256           4.569      1048576       131072
        2048          512           4.739      2097152       262144
        2048         1024           5.080      4194304       524288
        2048         2048           6.522      8388608      1048576
        2048         4096           6.833     16777216      2097152
        2048         8192          10.008     33554432      4194304
        2048        16384          13.465     67108864      8388608
        2048        32768          25.508    134217728     16777216
        2048        65536          42.349    268435456     33554432
        2048       131072          80.300    536870912     67108864
        2048       262144         155.892   1073741824    134217728
        2048       524288         343.433   2147483648    268435456
        3072            1          23.213         6144          768
        3072            2           4.799        12288         1536
        3072            4           5.320        24576         3072
        3072            8           4.849        49152         6144
        3072           16           5.200        98304        12288
        3072           32           4.909       196608        24576
        3072           64           5.240       393216        49152
        3072          128           4.478       786432        98304
        3072          256           4.028      1572864       196608
        3072          512           6.412      3145728       393216
        3072         1024           5.039      6291456       786432
        3072         2048           6.633     12582912      1572864
        3072         4096           6.562     25165824      3145728
        3072         8192           9.507     50331648      6291456
        3072        16384          14.146    100663296     12582912
        3072        32768          43.151    201326592     25165824
        3072        65536          45.625    402653184     50331648
        3072       131072          79.830    805306368    100663296
        3072       262144         158.837   1610612736    201326592
        4096            1          34.404         8192         1024
        4096            2           5.249        16384         2048
        4096            4           5.310        32768         4096
        4096            8           4.949        65536         8192
        4096           16           5.550       131072        16384
        4096           32           4.478       262144        32768
        4096           64           5.781       524288        65536
        4096          128           4.569      1048576       131072
        4096          256           6.102      2097152       262144
        4096          512           4.849      4194304       524288
        4096         1024           4.789      8388608      1048576
        4096         2048           5.230     16777216      2097152
        4096         4096           6.282     33554432      4194304
        4096         8192           9.337     67108864      8388608
        4096        16384          10.279    134217728     16777216
        4096        32768          18.224    268435456     33554432
        4096        65536          31.809    536870912     67108864
        4096       131072          55.404   1073741824    134217728
        4096       262144         154.610   2147483648    268435456
        5120            1         389.449        10240         1280
        5120            2           5.239        20480         2560
        5120            4           4.438        40960         5120
        5120            8           8.045        81920        10240
        5120           16           4.278       163840        20480
        5120           32           4.699       327680        40960
        5120           64           5.000       655360        81920
        5120          128           5.129      1310720       163840
        5120          256           5.800      2621440       327680
        5120          512           4.418      5242880       655360
        5120         1024           5.460     10485760      1310720
        5120         2048           5.731     20971520      2621440
        5120         4096           8.536     41943040      5242880
        5120         8192           9.007     83886080     10485760
        5120        16384          16.651    167772160     20971520
        5120        32768          23.143    335544320     41943040
        5120        65536          42.129    671088640     83886080
        5120       131072          80.771   1342177280    167772160
        5120       262144         160.901   2684354560    335544320
        6144            1           8.416        12288         1536
        6144            2           4.789        24576         3072
        6144            4           6.743        49152         6144
        6144            8           4.298        98304        12288
        6144           16           5.089       196608        24576
        6144           32           4.929       393216        49152
        6144           64           3.897       786432        98304
        6144          128           6.653      1572864       196608
        6144          256           4.298      3145728       393216
        6144          512           5.521      6291456       786432
        6144         1024           5.360     12582912      1572864
        6144         2048           5.861     25165824      3145728
        6144         4096           6.713     50331648      6291456
        6144         8192           9.478    100663296     12582912
        6144        16384          15.770    201326592     25165824
        6144        32768          23.013    402653184     50331648
        6144        65536          43.762    805306368    100663296
        6144       131072          80.391   1610612736    201326592
        7168            1          14.567        14336         1792
        7168            2           5.921        28672         3584
        7168            4           4.699        57344         7168
        7168            8           9.327       114688        14336
        7168           16           8.426       229376        28672
        7168           32           8.246       458752        57344
        7168           64           4.328       917504       114688
        7168          128           6.402      1835008       229376
        7168          256           4.759      3670016       458752
        7168          512           5.149      7340032       917504
        7168         1024           9.067     14680064      1835008
        7168         2048           5.781     29360128      3670016
        7168         4096           7.323     58720256      7340032
        7168         8192          10.289    117440512     14680064
        7168        16384          15.920    234881024     29360128
        7168        32768          23.014    469762048     58720256
        7168        65536          42.971    939524096    117440512
        7168       131072          80.581   1879048192    234881024
        8192            1          19.477        16384         2048
        8192            2           4.739        32768         4096
        8192            4           4.879        65536         8192
        8192            8           7.544       131072        16384
        8192           16           5.560       262144        32768
        8192           32           5.771       524288        65536
        8192           64           4.789      1048576       131072
        8192          128           5.530      2097152       262144
        8192          256           6.202      4194304       524288
        8192          512           4.729      8388608      1048576
        8192         1024           5.390     16777216      2097152
        8192         2048           5.460     33554432      4194304
        8192         4096           8.245     67108864      8388608
        8192         8192           9.197    134217728     16777216
        8192        16384          14.948    268435456     33554432
        8192        32768          23.554    536870912     67108864
        8192        65536          42.861   1073741824    134217728
        8192       131072          81.002   2147483648    268435456
        9216            1           8.346        18432         2304
        9216            2           5.430        36864         4608
        9216            4           5.250        73728         9216
        9216            8          18.885       147456        18432
        9216           16           4.459       294912        36864
        9216           32           4.899       589824        73728
        9216           64           4.609      1179648       147456
        9216          128           6.092      2359296       294912
        9216          256           5.570      4718592       589824
        9216          512           4.859      9437184      1179648
        9216         1024           5.831     18874368      2359296
        9216         2048           5.521     37748736      4718592
        9216         4096           7.474     75497472      9437184
        9216         8192          13.765    150994944     18874368
        9216        16384          15.760    301989888     37748736
        9216        32768          23.624    603979776     75497472
        9216        65536          42.390   1207959552    150994944
        9216       131072          81.222   2415919104    301989888
       10240            1          10.840        20480         2560
       10240            2          16.772        40960         5120
       10240            4          17.984        81920        10240
       10240            8          16.130       163840        20480
       10240           16           6.211       327680        40960
       10240           32           7.614       655360        81920
       10240           64           8.907      1310720       163840
       10240          128           6.883      2621440       327680
       10240          256           5.801      5242880       655360
       10240          512           4.999     10485760      1310720
       10240         1024           7.254     20971520      2621440
       10240         2048           8.236     41943040      5242880
       10240         4096           7.363     83886080     10485760
       10240         8192           9.167    167772160     20971520
       10240        16384          14.697    335544320     41943040
       10240        32768          23.574    671088640     83886080
       10240        65536          42.219   1342177280    167772160
       10240       131072          80.872   2684354560    335544320
       11264            1          11.001        22528         2816
       11264            2           6.532        45056         5632
       11264            4           5.421        90112        11264
       11264            8           5.881       180224        22528
       11264           16           6.502       360448        45056
       11264           32           4.157       720896        90112
       11264           64           5.581      1441792       180224
       11264          128           5.591      2883584       360448
       11264          256           6.402      5767168       720896
       11264          512           5.059     11534336      1441792
       11264         1024           4.829     23068672      2883584
       11264         2048           5.661     46137344      5767168
       11264         4096           7.063     92274688     11534336
       11264         8192          10.881    184549376     23068672
       11264        16384          14.066    369098752     46137344
       11264        32768          24.776    738197504     92274688
       11264        65536          42.360   1476395008    184549376
       12288            1           8.005        24576         3072
       12288            2           5.040        49152         6144
       12288            4           5.169        98304        12288
       12288            8           5.570       196608        24576
       12288           16           4.659       393216        49152
       12288           32           6.693       786432        98304
       12288           64           4.669      1572864       196608
       12288          128           6.923      3145728       393216
       12288          256           4.920      6291456       786432
       12288          512           5.059     12582912      1572864
       12288         1024           6.593     25165824      3145728
       12288         2048           6.983     50331648      6291456
       12288         4096          10.399    100663296     12582912
       12288         8192          16.762    201326592     25165824
       12288        16384          28.854    402653184     50331648
       12288        32768          54.673    805306368    100663296
       12288        65536         105.127   1610612736    201326592
       13312            1          19.477        26624         3328
       13312            2           5.240        53248         6656
       13312            4           6.993       106496        13312
       13312            8           9.358       212992        26624
       13312           16           6.081       425984        53248
       13312           32           4.729       851968       106496
       13312           64           6.973      1703936       212992
       13312          128           4.589      3407872       425984
       13312          256           4.879      6815744       851968
       13312          512           4.819     13631488      1703936
       13312         1024           5.951     27262976      3407872
       13312         2048           7.164     54525952      6815744
       13312         4096           9.097    109051904     13631488
       13312         8192          13.896    218103808     27262976
       13312        16384          22.662    436207616     54525952
       13312        32768          43.141    872415232    109051904
       13312        65536          78.948   1744830464    218103808
       14336            1          20.368        28672         3584
       14336            2           9.007        57344         7168
       14336            4           7.013       114688        14336
       14336            8           9.568       229376        28672
       14336           16           4.919       458752        57344
       14336           32           5.490       917504       114688
       14336           64           5.962      1835008       229376
       14336          128           4.959      3670016       458752
       14336          256           8.686      7340032       917504
       14336          512           4.468     14680064      1835008
       14336         1024           6.221     29360128      3670016
       14336         2048          10.430     58720256      7340032
       14336         4096           9.758    117440512     14680064
       14336         8192          12.523    234881024     29360128
       14336        16384          20.338    469762048     58720256
       14336        32768          34.685    939524096    117440512
       14336        65536          67.526   1879048192    234881024
       15360            1           8.265        30720         3840
       15360            2           4.869        61440         7680
       15360            4           5.701       122880        15360
       15360            8           4.389       245760        30720
       15360           16           5.681       491520        61440
       15360           32           3.076       983040       122880
       15360           64           5.029      1966080       245760
       15360          128           6.142      3932160       491520
       15360          256          15.159      7864320       983040
       15360          512          24.375     15728640      1966080
       15360         1024           7.253     31457280      3932160
       15360         2048          16.681     62914560      7864320
       15360         4096          11.021    125829120     15728640
       15360         8192          15.028    251658240     31457280
       15360        16384          26.189    503316480     62914560
       15360        32768          35.547   1006632960    125829120
       15360        65536          66.876   2013265920    251658240
       16384            1           4.608        32768         4096
       16384            2           7.104        65536         8192
       16384            4           4.969       131072        16384
       16384            8          23.574       262144        32768
       16384           16           8.456       524288        65536
       16384           32          15.308      1048576       131072
       16384           64           7.865      2097152       262144
       16384          128           7.644      4194304       524288
       16384          256           7.814      8388608      1048576
       16384          512           5.510     16777216      2097152
       16384         1024           8.536     33554432      4194304
       16384         2048           9.378     67108864      8388608
       16384         4096          13.475    134217728     16777216
       16384         8192          24.987    268435456     33554432
       16384        16384          44.574    536870912     67108864
       16384        32768          85.961   1073741824    134217728
       16384        65536         167.273   2147483648    268435456
       17408            1          15.629        34816         4352
       17408            2           7.374        69632         8704
       17408            4          17.222       139264        17408
       17408            8           8.335       278528        34816
       17408           16           5.730       557056        69632
       17408           32           7.664      1114112       139264
       17408           64           5.370      2228224       278528
       17408          128           6.673      4456448       557056
       17408          256           4.919      8912896      1114112
       17408          512           6.763     17825792      2228224
       17408         1024           8.766     35651584      4456448
       17408         2048           8.005     71303168      8912896
       17408         4096          11.712    142606336     17825792
       17408         8192          18.464    285212672     35651584
       17408        16384          32.211    570425344     71303168
       17408        32768          60.263   1140850688    142606336
       17408        65536         116.859   2281701376    285212672
       18432            1          22.532        36864         4608
       18432            2           8.516        73728         9216
       18432            4           9.258       147456        18432
       18432            8           8.877       294912        36864
       18432           16           6.362       589824        73728
       18432           32           4.448      1179648       147456
       18432           64           5.440      2359296       294912
       18432          128           4.579      4718592       589824
       18432          256           6.582      9437184      1179648
       18432          512           5.220     18874368      2359296
       18432         1024           6.713     37748736      4718592
       18432         2048           7.064     75497472      9437184
       18432         4096           9.768    150994944     18874368
       18432         8192          15.078    301989888     37748736
       18432        16384          22.883    603979776     75497472
       18432        32768          42.850   1207959552    150994944
       18432        65536          80.470   2415919104    301989888
       19456            1          10.309        38912         4864
       19456            2          16.981        77824         9728
       19456            4           5.670       155648        19456
       19456            8           4.609       311296        38912
       19456           16          10.279       622592        77824
       19456           32          19.717      1245184       155648
       19456           64          16.601      2490368       311296
       19456          128          13.104      4980736       622592
       19456          256          16.851      9961472      1245184
       19456          512           8.516     19922944      2490368
       19456         1024           5.390     39845888      4980736
       19456         2048          10.419     79691776      9961472
       19456         4096          10.009    159383552     19922944
       19456         8192          13.986    318767104     39845888
       19456        16384          25.057    637534208     79691776
       19456        32768          42.500   1275068416    159383552
       19456        65536          80.631   2550136832    318767104
       20480            1           7.715        40960         5120
       20480            2           5.190        81920        10240
       20480            4          15.960       163840        20480
       20480            8           4.989       327680        40960
       20480           16           4.328       655360        81920
       20480           32           7.905      1310720       163840
       20480           64          14.347      2621440       327680
       20480          128          10.119      5242880       655360
       20480          256          14.417     10485760      1310720
       20480          512           4.849     20971520      2621440
       20480         1024           6.893     41943040      5242880
       20480         2048          11.261     83886080     10485760
       20480         4096          16.471    167772160     20971520
       20480         8192          21.270    335544320     41943040
       20480        16384          36.208    671088640     83886080
       20480        32768          68.188   1342177280    167772160
       20480        65536         131.005   2684354560    335544320
       22528            1           9.307        45056         5632
       22528            2          10.580        90112        11264
       22528            4           7.153       180224        22528
       22528            8          10.109       360448        45056
       22528           16           5.179       720896        90112
       22528           32           6.021      1441792       180224
       22528           64           4.939      2883584       360448
       22528          128           5.350      5767168       720896
       22528          256           4.649     11534336      1441792
       22528          512           5.220     23068672      2883584
       22528         1024           9.417     46137344      5767168
       22528         2048           8.987     92274688     11534336
       22528         4096          13.946    184549376     23068672
       22528         8192          22.833    369098752     46137344
       22528        16384          45.715    738197504     92274688
       22528        32768          55.013   1476395008    184549376
       24576            1         604.913        49152         6144
       24576            2           6.151        98304        12288
       24576            4           5.220       196608        24576
       24576            8           6.512       393216        49152
       24576           16           4.859       786432        98304
       24576           32           6.623      1572864       196608
       24576           64           5.079      3145728       393216
       24576          128           5.079      6291456       786432
       24576          256           5.931     12582912      1572864
       24576          512           5.571     25165824      3145728
       24576         1024           6.503     50331648      6291456
       24576         2048           7.895    100663296     12582912
       24576         4096          12.273    201326592     25165824
       24576         8192          18.524    402653184     50331648
       24576        16384          34.865    805306368    100663296
       24576        32768          62.186   1610612736    201326592
       26624            1          33.663        53248         6656
       26624            2           4.989       106496        13312
       26624            4           4.589       212992        26624
       26624            8           6.943       425984        53248
       26624           16           5.010       851968       106496
       26624           32           5.831      1703936       212992
       26624           64           5.290      3407872       425984
       26624          128           4.899      6815744       851968
       26624          256           5.441     13631488      1703936
       26624          512           5.861     27262976      3407872
       26624         1024           7.083     54525952      6815744
       26624         2048           9.247    109051904     13631488
       26624         4096          15.429    218103808     27262976
       26624         8192          24.917    436207616     54525952
       26624        16384          47.709    872415232    109051904
       26624        32768         101.160   1744830464    218103808
       28672            1           8.255        57344         7168
       28672            2           5.079       114688        14336
       28672            4           4.769       229376        28672
       28672            8           6.602       458752        57344
       28672           16           4.789       917504       114688
       28672           32           6.332      1835008       229376
       28672           64           4.599      3670016       458752
       28672          128           5.741      7340032       917504
       28672          256           5.952     14680064      1835008
       28672          512           6.332     29360128      3670016
       28672         1024           7.854     58720256      7340032
       28672         2048          11.792    117440512     14680064
       28672         4096          20.018    234881024     29360128
       28672         8192          36.268    469762048     58720256
       28672        16384          69.992    939524096    117440512
       28672        32768         135.845   1879048192    234881024
       30720            1          12.564        61440         7680
       30720            2           4.829       122880        15360
       30720            4           5.340       245760        30720
       30720            8           6.783       491520        61440
       30720           16           5.560       983040       122880
       30720           32           5.501      1966080       245760
       30720           64           5.109      3932160       491520
       30720          128           5.340      7864320       983040
       30720          256           5.600     15728640      1966080
       30720          512           5.891     31457280      3932160
       30720         1024           7.514     62914560      7864320
       30720         2048           9.978    125829120     15728640
       30720         4096          16.130    251658240     31457280
       30720         8192          26.680    503316480     62914560
       30720        16384          50.355   1006632960    125829120
       30720        32768          95.298   2013265920    251658240
       33792            1          18.895        67584         8448
       33792            2           5.360       135168        16896
       33792            4           5.290       270336        33792
       33792            8           6.833       540672        67584
       33792           16           4.949      1081344       135168
       33792           32           7.444      2162688       270336
       33792           64           4.518      4325376       540672
       33792          128           4.609      8650752      1081344
       33792          256           5.450     17301504      2162688
       33792          512           6.101     34603008      4325376
       33792         1024           8.195     69206016      8650752
       33792         2048          10.250    138412032     17301504
       33792         4096          17.573    276824064     34603008
       33792         8192          31.229    553648128     69206016
       33792        16384          59.973   1107296256    138412032
       33792        32768         116.147   2214592512    276824064
       36864            1          11.381        73728         9216
       36864            2           6.121       147456        18432
       36864            4           5.400       294912        36864
       36864            8           6.292       589824        73728
       36864           16           4.639      1179648       147456
       36864           32           5.140      2359296       294912
       36864           64           3.597      4718592       589824
       36864          128           6.362      9437184      1179648
       36864          256           5.801     18874368      2359296
       36864          512           5.881     37748736      4718592
       36864         1024           7.905     75497472      9437184
       36864         2048          10.790    150994944     18874368
       36864         4096          18.314    301989888     37748736
       36864         8192          31.669    603979776     75497472
       36864        16384          60.453   1207959552    150994944
       36864        32768         116.638   2415919104    301989888
       39936            1          24.586        79872         9984
       39936            2           6.092       159744        19968
       39936            4           4.849       319488        39936
       39936            8           6.442       638976        79872
       39936           16           5.180      1277952       159744
       39936           32           6.663      2555904       319488
       39936           64           4.499      5111808       638976
       39936          128           5.430     10223616      1277952
       39936          256           5.410     20447232      2555904
       39936          512           6.352     40894464      5111808
       39936         1024           7.935     81788928     10223616
       39936         2048          10.760    163577856     20447232
       39936         4096          17.704    327155712     40894464
       39936         8192          30.708    654311424     81788928
       39936        16384          57.598   1308622848    163577856
       39936        32768         116.628   2617245696    327155712
       43008            1           9.157        86016        10752
       43008            2           5.070       172032        21504
       43008            4           4.759       344064        43008
       43008            8           7.625       688128        86016
       43008           16           4.418      1376256       172032
       43008           32           6.582      2752512       344064
       43008           64           3.968      5505024       688128
       43008          128           4.919     11010048      1376256
       43008          256           5.491     22020096      2752512
       43008          512           5.771     44040192      5505024
       43008         1024           8.606     88080384     11010048
       43008         2048          10.459    176160768     22020096
       43008         4096          18.124    352321536     44040192
       43008         8192          28.623    704643072     88080384
       43008        16384          53.861   1409286144    176160768
       47104            1           8.346        94208        11776
       47104            2           5.190       188416        23552
       47104            4           9.077       376832        47104
       47104            8           3.497       753664        94208
       47104           16           5.941      1507328       188416
       47104           32           4.459      3014656       376832
       47104           64           6.482      6029312       753664
       47104          128           4.999     12058624      1507328
       47104          256           4.899     24117248      3014656
       47104          512           6.983     48234496      6029312
       47104         1024           8.025     96468992     12058624
       47104         2048          11.242    192937984     24117248
       47104         4096          16.902    385875968     48234496
       47104         8192          31.499    771751936     96468992
       47104        16384          72.556   1543503872    192937984
       51200            1           7.995       102400        12800
       51200            2           5.230       204800        25600
       51200            4           5.020       409600        51200
       51200            8          19.977       819200       102400
       51200           16          10.720      1638400       204800
       51200           32          25.478      3276800       409600
       51200           64          23.574      6553600       819200
       51200          128           6.913     13107200      1638400
       51200          256           5.370     26214400      3276800
       51200          512          13.375     52428800      6553600
       51200         1024           9.077    104857600     13107200
       51200         2048          12.824    209715200     26214400
       51200         4096          21.771    419430400     52428800
       51200         8192          34.986    838860800    104857600
       51200        16384          66.926   1677721600    209715200
       56320            1         143.829       112640        14080
       56320            2         105.508       225280        28160
       56320            4           7.353       450560        56320
       56320            8           9.858       901120       112640
       56320           16           4.589      1802240       225280
       56320           32           9.588      3604480       450560
       56320           64           8.315      7208960       901120
       56320          128           5.100     14417920      1802240
       56320          256           5.991     28835840      3604480
       56320          512           7.053     57671680      7208960
       56320         1024          13.095    115343360     14417920
       56320         2048          13.195    230686720     28835840
       56320         4096          22.282    461373440     57671680
       56320         8192          39.885    922746880    115343360
       56320        16384          76.624   1845493760    230686720
       61440            1          21.911       122880        15360
       61440            2           8.866       245760        30720
       61440            4           7.053       491520        61440
       61440            8           5.481       983040       122880
       61440           16           5.230      1966080       245760
       61440           32           4.749      3932160       491520
       61440           64           4.609      7864320       983040
       61440          128           6.552     15728640      1966080
       61440          256           5.540     31457280      3932160
       61440          512           8.185     62914560      7864320
       61440         1024           9.238    125829120     15728640
       61440         2048          15.529    251658240     31457280
       61440         4096          24.526    503316480     62914560
       61440         8192          43.752   1006632960    125829120
       61440        16384          83.206   2013265920    251658240
       67584            1           4.869       135168        16896
       67584            2           4.448       270336        33792
       67584            4           5.530       540672        67584
       67584            8           4.990      1081344       135168
       67584           16           4.499      2162688       270336
       67584           32           5.640      4325376       540672
       67584           64           4.669      8650752      1081344
       67584          128           4.979     17301504      2162688
       67584          256           6.262     34603008      4325376
       67584          512           6.743     69206016      8650752
       67584         1024          11.021    138412032     17301504
       67584         2048          13.375    276824064     34603008
       67584         4096          22.923    553648128     69206016
       67584         8192          37.791   1107296256    138412032
       67584        16384          73.538   2214592512    276824064
       73728            1          19.596       147456        18432
       73728            2          16.040       294912        36864
       73728            4          12.313       589824        73728
       73728            8          10.420      1179648       147456
       73728           16           5.440      2359296       294912
       73728           32          14.658      4718592       589824
       73728           64           6.001      9437184      1179648
       73728          128           5.711     18874368      2359296
       73728          256           5.811     37748736      4718592
       73728          512          10.760     75497472      9437184
       73728         1024          13.536    150994944     18874368
       73728         2048          16.701    301989888     37748736
       73728         4096          28.223    603979776     75497472
       73728         8192          48.130   1207959552    150994944
       73728        16384          90.971   2415919104    301989888
       80896            1          46.427       161792        20224
       80896            2           6.301       323584        40448
       80896            4           4.218       647168        80896
       80896            8           6.282      1294336       161792
       80896           16           4.829      2588672       323584
       80896           32           5.581      5177344       647168
       80896           64           4.950     10354688      1294336
       80896          128           5.380     20709376      2588672
       80896          256           3.887     41418752      5177344
       80896          512           6.933     82837504     10354688
       80896         1024           9.628    165675008     20709376
       80896         2048          14.698    331350016     41418752
       80896         4096          25.157    662700032     82837504
       80896         8192          44.534   1325400064    165675008
       80896        16384          85.680   2650800128    331350016
       88064            1           9.097       176128        22016
       88064            2           4.900       352256        44032
       88064            4          20.358       704512        88064
       88064            8           5.350      1409024       176128
       88064           16          16.180      2818048       352256
       88064           32          17.383      5636096       704512
       88064           64          12.985     11272192      1409024
       88064          128          16.231     22544384      2818048
       88064          256           6.452     45088768      5636096
       88064          512          14.688     90177536     11272192
       88064         1024           9.558    180355072     22544384
       88064         2048          15.890    360710144     45088768
       88064         4096          29.345    721420288     90177536
       88064         8192          47.949   1442840576    180355072
       96256            1           5.500       192512        24064
       96256            2          20.448       385024        48128
       96256            4           6.111       770048        96256
       96256            8           5.210      1540096       192512
       96256           16           6.031      3080192       385024
       96256           32           5.210      6160384       770048
       96256           64           7.384     12320768      1540096
       96256          128           4.809     24641536      3080192
       96256          256           6.843     49283072      6160384
       96256          512           7.104     98566144     12320768
       96256         1024          16.982    197132288     24641536
       96256         2048          15.489    394264576     49283072
       96256         4096          26.830    788529152     98566144
       96256         8192          66.094   1577058304    197132288
      105472            1          28.533       210944        26368
      105472            2          19.367       421888        52736
      105472            4           5.109       843776       105472
      105472            8           5.420      1687552       210944
      105472           16           4.869      3375104       421888
      105472           32           4.939      6750208       843776
      105472           64           5.280     13500416      1687552
      105472          128           5.150     27000832      3375104
      105472          256           6.642     54001664      6750208
      105472          512           7.414    108003328     13500416
      105472         1024          20.418    216006656     27000832
      105472         2048          16.200    432013312     54001664
      105472         4096          39.073    864026624    108003328
      105472         8192          61.325   1728053248    216006656
      115712            1           9.769       231424        28928
      115712            2           7.434       462848        57856
      115712            4           5.380       925696       115712
      115712            8           7.374      1851392       231424
      115712           16           4.409      3702784       462848
      115712           32           5.550      7405568       925696
      115712           64           5.169     14811136      1851392
      115712          128           4.969     29622272      3702784
      115712          256           6.703     59244544      7405568
      115712          512           7.464    118489088     14811136
      115712         1024          11.892    236978176     29622272
      115712         2048          16.942    473956352     59244544
      115712         4096          31.479    947912704    118489088
      115712         8192         309.710   1895825408    236978176
      126976            1          16.200       253952        31744
      126976            2           4.318       507904        63488
      126976            4           4.859      1015808       126976
      126976            8           6.793      2031616       253952
      126976           16           4.839      4063232       507904
      126976           32           6.512      8126464      1015808
      126976           64           5.480     16252928      2031616
      126976          128           5.541     32505856      4063232
      126976          256           7.414     65011712      8126464
      126976          512           9.227    130023424     16252928
      126976         1024          14.177    260046848     32505856
      126976         2048          22.873    520093696     65011712
      126976         4096          39.865   1040187392    130023424
      126976         8192          75.071   2080374784    260046848
      139264            1          10.049       278528        34816
      139264            2          13.526       557056        69632
      139264            4           7.844      1114112       139264
      139264            8          10.169      2228224       278528
      139264           16          10.490      4456448       557056
      139264           32           6.031      8912896      1114112
      139264           64           5.020     17825792      2228224
      139264          128           8.265     35651584      4456448
      139264          256           7.214     71303168      8912896
      139264          512           9.889    142606336     17825792
      139264         1024          14.638    285212672     35651584
      139264         2048          24.416    570425344     71303168
      139264         4096          41.869   1140850688    142606336
      139264         8192          79.890   2281701376    285212672
      152576            1           5.310       305152        38144
      152576            2           5.030       610304        76288
      152576            4           7.775      1220608       152576
      152576            8          11.110      2441216       305152
      152576           16          13.235      4882432       610304
      152576           32          12.814      9764864      1220608
      152576           64          10.539     19529728      2441216
      152576          128          17.082     39059456      4882432
      152576          256          13.205     78118912      9764864
      152576          512          30.467    156237824     19529728
      152576         1024          16.541    312475648     39059456
      152576         2048          28.103    624951296     78118912
      152576         4096          40.396   1249902592    156237824
      152576         8192          75.381   2499805184    312475648
      166912            1           9.197       333824        41728
      166912            2           4.999       667648        83456
      166912            4           7.634      1335296       166912
      166912            8           3.717      2670592       333824
      166912           16          19.777      5341184       667648
      166912           32           6.292     10682368      1335296
      166912           64           9.768     21364736      2670592
      166912          128          12.293     42729472      5341184
      166912          256          11.161     85458944     10682368
      166912          512          19.036    170917888     21364736
      166912         1024          22.702    341835776     42729472
      166912         2048          42.941    683671552     85458944
      166912         4096          72.255   1367343104    170917888
      183296            1          10.410       366592        45824
      183296            2           5.159       733184        91648
      183296            4           4.939      1466368       183296
      183296            8           6.091      2932736       366592
      183296           16           6.863      5865472       733184
      183296           32           5.019     11730944      1466368
      183296           64          18.655     23461888      2932736
      183296          128           8.005     46923776      5865472
      183296          256           9.528     93847552     11730944
      183296          512          14.387    187695104     23461888
      183296         1024          37.871    375390208     46923776
      183296         2048          49.553    750780416     93847552
      183296         4096         108.604   1501560832    187695104
      200704            1           7.184       401408        50176
      200704            2           8.005       802816       100352
      200704            4           8.105      1605632       200704
      200704            8           5.029      3211264       401408
      200704           16           4.649      6422528       802816
      200704           32          16.260     12845056      1605632
      200704           64           5.400     25690112      3211264
      200704          128           6.032     51380224      6422528
      200704          256           7.163    102760448     12845056
      200704          512          10.921    205520896     25690112
      200704         1024          18.284    411041792     51380224
      200704         2048          28.844    822083584    102760448
      200704         4096          65.032   1644167168    205520896
      220160            1           6.162       440320        55040
      220160            2           6.813       880640       110080
      220160            4           9.347      1761280       220160
      220160            8           5.350      3522560       440320
      220160           16           6.152      7045120       880640
      220160           32           5.050     14090240      1761280
      220160           64          11.512     28180480      3522560
      220160          128           6.683     56360960      7045120
      220160          256          51.666    112721920     14090240
      220160          512          11.481    225443840     28180480
      220160         1024          20.689    450887680     56360960
      220160         2048          28.533    901775360    112721920
      220160         4096          53.149   1803550720    225443840
      241664            1          12.874       483328        60416
      241664            2           8.556       966656       120832
      241664            4           8.095      1933312       241664
      241664            8           7.314      3866624       483328
      241664           16           8.386      7733248       966656
      241664           32          18.063     15466496      1933312
      241664           64          10.800     30932992      3866624
      241664          128          11.923     61865984      7733248
      241664          256          13.335    123731968     15466496
      241664          512          18.926    247463936     30932992
      241664         1024          22.191    494927872     61865984
      241664         2048          37.000    989855744    123731968
      241664         4096          60.834   1979711488    247463936
      265216            1          11.421       530432        66304
      265216            2          11.462      1060864       132608
      265216            4           7.163      2121728       265216
      265216            8           7.855      4243456       530432
      265216           16           8.306      8486912      1060864
      265216           32           5.650     16973824      2121728
      265216           64          10.089     33947648      4243456
      265216          128           9.177     67895296      8486912
      265216          256          10.440    135790592     16973824
      265216          512          16.351    271581184     33947648
      265216         1024          28.844    543162368     67895296
      265216         2048          42.851   1086324736    135790592
      265216         4096          67.526   2172649472    271581184
      290816            1          12.033       581632        72704
      290816            2           5.620      1163264       145408
      290816            4           5.420      2326528       290816
      290816            8           5.200      4653056       581632
      290816           16           6.051      9306112      1163264
      290816           32           5.079     18612224      2326528
      290816           64           8.756     37224448      4653056
      290816          128          13.446     74448896      9306112
      290816          256           9.097    148897792     18612224
      290816          512          12.273    297795584     37224448
      290816         1024          28.133    595591168     74448896
      290816         2048          43.392   1191182336    148897792
      290816         4096          72.226   2382364672    297795584
      319488            1          12.173       638976        79872
      319488            2           4.789      1277952       159744
      319488            4           5.611      2555904       319488
      319488            8           3.997      5111808       638976
      319488           16           5.551     10223616      1277952
      319488           32          13.916     20447232      2555904
      319488           64           9.608     40894464      5111808
      319488          128          10.890     81788928     10223616
      319488          256          11.742    163577856     20447232
      319488          512          14.547    327155712     40894464
      319488         1024          33.813    654311424     81788928
      319488         2048          41.027   1308622848    163577856
      319488         4096          77.365   2617245696    327155712
      351232            1          10.771       702464        87808
      351232            2           9.638      1404928       175616
      351232            4          13.205      2809856       351232
      351232            8          11.211      5619712       702464
      351232           16          10.068     11239424      1404928
      351232           32           7.394     22478848      2809856
      351232           64           6.522     44957696      5619712
      351232          128           9.598     89915392     11239424
      351232          256          10.880    179830784     22478848
      351232          512          13.525    359661568     44957696
      351232         1024          25.027    719323136     89915392
      351232         2048          48.050   1438646272    179830784
      386048            1          19.316       772096        96512
      386048            2           4.839      1544192       193024
      386048            4           9.138      3088384       386048
      386048            8           4.669      6176768       772096
      386048           16           6.753     12353536      1544192
      386048           32           6.442     24707072      3088384
      386048           64          17.593     49414144      6176768
      386048          128           9.678     98828288     12353536
      386048          256          13.135    197656576     24707072
      386048          512          16.360    395313152     49414144
      386048         1024          28.694    790626304     98828288
      386048         2048         302.757   1581252608    197656576
      423936            1          10.650       847872       105984
      423936            2           4.880      1695744       211968
      423936            4           7.324      3391488       423936
      423936            8           5.430      6782976       847872
      423936           16           9.467     13565952      1695744
      423936           32           5.640     27131904      3391488
      423936           64          12.693     54263808      6782976
      423936          128          14.057    108527616     13565952
      423936          256          29.445    217055232     27131904
      423936          512          23.524    434110464     54263808
      423936         1024          32.291    868220928    108527616
      423936         2048         112.641   1736441856    217055232
      465920            1          10.800       931840       116480
      465920            2           5.671      1863680       232960
      465920            4          12.384      3727360       465920
      465920            8           8.907      7454720       931840
      465920           16          13.756     14909440      1863680
      465920           32           4.859     29818880      3727360
      465920           64           7.544     59637760      7454720
      465920          128           7.785    119275520     14909440
      465920          256          11.792    238551040     29818880
      465920          512          20.258    477102080     59637760
      465920         1024          32.941    954204160    119275520
      465920         2048          59.231   1908408320    238551040
      512000            1          11.000      1024000       128000
      512000            2          10.419      2048000       256000
      512000            4           7.715      4096000       512000
      512000            8           9.858      8192000      1024000
      512000           16           7.685     16384000      2048000
      512000           32           5.731     32768000      4096000
      512000           64          10.379     65536000      8192000
      512000          128           8.496    131072000     16384000
      512000          256          12.724    262144000     32768000
      512000          512          23.334    524288000     65536000
      512000         1024          40.486   1048576000    131072000
      512000         2048          64.941   2097152000    262144000
      563200            1          23.635      1126400       140800
      563200            2           6.472      2252800       281600
      563200            4          10.440      4505600       563200
      563200            8           6.963      9011200      1126400
      563200           16           6.653     18022400      2252800
      563200           32           7.224     36044800      4505600
      563200           64           9.568     72089600      9011200
      563200          128          13.416    144179200     18022400
      563200          256          16.130    288358400     36044800
      563200          512          24.946    576716800     72089600
      563200         1024          38.182   1153433600    144179200
      563200         2048          69.069   2306867200    288358400
      619520            1          24.095      1239040       154880
      619520            2           5.230      2478080       309760
      619520            4           7.674      4956160       619520
      619520            8           4.849      9912320      1239040
      619520           16           6.502     19824640      2478080
      619520           32           5.971     39649280      4956160
      619520           64           9.949     79298560      9912320
      619520          128          10.240    158597120     19824640
      619520          256          15.649    317194240     39649280
      619520          512          22.442    634388480     79298560
      619520         1024          41.888   1268776960    158597120
      619520         2048          84.348   2537553920    317194240
      680960            1          30.637      1361920       170240
      680960            2          11.742      2723840       340480
      680960            4           9.207      5447680       680960
      680960            8           4.979     10895360      1361920
      680960           16           9.538     21790720      2723840
      680960           32          14.337     43581440      5447680
      680960           64           8.786     87162880     10895360
      680960          128          13.595    174325760     21790720
      680960          256          16.551    348651520     43581440
      680960          512          23.634    697303040     87162880
      680960         1024          42.179   1394606080    174325760
      748544            1          26.710      1497088       187136
      748544            2           7.404      2994176       374272
      748544            4          13.586      5988352       748544
      748544            8           7.694     11976704      1497088
      748544           16           9.318     23953408      2994176
      748544           32           8.526     47906816      5988352
      748544           64          14.457     95813632     11976704
      748544          128          15.770    191627264     23953408
      748544          256          15.549    383254528     47906816
      748544          512          26.310    766509056     95813632
      748544         1024          44.975   1533018112    191627264
      823296            1          29.856      1646592       205824
      823296            2          12.644      3293184       411648
      823296            4          23.334      6586368       823296
      823296            8          16.622     13172736      1646592
      823296           16           6.492     26345472      3293184
      823296           32          14.597     52690944      6586368
      823296           64          11.993    105381888     13172736
      823296          128          13.035    210763776     26345472
      823296          256          20.318    421527552     52690944
      823296          512          31.709    843055104    105381888
      823296         1024          54.042   1686110208    210763776
      905216            1          37.551      1810432       226304
      905216            2           7.294      3620864       452608
      905216            4          11.461      7241728       905216
      905216            8           7.384     14483456      1810432
      905216           16           9.688     28966912      3620864
      905216           32          13.375     57933824      7241728
      905216           64           8.105    115867648     14483456
      905216          128          20.729    231735296     28966912
      905216          256          20.899    463470592     57933824
      905216          512          31.539    926941184    115867648
      905216         1024          56.586   1853882368    231735296
      995328            1         647.332      1990656       248832
      995328            2           7.745      3981312       497664
      995328            4           5.240      7962624       995328
      995328            8           7.224     15925248      1990656
      995328           16           5.531     31850496      3981312
      995328           32           6.723     63700992      7962624
      995328           64           7.985    127401984     15925248
      995328          128          11.321    254803968     31850496
      995328          256          18.835    509607936     63700992
      995328          512          31.810   1019215872    127401984
      995328         1024          59.000   2038431744    254803968
     1094656            1          33.293      2189312       273664
     1094656            2           7.665      4378624       547328
     1094656            4           5.531      8757248      1094656
     1094656            8           6.181     17514496      2189312
     1094656           16           7.795     35028992      4378624
     1094656           32           6.703     70057984      8757248
     1094656           64           8.947    140115968     17514496
     1094656          128          11.862    280231936     35028992
     1094656          256          20.227    560463872     70057984
     1094656          512          33.693   1120927744    140115968
     1094656         1024          62.728   2241855488    280231936
     1203200            1          27.011      2406400       300800
     1203200            2           5.330      4812800       601600
     1203200            4           5.961      9625600      1203200
     1203200            8           5.750     19251200      2406400
     1203200           16           7.715     38502400      4812800
     1203200           32           6.422     77004800      9625600
     1203200           64          11.531    154009600     19251200
     1203200          128          13.135    308019200     38502400
     1203200          256          21.070    616038400     77004800
     1203200          512          36.969   1232076800    154009600
     1203200         1024          68.048   2464153600    308019200
     1323008            1          38.011      2646016       330752
     1323008            2           5.450      5292032       661504
     1323008            4           7.644     10584064      1323008
     1323008            8           6.081     21168128      2646016
     1323008           16          10.910     42336256      5292032
     1323008           32          11.582     84672512     10584064
     1323008           64           9.568    169345024     21168128
     1323008          128          13.696    338690048     42336256
     1323008          256          21.631    677380096     84672512
     1323008          512          39.874   1354760192    169345024
     1323008         1024          73.868   2709520384    338690048
     1455104            1          17.252      2910208       363776
     1455104            2           8.426      5820416       727552
     1455104            4          11.922     11640832      1455104
     1455104            8           5.651     23281664      2910208
     1455104           16           9.297     46563328      5820416
     1455104           32           8.296     93126656     11640832
     1455104           64           9.828    186253312     23281664
     1455104          128          18.204    372506624     46563328
     1455104          256          26.539    745013248     93126656
     1455104          512          46.767   1490026496    186253312
     1600512            1          32.411      3201024       400128
     1600512            2           7.384      6402048       800256
     1600512            4           8.526     12804096      1600512
     1600512            8           9.608     25608192      3201024
     1600512           16           8.186     51216384      6402048
     1600512           32           6.662    102432768     12804096
     1600512           64          10.810    204865536     25608192
     1600512          128          18.375    409731072     51216384
     1600512          256          26.379    819462144    102432768
     1600512          512          48.250   1638924288    204865536
     1760256            1         439.904      3520512       440064
     1760256            2           6.994      7041024       880128
     1760256            4           5.471     14082048      1760256
     1760256            8           7.794     28164096      3520512
     1760256           16           6.582     56328192      7041024
     1760256           32           8.577    112656384     14082048
     1760256           64          10.810    225312768     28164096
     1760256          128          16.802    450625536     56328192
     1760256          256          27.481    901251072    112656384
     1760256          512          50.063   1802502144    225312768
     1935360            1          21.200      3870720       483840
     1935360            2           5.921      7741440       967680
     1935360            4           6.953     15482880      1935360
     1935360            8           5.961     30965760      3870720
     1935360           16           7.283     61931520      7741440
     1935360           32           8.075    123863040     15482880
     1935360           64          10.770    247726080     30965760
     1935360          128          17.693    495452160     61931520
     1935360          256          29.866    990904320    123863040
     1935360          512          55.894   1981808640    247726080
     2128896            1          21.761      4257792       532224
     2128896            2           6.883      8515584      1064448
     2128896            4           5.831     17031168      2128896
     2128896            8           6.823     34062336      4257792
     2128896           16          12.584     68124672      8515584
     2128896           32          10.540    136249344     17031168
     2128896           64          13.015    272498688     34062336
     2128896          128          18.675    544997376     68124672
     2128896          256          32.962   1089994752    136249344
     2128896          512          58.489   2179989504    272498688
     2340864            1         275.746      4681728       585216
     2340864            2           6.542      9363456      1170432
     2340864            4           6.222     18726912      2340864
     2340864            8           7.173     37453824      4681728
     2340864           16           6.772     74907648      9363456
     2340864           32          10.099    149815296     18726912
     2340864           64          12.493    299630592     37453824
     2340864          128          20.187    599261184     74907648
     2340864          256          34.795   1198522368    149815296
     2340864          512          64.310   2397044736    299630592
     2574336            1          23.384      5148672       643584
     2574336            2           6.652     10297344      1287168
     2574336            4           6.833     20594688      2574336
     2574336            8           6.923     41189376      5148672
     2574336           16           8.326     82378752     10297344
     2574336           32           8.897    164757504     20594688
     2574336           64          13.726    329515008     41189376
     2574336          128          21.320    659030016     82378752
     2574336          256          37.560   1318060032    164757504
     2574336          512          70.652   2636120064    329515008
     2831360            1          25.307      5662720       707840
     2831360            2           8.917     11325440      1415680
     2831360            4           6.352     22650880      2831360
     2831360            8           7.414     45301760      5662720
     2831360           16           7.925     90603520     11325440
     2831360           32          10.800    181207040     22650880
     2831360           64          15.129    362414080     45301760
     2831360          128          23.194    724828160     90603520
     2831360          256          52.258   1449656320    181207040
     3113984            1          37.952      6227968       778496
     3113984            2           9.688     12455936      1556992
     3113984            4           5.921     24911872      3113984
     3113984            8           7.595     49823744      6227968
     3113984           16           9.357     99647488     12455936
     3113984           32          10.339    199294976     24911872
     3113984           64          16.210    398589952     49823744
     3113984          128          24.836    797179904     99647488
     3113984          256          44.102   1594359808    199294976
     3425280            1          31.809      6850560       856320
     3425280            2           9.177     13701120      1712640
     3425280            4           6.272     27402240      3425280
     3425280            8           6.702     54804480      6850560
     3425280           16          20.017    109608960     13701120
     3425280           32          11.211    219217920     27402240
     3425280           64          17.012    438435840     54804480
     3425280          128          37.080    876871680    109608960
     3425280          256          48.931   1753743360    219217920
     3767296            1          50.214      7534592       941824
     3767296            2           8.165     15069184      1883648
     3767296            4           7.734     30138368      3767296
     3767296            8          14.147     60276736      7534592
     3767296           16           8.987    120553472     15069184
     3767296           32          11.882    241106944     30138368
     3767296           64          19.125    482213888     60276736
     3767296          128          31.078    964427776    120553472
     3767296          256          52.649   1928855552    241106944
     4143104            1         174.747      8286208      1035776
     4143104            2           8.857     16572416      2071552
     4143104            4           7.243     33144832      4143104
     4143104            8           7.684     66289664      8286208
     4143104           16          10.008    132579328     16572416
     4143104           32          12.463    265158656     33144832
     4143104           64          20.468    530317312     66289664
     4143104          128          31.169   1060634624    132579328
     4143104          256          57.177   2121269248    265158656
     4556800            1          59.601      9113600      1139200
     4556800            2           9.878     18227200      2278400
     4556800            4           9.407     36454400      4556800
     4556800            8           8.847     72908800      9113600
     4556800           16          10.870    145817600     18227200
     4556800           32          12.794    291635200     36454400
     4556800           64          20.067    583270400     72908800
     4556800          128          35.687   1166540800    145817600
     4556800          256          62.266   2333081600    291635200
     5012480            1          53.711     10024960      1253120
     5012480            2           7.464     20049920      2506240
     5012480            4           8.837     40099840      5012480
     5012480            8           8.566     80199680     10024960
     5012480           16          10.890    160399360     20049920
     5012480           32          14.056    320798720     40099840
     5012480           64          22.172    641597440     80199680
     5012480          128          36.389   1283194880    160399360
     5012480          256          86.051   2566389760    320798720
     5513216            1          64.100     11026432      1378304
     5513216            2           9.618     22052864      2756608
     5513216            4           8.797     44105728      5513216
     5513216            8           8.756     88211456     11026432
     5513216           16          11.321    176422912     22052864
     5513216           32          14.517    352845824     44105728
     5513216           64          23.714    705691648     88211456
     5513216          128          40.476   1411383296    176422912
     6064128            1          46.898     12128256      1516032
     6064128            2          10.169     24256512      3032064
     6064128            4           7.825     48513024      6064128
     6064128            8          10.800     97026048     12128256
     6064128           16          12.022    194052096     24256512
     6064128           32          15.970    388104192     48513024
     6064128           64          25.147    776208384     97026048
     6064128          128          44.002   1552416768    194052096
     6670336            1          64.721     13340672      1667584
     6670336            2          20.759     26681344      3335168
     6670336            4           9.608     53362688      6670336
     6670336            8           9.297    106725376     13340672
     6670336           16          12.664    213450752     26681344
     6670336           32          17.974    426901504     53362688
     6670336           64          27.532    853803008    106725376
     6670336          128          52.067   1707606016    213450752
     7336960            1          69.159     14673920      1834240
     7336960            2          12.273     29347840      3668480
     7336960            4           8.576     58695680      7336960
     7336960            8          11.150    117391360     14673920
     7336960           16          12.844    234782720     29347840
     7336960           32          18.785    469565440     58695680
     7336960           64          29.646    939130880    117391360
     7336960          128         309.991   1878261760    234782720
     8070144            1          63.779     16140288      2017536
     8070144            2          10.550     32280576      4035072
     8070144            4          10.219     64561152      8070144
     8070144            8          10.891    129122304     16140288
     8070144           16          14.237    258244608     32280576
     8070144           32          19.727    516489216     64561152
     8070144           64          32.481   1032978432    129122304
     8070144          128          57.027   2065956864    258244608
     8877056            1          69.150     17754112      2219264
     8877056            2          17.222     35508224      4438528
     8877056            4          11.832     71016448      8877056
     8877056            8          19.085    142032896     17754112
     8877056           16          36.839    284065792     35508224
     8877056           32          32.631    568131584     71016448
     8877056           64          37.841   1136263168    142032896
     8877056          128          63.509   2272526336    284065792
     9763840            1          77.515     19527680      2440960
     9763840            2          11.411     39055360      4881920
     9763840            4          12.464     78110720      9763840
     9763840            8          12.022    156221440     19527680
     9763840           16          16.131    312442880     39055360
     9763840           32          22.592    624885760     78110720
     9763840           64          38.042   1249771520    156221440
     9763840          128          71.945   2499543040    312442880
    10739712            1          81.703     21479424      2684928
    10739712            2          13.395     42958848      5369856
    10739712            4          10.239     85917696     10739712
    10739712            8          14.978    171835392     21479424
    10739712           16          17.623    343670784     42958848
    10739712           32         219.030    687341568     85917696
    10739712           64          41.027   1374683136    171835392
    11812864            1          93.525     23625728      2953216
    11812864            2          12.413     47251456      5906432
    11812864            4          12.613     94502912     11812864
    11812864            8          16.480    189005824     23625728
    11812864           16          17.924    378011648     47251456
    11812864           32          28.313    756023296     94502912
    11812864           64          45.244   1512046592    189005824
    12993536            1          95.870     25987072      3248384
    12993536            2          16.060     51974144      6496768
    12993536            4          17.122    103948288     12993536
    12993536            8          29.135    207896576     25987072
    12993536           16          26.079    415793152     51974144
    12993536           32          29.184    831586304    103948288
    12993536           64          55.614   1663172608    207896576
    14291968            1         112.752     28583936      3572992
    14291968            2          18.004     57167872      7145984
    14291968            4          12.504    114335744     14291968
    14291968            8          16.681    228671488     28583936
    14291968           16          19.887    457342976     57167872
    14291968           32          31.449    914685952    114335744
    14291968           64          57.067   1829371904    228671488
    15720448            1         112.331     31440896      3930112
    15720448            2          14.507     62881792      7860224
    15720448            4          14.376    125763584     15720448
    15720448            8          16.951    251527168     31440896
    15720448           16          40.165    503054336     62881792
    15720448           32          33.122   1006108672    125763584
    15720448           64          57.157   2012217344    251527168
    17292288            1         148.498     34584576      4323072
    17292288            2          14.748     69169152      8646144
    17292288            4          14.788    138338304     17292288
    17292288            8          18.404    276676608     34584576
    17292288           16          23.544    553353216     69169152
    17292288           32          38.041   1106706432    138338304
    17292288           64          95.619   2213412864    276676608
    19020800            1         142.938     38041600      4755200
    19020800            2          18.144     76083200      9510400
    19020800            4          24.536    152166400     19020800
    19020800            8          18.514    304332800     38041600
    19020800           16          29.004    608665600     76083200
    19020800           32          40.646   1217331200    152166400
    19020800           64          77.004   2434662400    304332800
    20922368            1         142.487     41844736      5230592
    20922368            2          16.381     83689472     10461184
    20922368            4          17.443    167378944     20922368
    20922368            8          20.098    334757888     41844736
    20922368           16          28.493    669515776     83689472
    20922368           32          43.251   1339031552    167378944
    20922368           64          75.381   2678063104    334757888
    23014400            1         178.955     46028800      5753600
    23014400            2          30.096     92057600     11507200
    23014400            4          18.294    184115200     23014400
    23014400            8          20.208    368230400     46028800
    23014400           16          30.347    736460800     92057600
    23014400           32          46.607   1472921600    184115200
    25315328            1         209.021     50630656      6328832
    25315328            2          20.789    101261312     12657664
    25315328            4          18.083    202522624     25315328
    25315328            8          22.662    405045248     50630656
    25315328           16          32.050    810090496    101261312
    25315328           32          73.087   1620180992    202522624
    27846656            1         213.290     55693312      6961664
    27846656            2          21.520    111386624     13923328
    27846656            4          22.923    222773248     27846656
    27846656            8          24.626    445546496     55693312
    27846656           16          35.417    891092992    111386624
    27846656           32          56.807   1782185984    222773248
    30630912            1         236.363     61261824      7657728
    30630912            2          23.504    122523648     15315456
    30630912            4          21.841    245047296     30630912
    30630912            8          26.370    490094592     61261824
    30630912           16          38.542    980189184    122523648
    30630912           32          72.666   1960378368    245047296
    33693696            1         402.874     67387392      8423424
    33693696            2          36.128    134774784     16846848
    33693696            4          24.997    269549568     33693696
    33693696            8          29.696    539099136     67387392
    33693696           16          41.638   1078198272    134774784
    33693696           32          67.296   2156396544    269549568
    37062656            1         270.216     74125312      9265664
    37062656            2          46.457    148250624     18531328
    37062656            4          25.678    296501248     37062656
    37062656            8          31.599    593002496     74125312
    37062656           16          48.090   1186004992    148250624
    37062656           32          73.678   2372009984    296501248
    40768512            1         301.034     81537024     10192128
    40768512            2          51.968    163074048     20384256
    40768512            4          27.582    326148096     40768512
    40768512            8          35.547    652296192     81537024
    40768512           16          50.505   1304592384    163074048
    40768512           32          96.351   2609184768    326148096
    44845056            1         328.405     89690112     11211264
    44845056            2          43.652    179380224     22422528
    44845056            4          28.865    358760448     44845056
    44845056            8          38.142    717520896     89690112
    44845056           16          54.472   1435041792    179380224
    49329152            1         347.471     98658304     12332288
    49329152            2          46.487    197316608     24664576
    49329152            4          33.052    394633216     49329152
    49329152            8          43.151    789266432     98658304
    49329152           16          63.939   1578532864    197316608
    54261760            1         476.783    108523520     13565440
    54261760            2          60.544    217047040     27130880
    54261760            4          36.188    434094080     54261760
    54261760            8          46.908    868188160    108523520
    54261760           16          66.585   1736376320    217047040
    59687936            1         454.712    119375872     14921984
    59687936            2          77.725    238751744     29843968
    59687936            4          47.079    477503488     59687936
    59687936            8          68.027    955006976    119375872
    59687936           16          79.659   1910013952    238751744
    65655808            1         466.785    131311616     16413952
    65655808            2          90.469    262623232     32827904
    65655808            4          65.903    525246464     65655808
    65655808            8          68.468   1050492928    131311616
    65655808           16          93.124   2100985856    262623232
    72220672            1         535.012    144441344     18055168
    72220672            2         124.142    288882688     36110336
    72220672            4          71.113    577765376     72220672
    72220672            8          98.846   1155530752    144441344
    72220672           16         107.382   2311061504    288882688
    79441920            1         551.123    158883840     19860480
    79441920            2         127.499    317767680     39720960
    79441920            4          85.260    635535360     79441920
    79441920            8         100.949   1271070720    158883840
    79441920           16         132.267   2542141440    317767680
    87386112            1         632.134    174772224     21846528
    87386112            2         152.466    349544448     43693056
    87386112            4         105.557    699088896     87386112
    87386112            8         131.796   1398177792    174772224
    96123904            1         688.921    192247808     24030976
    96123904            2         186.339    384495616     48061952
    96123904            4         129.843    768991232     96123904
    96123904            8         147.717   1537982464    192247808
   105736192            1         766.025    211472384     26434048
   105736192            2         208.100    422944768     52868096
   105736192            4         152.175    845889536    105736192
   105736192            8         183.584   1691779072    211472384
   116308992            1        1043.164    232617984     29077248
   116308992            2         231.022    465235968     58154496
   116308992            4         182.211    930471936    116308992
   116308992            8         200.485   1860943872    232617984
   127939584            1         914.644    255879168     31984896
   127939584            2         474.709    511758336     63969792
   127939584            4         188.052   1023516672    127939584
   127939584            8         211.055   2047033344    255879168
   140733440            1        1007.598    281466880     35183360
   140733440            2         271.779    562933760     70366720
   140733440            4         224.500   1125867520    140733440
   140733440            8         245.870   2251735040    281466880
   154806272            1        1107.605    309612544     38701568
   154806272            2         300.423    619225088     77403136
   154806272            4         234.810   1238450176    154806272
   154806272            8         264.716   2476900352    309612544
   170286080            1        1215.497    340572160     42571520
   170286080            2         337.963    681144320     85143040
   170286080            4         269.415   1362288640    170286080
   187314176            1        1326.295    374628352     46828544
   187314176            2         954.898    749256704     93657088
   187314176            4         294.221   1498513408    187314176
   206045184            1        1447.963    412090368     51511296
   206045184            2         388.588    824180736    103022592
   206045184            4         305.792   1648361472    206045184
   226649088            1        1592.643    453298176     56662272
   226649088            2         430.626    906596352    113324544
   226649088            4         314.549   1813192704    226649088
   249313280            1        1767.010    498626560     62328320
   249313280            2         419.004    997253120    124656640
   249313280            4         382.106   1994506240    249313280
   274244608            1        1934.995    548489216     68561152
   274244608            2         477.244   1096978432    137122304
   274244608            4         422.200   2193956864    274244608
   301668352            1        2167.430    603336704     75417088
   301668352            2         467.476   1206673408    150834176
   301668352            4         421.370   2413346816    301668352
   331834368            1        2309.766    663668736     82958592
   331834368            2         550.441   1327337472    165917184
   331834368            4         487.804   2654674944    331834368
   365017088            1        2532.874    730034176     91254272
   365017088            2         576.950   1460068352    182508544
   401518592            1        2813.911    803037184    100379648
   401518592            2         646.090   1606074368    200759296
   441669632            1        3084.629    883339264    110417408
   441669632            2         761.166   1766678528    220834816
   485835776            1        3445.414    971671552    121458944
   485835776            2        1024.318   1943343104    242917888
   534418432            1        3723.525   1068836864    133604608
   534418432            2        1582.635   2137673728    267209216
   587859968            1        4104.448   1175719936    146964992
   587859968            2        3071.113   2351439872    293929984
   646645760            1        4524.686   1293291520    161661440
   646645760            2        5383.594   2586583040    323322880
   711310336            1        4993.194   1422620672    177827584
   782440448            1        5746.614   1564880896    195610112
   860684288            1        6067.205   1721368576    215171072
   946752512            1        6651.450   1893505024    236688128
  1041427456            1        7246.795   2082854912    260356864
  1145569280            1        8028.039   2291138560    286392320
  1260126208            1        8857.792   2520252416    315031552

META_DATA
FLOPS          2
MPI_PROCS      128
ERT_VERSION  1.1.0
HOSTNAME  ('tcn299.local.snellius.surf.nl', [], ['172.18.57.53'])
UNAME  uname_result(system='Linux', node='tcn299.local.snellius.surf.nl', release='4.18.0-372.80.1.el8_6.x86_64', version='#1 SMP Fri Nov 3 14:30:16 EDT 2023', machine='x86_64', processor='x86_64')
TIMESTAMP_DATA  1707397212.130481
CONFIG  {'ERT_RESULTS': ['Results.snellius.01'], 'ERT_DRIVER': ['driver1'], 'ERT_KERNEL': ['kernel1'], 'ERT_MPI': ['True'], 'ERT_MPI_CFLAGS': [], 'ERT_MPI_LDFLAGS': [], 'ERT_OPENMP': ['False'], 'ERT_OPENMP_CFLAGS': ['-fopenmp'], 'ERT_OPENMP_LDFLAGS': ['-fopenmp'], 'ERT_FLOPS': ['1,2,4,8,16,32'], 'ERT_ALIGN': ['32'], 'ERT_CC': ['mpic++'], 'ERT_CFLAGS': ['-Ofast', '-fargument-noalias', '-mavx2'], 'ERT_LD': ['mpic++'], 'ERT_LDFLAGS': [], 'ERT_LDLIBS': [], 'ERT_RUN': ['export', 'OMP_NUM_THREADS=ERT_OPENMP_THREADS;', 'mpirun', '-np', 'ERT_MPI_PROCS', 'ERT_CODE'], 'ERT_PROCS_THREADS': ['32,64,128'], 'ERT_MPI_PROCS': ['32,64,128'], 'ERT_OPENMP_THREADS': [], 'ERT_NUM_EXPERIMENTS': ['5'], 'ERT_MEMORY_MAX': ['1357905920'], 'ERT_WORKING_SET_MIN': ['1'], 'ERT_TRIALS_MIN': ['1'], 'ERT_GNUPLOT': ['gnuplot'], 'ERT_GPU': [False], 'ERT_HIP': [False], 'ERT_PRECISION': ['FP64'], 'ERT_OCL': [False], 'ERT_SYCL': [False], 'ERT_WSS_MULT': [1.1]}
