fp64
        1024            1           8.930         2048         2048
        1024            2           4.281         4096         4096
        1024            4          16.891         8192         8192
        1024            8           4.830        16384        16384
        1024           16           8.260        32768        32768
        1024           32           6.291        65536        65536
        1024           64           5.580       131072       131072
        1024          128           7.310       262144       262144
        1024          256           9.380       524288       524288
        1024          512          16.220      1048576      1048576
        1024         1024          25.461      2097152      2097152
        1024         2048          46.211      4194304      4194304
        1024         4096          87.702      8388608      8388608
        1024         8192         174.534     16777216     16777216
        1024        16384         342.769     33554432     33554432
        1024        32768         694.857     67108864     67108864
        1024        65536        1359.914    134217728    134217728
        1024       131072        2933.993    268435456    268435456
        1024       262144        5559.218    536870912    536870912
        1024       524288       11256.749   1073741824   1073741824
        1024      1048576       22021.266   2147483648   2147483648
        2048            1          15.770         4096         4096
        2048            2          14.771         8192         8192
        2048            4           4.940        16384        16384
        2048            8           4.110        32768        32768
        2048           16           4.790        65536        65536
        2048           32           4.861       131072       131072
        2048           64          11.530       262144       262144
        2048          128           6.310       524288       524288
        2048          256           9.890      1048576      1048576
        2048          512          14.600      2097152      2097152
        2048         1024          26.561      4194304      4194304
        2048         2048          46.832      8388608      8388608
        2048         4096          85.802     16777216     16777216
        2048         8192         168.674     33554432     33554432
        2048        16384         831.291     67108864     67108864
        2048        32768         672.507    134217728    134217728
        2048        65536        1325.533    268435456    268435456
        2048       131072        3122.407    536870912    536870912
        2048       262144        5781.223   1073741824   1073741824
        2048       524288       11087.324   2147483648   2147483648
        3072            1          20.401         6144         6144
        3072            2           3.940        12288        12288
        3072            4           5.861        24576        24576
        3072            8           4.480        49152        49152
        3072           16           5.760        98304        98304
        3072           32           4.890       196608       196608
        3072           64           5.570       393216       393216
        3072          128           6.620       786432       786432
        3072          256           9.460      1572864      1572864
        3072          512          15.880      3145728      3145728
        3072         1024          24.731      6291456      6291456
        3072         2048          48.001     12582912     12582912
        3072         4096          87.732     25165824     25165824
        3072         8192         172.715     50331648     50331648
        3072        16384         348.829    100663296    100663296
        3072        32768         676.447    201326592    201326592
        3072        65536        1364.054    402653184    402653184
        3072       131072        2705.287    805306368    805306368
        3072       262144        5793.054   1610612736   1610612736
        4096            1          10.201         8192         8192
        4096            2           4.290        16384        16384
        4096            4           5.020        32768        32768
        4096            8           4.021        65536        65536
        4096           16           5.410       131072       131072
        4096           32           4.500       262144       262144
        4096           64           6.481       524288       524288
        4096          128           6.400      1048576      1048576
        4096          256          12.080      2097152      2097152
        4096          512          14.781      4194304      4194304
        4096         1024          24.961      8388608      8388608
        4096         2048          73.102     16777216     16777216
        4096         4096          87.522     33554432     33554432
        4096         8192         171.064     67108864     67108864
        4096        16384         337.989    134217728    134217728
        4096        32768         679.587    268435456    268435456
        4096        65536        1349.203    536870912    536870912
        4096       131072        2704.207   1073741824   1073741824
        4096       262144        5822.674   2147483648   2147483648
        5120            1          15.991        10240        10240
        5120            2           4.550        20480        20480
        5120            4           4.390        40960        40960
        5120            8          16.330        81920        81920
        5120           16           4.150       163840       163840
        5120           32           7.161       327680       327680
        5120           64           4.990       655360       655360
        5120          128           7.540      1310720      1310720
        5120          256           9.601      2621440      2621440
        5120          512          14.670      5242880      5242880
        5120         1024          25.321     10485760     10485760
        5120         2048          46.461     20971520     20971520
        5120         4096          91.813     41943040     41943040
        5120         8192         173.214     83886080     83886080
        5120        16384         352.099    167772160    167772160
        5120        32768         680.617    335544320    335544320
        5120        65536        1385.004    671088640    671088640
        5120       131072        3089.306   1342177280   1342177280
        5120       262144        5922.887   2684354560   2684354560
        6144            1           6.300        12288        12288
        6144            2           4.240        24576        24576
        6144            4           5.291        49152        49152
        6144            8           4.260        98304        98304
        6144           16           4.570       196608       196608
        6144           32           4.440       393216       393216
        6144           64           5.681       786432       786432
        6144          128           7.240      1572864      1572864
        6144          256           9.150      3145728      3145728
        6144          512          16.301      6291456      6291456
        6144         1024          25.181     12582912     12582912
        6144         2048          46.181     25165824     25165824
        6144         4096          87.742     50331648     50331648
        6144         8192         171.035    100663296    100663296
        6144        16384         338.408    201326592    201326592
        6144        32768         677.757    402653184    402653184
        6144        65536        1347.594    805306368    805306368
        6144       131072        3158.928   1610612736   1610612736
        7168            1          11.760        14336        14336
        7168            2           4.350        28672        28672
        7168            4           4.741        57344        57344
        7168            8           4.970       114688       114688
        7168           16           4.591       229376       229376
        7168           32           5.620       458752       458752
        7168           64           5.690       917504       917504
        7168          128          11.051      1835008      1835008
        7168          256           9.750      3670016      3670016
        7168          512          15.810      7340032      7340032
        7168         1024          25.270     14680064     14680064
        7168         2048          46.362     29360128     29360128
        7168         4096          88.652     58720256     58720256
        7168         8192         172.375    117440512    117440512
        7168        16384         341.488    234881024    234881024
        7168        32768         683.367    469762048    469762048
        7168        65536        1356.364    939524096    939524096
        7168       131072        3191.059   1879048192   1879048192
        8192            1           5.881        16384        16384
        8192            2           4.870        32768        32768
        8192            4           4.280        65536        65536
        8192            8           9.921       131072       131072
        8192           16           7.190       262144       262144
        8192           32          10.450       524288       524288
        8192           64           8.070      1048576      1048576
        8192          128          10.340      2097152      2097152
        8192          256          11.391      4194304      4194304
        8192          512          29.211      8388608      8388608
        8192         1024          25.010     16777216     16777216
        8192         2048          45.991     33554432     33554432
        8192         4096          89.982     67108864     67108864
        8192         8192         175.525    134217728    134217728
        8192        16384         350.408    268435456    268435456
        8192        32768         673.646    536870912    536870912
        8192        65536        1356.324   1073741824   1073741824
        8192       131072        2694.767   2147483648   2147483648
        9216            1           4.470        18432        18432
        9216            2           4.320        36864        36864
        9216            4           4.711        73728        73728
        9216            8           6.220       147456       147456
        9216           16           4.100       294912       294912
        9216           32           5.210       589824       589824
        9216           64           5.481      1179648      1179648
        9216          128           6.920      2359296      2359296
        9216          256          10.101      4718592      4718592
        9216          512          14.700      9437184      9437184
        9216         1024          25.341     18874368     18874368
        9216         2048          46.201     37748736     37748736
        9216         4096          89.753     75497472     75497472
        9216         8192         182.274    150994944    150994944
        9216        16384         348.999    301989888    301989888
        9216        32768         760.059    603979776    603979776
        9216        65536        1456.096   1207959552   1207959552
        9216       131072        3180.579   2415919104   2415919104
       10240            1          17.640        20480        20480
       10240            2           5.770        40960        40960
       10240            4           4.740        81920        81920
       10240            8           5.070       163840       163840
       10240           16           4.291       327680       327680
       10240           32           5.030       655360       655360
       10240           64           6.340      1310720      1310720
       10240          128           6.600      2621440      2621440
       10240          256          10.670      5242880      5242880
       10240          512          14.930     10485760     10485760
       10240         1024          26.440     20971520     20971520
       10240         2048          46.411     41943040     41943040
       10240         4096          88.962     83886080     83886080
       10240         8192         172.684    167772160    167772160
       10240        16384         341.639    335544320    335544320
       10240        32768         682.487    671088640    671088640
       10240        65536        1368.054   1342177280   1342177280
       10240       131072        2735.978   2684354560   2684354560
       11264            1           4.940        22528        22528
       11264            2           4.550        45056        45056
       11264            4           3.740        90112        90112
       11264            8           4.180       180224       180224
       11264           16           4.611       360448       360448
       11264           32           4.620       720896       720896
       11264           64           6.460      1441792      1441792
       11264          128           6.520      2883584      2883584
       11264          256          10.360      5767168      5767168
       11264          512          15.010     11534336     11534336
       11264         1024          25.520     23068672     23068672
       11264         2048          46.631     46137344     46137344
       11264         4096          99.042     92274688     92274688
       11264         8192         173.334    184549376    184549376
       11264        16384         341.818    369098752    369098752
       11264        32768         687.557    738197504    738197504
       11264        65536        1881.846   1476395008   1476395008
       12288            1           7.630        24576        24576
       12288            2           4.300        49152        49152
       12288            4           4.650        98304        98304
       12288            8           5.180       196608       196608
       12288           16           4.630       393216       393216
       12288           32           5.940       786432       786432
       12288           64           5.331      1572864      1572864
       12288          128           9.030      3145728      3145728
       12288          256           9.610      6291456      6291456
       12288          512          15.031     12582912     12582912
       12288         1024          25.341     25165824     25165824
       12288         2048          46.311     50331648     50331648
       12288         4096         103.783    100663296    100663296
       12288         8192         173.184    201326592    201326592
       12288        16384         342.189    402653184    402653184
       12288        32768        1159.149    805306368    805306368
       12288        65536        1363.404   1610612736   1610612736
       13312            1          18.191        26624        26624
       13312            2         530.964        53248        53248
       13312            4           4.460       106496       106496
       13312            8           4.490       212992       212992
       13312           16           6.460       425984       425984
       13312           32           5.241       851968       851968
       13312           64           6.900      1703936      1703936
       13312          128           6.970      3407872      3407872
       13312          256          10.151      6815744      6815744
       13312          512          14.890     13631488     13631488
       13312         1024          25.721     27262976     27262976
       13312         2048          47.321     54525952     54525952
       13312         4096          88.823    109051904    109051904
       13312         8192         184.984    218103808    218103808
       13312        16384         342.039    436207616    436207616
       13312        32768         688.847    872415232    872415232
       13312        65536        1368.374   1744830464   1744830464
       14336            1           6.150        28672        28672
       14336            2           4.770        57344        57344
       14336            4           4.770       114688       114688
       14336            8           6.261       229376       229376
       14336           16           4.280       458752       458752
       14336           32           6.220       917504       917504
       14336           64           5.320      1835008      1835008
       14336          128           6.980      3670016      3670016
       14336          256          10.470      7340032      7340032
       14336          512          14.331     14680064     14680064
       14336         1024          25.190     29360128     29360128
       14336         2048          46.341     58720256     58720256
       14336         4096          98.482    117440512    117440512
       14336         8192         179.975    234881024    234881024
       14336        16384         342.188    469762048    469762048
       14336        32768         685.557    939524096    939524096
       14336        65536        1361.564   1879048192   1879048192
       15360            1           4.220        30720        30720
       15360            2           4.090        61440        61440
       15360            4           5.300       122880       122880
       15360            8           4.160       245760       245760
       15360           16           7.290       491520       491520
       15360           32           5.100       983040       983040
       15360           64           5.640      1966080      1966080
       15360          128           6.851      3932160      3932160
       15360          256           9.760      7864320      7864320
       15360          512          16.310     15728640     15728640
       15360         1024          25.810     31457280     31457280
       15360         2048          49.232     62914560     62914560
       15360         4096          90.302    125829120    125829120
       15360         8192         177.555    251658240    251658240
       15360        16384         357.499    503316480    503316480
       15360        32768         700.387   1006632960   1006632960
       15360        65536        1402.015   2013265920   2013265920
       16384            1          18.630        32768        32768
       16384            2          15.400        65536        65536
       16384            4           4.790       131072       131072
       16384            8           5.941       262144       262144
       16384           16           4.720       524288       524288
       16384           32           5.300      1048576      1048576
       16384           64           6.090      2097152      2097152
       16384          128           6.720      4194304      4194304
       16384          256          10.580      8388608      8388608
       16384          512          14.801     16777216     16777216
       16384         1024          27.090     33554432     33554432
       16384         2048          46.991     67108864     67108864
       16384         4096          89.442    134217728    134217728
       16384         8192         183.305    268435456    268435456
       16384        16384         344.728    536870912    536870912
       16384        32768         690.797   1073741824   1073741824
       16384        65536        1370.484   2147483648   2147483648
       17408            1          15.250        34816        34816
       17408            2           4.331        69632        69632
       17408            4           5.250       139264       139264
       17408            8           4.460       278528       278528
       17408           16           4.980       557056       557056
       17408           32           4.831      1114112      1114112
       17408           64           5.350      2228224      2228224
       17408          128           7.390      4456448      4456448
       17408          256           9.561      8912896      8912896
       17408          512          16.480     17825792     17825792
       17408         1024          25.861     35651584     35651584
       17408         2048          57.691     71303168     71303168
       17408         4096          91.022    142606336    142606336
       17408         8192         177.454    285212672    285212672
       17408        16384         352.468    570425344    570425344
       17408        32768         706.358   1140850688   1140850688
       17408        65536        1406.355   2281701376   2281701376
       18432            1          17.640        36864        36864
       18432            2           6.000        73728        73728
       18432            4           4.940       147456       147456
       18432            8           4.890       294912       294912
       18432           16           4.820       589824       589824
       18432           32           4.930      1179648      1179648
       18432           64           6.110      2359296      2359296
       18432          128           6.980      4718592      4718592
       18432          256          17.341      9437184      9437184
       18432          512          14.880     18874368     18874368
       18432         1024          25.921     37748736     37748736
       18432         2048          46.671     75497472     75497472
       18432         4096          90.013    150994944    150994944
       18432         8192         175.584    301989888    301989888
       18432        16384         354.369    603979776    603979776
       18432        32768         691.068   1207959552   1207959552
       18432        65536        1409.925   2415919104   2415919104
       19456            1           9.200        38912        38912
       19456            2           4.300        77824        77824
       19456            4           5.710       155648       155648
       19456            8           4.390       311296       311296
       19456           16           4.650       622592       622592
       19456           32           5.810      1245184      1245184
       19456           64           5.940      2490368      2490368
       19456          128           9.071      4980736      4980736
       19456          256          10.240      9961472      9961472
       19456          512          17.431     19922944     19922944
       19456         1024          30.160     39845888     39845888
       19456         2048          55.441     79691776     79691776
       19456         4096         106.763    159383552    159383552
       19456         8192         218.215    318767104    318767104
       19456        16384         414.261    637534208    637534208
       19456        32768         849.351   1275068416   1275068416
       19456        65536        2164.924   2550136832   2550136832
       20480            1           3.970        40960        40960
       20480            2           4.761        81920        81920
       20480            4           5.170       163840       163840
       20480            8           4.380       327680       327680
       20480           16           5.990       655360       655360
       20480           32           4.920      1310720      1310720
       20480           64           7.170      2621440      2621440
       20480          128           6.870      5242880      5242880
       20480          256           9.381     10485760     10485760
       20480          512          14.720     20971520     20971520
       20480         1024          25.701     41943040     41943040
       20480         2048          47.021     83886080     83886080
       20480         4096          89.643    167772160    167772160
       20480         8192         185.364    335544320    335544320
       20480        16384         347.228    671088640    671088640
       20480        32768         698.308   1342177280   1342177280
       20480        65536        1385.764   2684354560   2684354560
       22528            1          15.000        45056        45056
       22528            2           4.580        90112        90112
       22528            4           4.520       180224       180224
       22528            8           4.220       360448       360448
       22528           16          10.590       720896       720896
       22528           32          10.800      1441792      1441792
       22528           64           7.170      2883584      2883584
       22528          128           7.340      5767168      5767168
       22528          256          10.731     11534336     11534336
       22528          512          16.930     23068672     23068672
       22528         1024          29.771     46137344     46137344
       22528         2048          54.612     92274688     92274688
       22528         4096         105.202    184549376    184549376
       22528         8192         203.745    369098752    369098752
       22528        16384         405.870    738197504    738197504
       22528        32768        1346.663   1476395008   1476395008
       24576            1           4.600        49152        49152
       24576            2           4.810        98304        98304
       24576            4           4.350       196608       196608
       24576            8           5.410       393216       393216
       24576           16           4.821       786432       786432
       24576           32           6.620      1572864      1572864
       24576           64           5.840      3145728      3145728
       24576          128           7.550      6291456      6291456
       24576          256          10.720     12582912     12582912
       24576          512          16.630     25165824     25165824
       24576         1024          28.970     50331648     50331648
       24576         2048          54.112    100663296    100663296
       24576         4096         105.653    201326592    201326592
       24576         8192         204.045    402653184    402653184
       24576        16384         413.990    805306368    805306368
       24576        32768         823.601   1610612736   1610612736
       26624            1         107.883        53248        53248
       26624            2           4.170       106496       106496
       26624            4           4.421       212992       212992
       26624            8           4.900       425984       425984
       26624           16           4.690       851968       851968
       26624           32           7.550      1703936      1703936
       26624           64           6.100      3407872      3407872
       26624          128           8.280      6815744      6815744
       26624          256          11.990     13631488     13631488
       26624          512          20.850     27262976     27262976
       26624         1024          34.971     54525952     54525952
       26624         2048          67.922    109051904    109051904
       26624         4096         132.083    218103808    218103808
       26624         8192         267.536    436207616    436207616
       26624        16384         520.563    872415232    872415232
       26624        32768        1046.386   1744830464   1744830464
       28672            1          11.550        57344        57344
       28672            2           3.320       114688       114688
       28672            4           4.260       229376       229376
       28672            8           5.350       458752       458752
       28672           16           4.580       917504       917504
       28672           32          16.460      1835008      1835008
       28672           64           6.210      3670016      3670016
       28672          128           7.651      7340032      7340032
       28672          256          11.220     14680064     14680064
       28672          512          19.041     29360128     29360128
       28672         1024          33.571     58720256     58720256
       28672         2048          62.341    117440512    117440512
       28672         4096         122.453    234881024    234881024
       28672         8192         237.136    469762048    469762048
       28672        16384         493.972    939524096    939524096
       28672        32768         942.333   1879048192   1879048192
       30720            1           4.850        61440        61440
       30720            2           4.010       122880       122880
       30720            4           4.270       245760       245760
       30720            8           5.091       491520       491520
       30720           16           4.660       983040       983040
       30720           32           5.350      1966080      1966080
       30720           64           6.310      3932160      3932160
       30720          128           8.430      7864320      7864320
       30720          256          12.850     15728640     15728640
       30720          512          21.091     31457280     31457280
       30720         1024          38.181     62914560     62914560
       30720         2048          72.182    125829120    125829120
       30720         4096         140.283    251658240    251658240
       30720         8192         277.757    503316480    503316480
       30720        16384        1072.806   1006632960   1006632960
       30720        32768        1117.497   2013265920   2013265920
       33792            1          19.051        67584        67584
       33792            2          11.630       135168       135168
       33792            4           4.420       270336       270336
       33792            8           4.880       540672       540672
       33792           16           4.850      1081344      1081344
       33792           32           7.681      2162688      2162688
       33792           64           6.490      4325376      4325376
       33792          128           9.140      8650752      8650752
       33792          256          13.291     17301504     17301504
       33792          512          22.930     34603008     34603008
       33792         1024          42.722     69206016     69206016
       33792         2048          79.932    138412032    138412032
       33792         4096         157.384    276824064    276824064
       33792         8192         316.608    553648128    553648128
       33792        16384         614.095   1107296256   1107296256
       33792        32768        1241.801   2214592512   2214592512
       36864            1          15.550        73728        73728
       36864            2           4.040       147456       147456
       36864            4           4.430       294912       294912
       36864            8           5.840       589824       589824
       36864           16           4.870      1179648      1179648
       36864           32           6.641      2359296      2359296
       36864           64           6.470      4718592      4718592
       36864          128          10.930      9437184      9437184
       36864          256          13.111     18874368     18874368
       36864          512          22.920     37748736     37748736
       36864         1024          41.641     75497472     75497472
       36864         2048          79.072    150994944    150994944
       36864         4096         155.564    301989888    301989888
       36864         8192         324.218    603979776    603979776
       36864        16384         613.755   1207959552   1207959552
       36864        32768        1212.491   2415919104   2415919104
       39936            1          16.080        79872        79872
       39936            2           4.090       159744       159744
       39936            4           4.331       319488       319488
       39936            8           7.540       638976       638976
       39936           16           4.740      1277952      1277952
       39936           32           7.451      2555904      2555904
       39936           64           6.950      5111808      5111808
       39936          128           9.890     10223616     10223616
       39936          256          15.581     20447232     20447232
       39936          512          27.191     40894464     40894464
       39936         1024          51.401     81788928     81788928
       39936         2048          96.573    163577856    163577856
       39936         4096         190.254    327155712    327155712
       39936         8192         375.299    654311424    654311424
       39936        16384         755.929   1308622848   1308622848
       39936        32768        1498.387   2617245696   2617245696
       43008            1          23.781        86016        86016
       43008            2           3.760       172032       172032
       43008            4           4.380       344064       344064
       43008            8           5.431       688128       688128
       43008           16           4.950      1376256      1376256
       43008           32           5.930      2752512      2752512
       43008           64           6.970      5505024      5505024
       43008          128          10.410     11010048     11010048
       43008          256          15.120     22020096     22020096
       43008          512          27.010     44040192     44040192
       43008         1024          50.082     88080384     88080384
       43008         2048          95.752    176160768    176160768
       43008         4096         187.535    352321536    352321536
       43008         8192         371.279    704643072    704643072
       43008        16384         745.819   1409286144   1409286144
       47104            1           4.210        94208        94208
       47104            2           4.431       188416       188416
       47104            4           4.690       376832       376832
       47104            8           4.610       753664       753664
       47104           16           6.210      1507328      1507328
       47104           32           5.740      3014656      3014656
       47104           64           9.020      6029312      6029312
       47104          128          10.290     12058624     12058624
       47104          256          16.820     24117248     24117248
       47104          512          28.731     48234496     48234496
       47104         1024          54.451     96468992     96468992
       47104         2048         104.722    192937984    192937984
       47104         4096         213.496    385875968    385875968
       47104         8192         407.490    771751936    771751936
       47104        16384         818.900   1543503872   1543503872
       51200            1           5.511       102400       102400
       51200            2           4.320       204800       204800
       51200            4           4.690       409600       409600
       51200            8           4.750       819200       819200
       51200           16           5.010      1638400      1638400
       51200           32           6.380      3276800      3276800
       51200           64           7.670      6553600      6553600
       51200          128          11.420     13107200     13107200
       51200          256          17.590     26214400     26214400
       51200          512          32.450     52428800     52428800
       51200         1024          58.352    104857600    104857600
       51200         2048         114.333    209715200    209715200
       51200         4096         224.496    419430400    419430400
       51200         8192         450.231    838860800    838860800
       51200        16384         889.242   1677721600   1677721600
       56320            1           4.760       112640       112640
       56320            2           5.470       225280       225280
       56320            4           4.430       450560       450560
       56320            8           5.220       901120       901120
       56320           16           5.190      1802240      1802240
       56320           32           6.000      3604480      3604480
       56320           64           9.180      7208960      7208960
       56320          128          11.761     14417920     14417920
       56320          256          21.160     28835840     28835840
       56320          512          35.511     57671680     57671680
       56320         1024          66.862    115343360    115343360
       56320         2048         133.814    230686720    230686720
       56320         4096         261.426    461373440    461373440
       56320         8192         518.453    922746880    922746880
       56320        16384        1043.106   1845493760   1845493760
       61440            1           4.580       122880       122880
       61440            2           4.070       245760       245760
       61440            4           5.090       491520       491520
       61440            8           4.680       983040       983040
       61440           16           5.250      1966080      1966080
       61440           32           5.970      3932160      3932160
       61440           64           8.171      7864320      7864320
       61440          128          12.580     15728640     15728640
       61440          256          19.761     31457280     31457280
       61440          512          35.831     62914560     62914560
       61440         1024          65.812    125829120    125829120
       61440         2048         129.823    251658240    251658240
       61440         4096         254.276    503316480    503316480
       61440         8192         516.602   1006632960   1006632960
       61440        16384        1009.035   2013265920   2013265920
       67584            1           4.690       135168       135168
       67584            2           6.300       270336       270336
       67584            4           4.501       540672       540672
       67584            8           6.150      1081344      1081344
       67584           16           5.570      2162688      2162688
       67584           32           6.460      4325376      4325376
       67584           64           9.380      8650752      8650752
       67584          128          12.520     17301504     17301504
       67584          256          22.831     34603008     34603008
       67584          512          40.171     69206016     69206016
       67584         1024          77.872    138412032    138412032
       67584         2048         148.954    276824064    276824064
       67584         4096         294.427    553648128    553648128
       67584         8192         589.654   1107296256   1107296256
       67584        16384        1171.839   2214592512   2214592512
       73728            1           5.890       147456       147456
       73728            2           3.870       294912       294912
       73728            4           5.950       589824       589824
       73728            8           4.510      1179648      1179648
       73728           16           6.230      2359296      2359296
       73728           32           6.721      4718592      4718592
       73728           64           9.100      9437184      9437184
       73728          128          13.700     18874368     18874368
       73728          256          23.020     37748736     37748736
       73728          512          42.871     75497472     75497472
       73728         1024          79.182    150994944    150994944
       73728         2048         155.063    301989888    301989888
       73728         4096         312.877    603979776    603979776
       73728         8192         609.695   1207959552   1207959552
       73728        16384        1222.240   2415919104   2415919104
       80896            1           5.020       161792       161792
       80896            2           4.680       323584       323584
       80896            4           4.760       647168       647168
       80896            8           5.450      1294336      1294336
       80896           16           5.270      2588672      2588672
       80896           32           8.310      5177344      5177344
       80896           64           9.520     10354688     10354688
       80896          128          15.930     20709376     20709376
       80896          256          26.391     41418752     41418752
       80896          512          48.401     82837504     82837504
       80896         1024          92.523    165675008    165675008
       80896         2048         180.294    331350016    331350016
       80896         4096         357.269    662700032    662700032
       80896         8192         715.688   1325400064   1325400064
       80896        16384        1439.346   2650800128   2650800128
       88064            1           5.270       176128       176128
       88064            2           4.350       352256       352256
       88064            4          11.981       704512       704512
       88064            8           4.720      1409024      1409024
       88064           16           6.720      2818048      2818048
       88064           32           6.760      5636096      5636096
       88064           64          10.920     11272192     11272192
       88064          128          15.240     22544384     22544384
       88064          256          27.131     45088768     45088768
       88064          512          61.192     90177536     90177536
       88064         1024          95.282    180355072    180355072
       88064         2048         188.764    360710144    360710144
       88064         4096         371.780    721420288    721420288
       88064         8192         751.448   1442840576   1442840576
       96256            1           4.780       192512       192512
       96256            2           4.610       385024       385024
       96256            4           5.341       770048       770048
       96256            8           5.390      1540096      1540096
       96256           16           5.380      3080192      3080192
       96256           32           7.030      6160384      6160384
       96256           64          10.690     12320768     12320768
       96256          128          16.170     24641536     24641536
       96256          256          31.350     49283072     49283072
       96256          512          54.252     98566144     98566144
       96256         1024         104.152    197132288    197132288
       96256         2048         204.955    394264576    394264576
       96256         4096         940.433    788529152    788529152
       96256         8192         811.951   1577058304   1577058304
      105472            1           4.550       210944       210944
      105472            2           5.470       421888       421888
      105472            4           4.850       843776       843776
      105472            8           5.431      1687552      1687552
      105472           16           5.860      3375104      3375104
      105472           32           8.010      6750208      6750208
      105472           64          12.011     13500416     13500416
      105472          128          18.400     27000832     27000832
      105472          256          33.971     54001664     54001664
      105472          512          65.622    108003328    108003328
      105472         1024         127.503    216006656    216006656
      105472         2048         230.396    432013312    432013312
      105472         4096         456.842    864026624    864026624
      105472         8192         915.082   1728053248   1728053248
      115712            1          26.481       231424       231424
      115712            2           4.870       462848       462848
      115712            4           4.440       925696       925696
      115712            8           6.380      1851392      1851392
      115712           16           5.710      3702784      3702784
      115712           32           8.510      7405568      7405568
      115712           64          12.280     14811136     14811136
      115712          128          21.770     29622272     29622272
      115712          256          34.790     59244544     59244544
      115712          512          64.631    118489088    118489088
      115712         1024         125.884    236978176    236978176
      115712         2048         247.856    473956352    473956352
      115712         4096         496.472    947912704    947912704
      115712         8192         989.055   1895825408   1895825408
      126976            1          13.160       253952       253952
      126976            2           4.311       507904       507904
      126976            4           4.730      1015808      1015808
      126976            8           6.170      2031616      2031616
      126976           16           6.520      4063232      4063232
      126976           32           9.481      8126464      8126464
      126976           64          12.310     16252928     16252928
      126976          128          20.381     32505856     32505856
      126976          256          38.441     65011712     65011712
      126976          512          70.802    130023424    130023424
      126976         1024         135.623    260046848    260046848
      126976         2048         268.717    520093696    520093696
      126976         4096         522.403   1040187392   1040187392
      126976         8192        1587.310   2080374784   2080374784
      139264            1          21.321       278528       278528
      139264            2           4.100       557056       557056
      139264            4           5.201      1114112      1114112
      139264            8           5.700      2228224      2228224
      139264           16           6.300      4456448      4456448
      139264           32           9.261      8912896      8912896
      139264           64          13.190     17825792     17825792
      139264          128          23.891     35651584     35651584
      139264          256          39.091     71303168     71303168
      139264          512          75.222    142606336    142606336
      139264         1024         146.754    285212672    285212672
      139264         2048         295.467    570425344    570425344
      139264         4096         571.814   1140850688   1140850688
      139264         8192        1142.608   2281701376   2281701376
      152576            1           8.140       305152       305152
      152576            2           4.440       610304       610304
      152576            4           6.200      1220608      1220608
      152576            8           5.480      2441216      2441216
      152576           16           7.121      4882432      4882432
      152576           32           9.250      9764864      9764864
      152576           64          14.460     19529728     19529728
      152576          128          24.060     39059456     39059456
      152576          256          43.541     78118912     78118912
      152576          512          85.862    156237824    156237824
      152576         1024         174.384    312475648    312475648
      152576         2048         322.118    624951296    624951296
      152576         4096         647.076   1249902592   1249902592
      152576         8192        1355.763   2499805184   2499805184
      166912            1           4.740       333824       333824
      166912            2           4.330       667648       667648
      166912            4           7.481      1335296      1335296
      166912            8           5.220      2670592      2670592
      166912           16           8.660      5341184      5341184
      166912           32           9.191     10682368     10682368
      166912           64          16.310     21364736     21364736
      166912          128          25.941     42729472     42729472
      166912          256          47.881     85458944     85458944
      166912          512          93.803    170917888    170917888
      166912         1024         181.004    341835776    341835776
      166912         2048         363.039    683671552    683671552
      166912         4096         707.907   1367343104   1367343104
      183296            1           8.260       366592       366592
      183296            2           4.450       733184       733184
      183296            4           5.100      1466368      1466368
      183296            8           6.190      2932736      2932736
      183296           16           6.980      5865472      5865472
      183296           32          11.170     11730944     11730944
      183296           64          16.111     23461888     23461888
      183296          128          29.151     46923776     46923776
      183296          256          52.081     93847552     93847552
      183296          512         113.443    187695104    187695104
      183296         1024         197.665    375390208    375390208
      183296         2048         389.590    750780416    750780416
      183296         4096         778.899   1501560832   1501560832
      200704            1           5.111       401408       401408
      200704            2           4.910       802816       802816
      200704            4           4.800      1605632      1605632
      200704            8           5.900      3211264      3211264
      200704           16           6.620      6422528      6422528
      200704           32          10.290     12845056     12845056
      200704           64          17.381     25690112     25690112
      200704          128          29.221     51380224     51380224
      200704          256          55.901    102760448    102760448
      200704          512         107.393    205520896    205520896
      200704         1024         209.765    411041792    411041792
      200704         2048         421.611    822083584    822083584
      200704         4096         830.491   1644167168   1644167168
      220160            1          16.610       440320       440320
      220160            2           4.470       880640       880640
      220160            4           5.930      1761280      1761280
      220160            8           6.340      3522560      3522560
      220160           16           8.620      7045120      7045120
      220160           32          11.150     14090240     14090240
      220160           64          18.680     28180480     28180480
      220160          128          33.090     56360960     56360960
      220160          256          61.471    112721920    112721920
      220160          512         119.203    225443840    225443840
      220160         1024         236.306    450887680    450887680
      220160         2048         476.412    901775360    901775360
      220160         4096         923.483   1803550720   1803550720
      241664            1           6.961       483328       483328
      241664            2           4.190       966656       966656
      241664            4           5.200      1933312      1933312
      241664            8           7.351      3866624      3866624
      241664           16           7.980      7733248      7733248
      241664           32          12.540     15466496     15466496
      241664           64          19.241     30932992     30932992
      241664          128          45.151     61865984     61865984
      241664          256          67.242    123731968    123731968
      241664          512         127.083    247463936    247463936
      241664         1024         250.137    494927872    494927872
      241664         2048         497.302    989855744    989855744
      241664         4096         999.515   1979711488   1979711488
      265216            1          19.350       530432       530432
      265216            2           5.251      1060864      1060864
      265216            4           5.320      2121728      2121728
      265216            8           7.250      4243456      4243456
      265216           16           8.651      8486912      8486912
      265216           32          12.860     16973824     16973824
      265216           64          21.041     33947648     33947648
      265216          128          38.501     67895296     67895296
      265216          256          76.292    135790592    135790592
      265216          512         144.534    271581184    271581184
      265216         1024         290.807    543162368    543162368
      265216         2048         556.584   1086324736   1086324736
      265216         4096        1118.378   2172649472   2172649472
      290816            1          11.990       581632       581632
      290816            2           5.411      1163264      1163264
      290816            4           5.100      2326528      2326528
      290816            8           6.120      4653056      4653056
      290816           16           9.331      9306112      9306112
      290816           32          12.830     18612224     18612224
      290816           64          23.321     37224448     37224448
      290816          128          41.211     74448896     74448896
      290816          256          81.182    148897792    148897792
      290816          512         152.224    297795584    297795584
      290816         1024         301.408    595591168    595591168
      290816         2048         608.505   1191182336   1191182336
      290816         4096        1195.410   2382364672   2382364672
      319488            1          21.420       638976       638976
      319488            2           4.471      1277952      1277952
      319488            4           5.850      2555904      2555904
      319488            8           6.900      5111808      5111808
      319488           16           8.950     10223616     10223616
      319488           32          14.220     20447232     20447232
      319488           64          23.941     40894464     40894464
      319488          128          46.451     81788928     81788928
      319488          256          84.922    163577856    163577856
      319488          512         170.124    327155712    327155712
      319488         1024         328.688    654311424    654311424
      319488         2048         663.387   1308622848   1308622848
      319488         4096        1315.303   2617245696   2617245696
      351232            1           4.831       702464       702464
      351232            2           4.990      1404928      1404928
      351232            4           5.510      2809856      2809856
      351232            8           7.801      5619712      5619712
      351232           16           9.780     11239424     11239424
      351232           32          17.240     22478848     22478848
      351232           64          27.160     44957696     44957696
      351232          128          52.282     89915392     89915392
      351232          256         101.382    179830784    179830784
      351232          512         185.125    359661568    359661568
      351232         1024         377.100    719323136    719323136
      351232         2048         731.148   1438646272   1438646272
      386048            1          10.371       772096       772096
      386048            2           4.560      1544192      1544192
      386048            4           7.470      3088384      3088384
      386048            8           7.151      6176768      6176768
      386048           16          10.290     12353536     12353536
      386048           32          17.741     24707072     24707072
      386048           64          28.670     49414144     49414144
      386048          128          64.251     98828288     98828288
      386048          256         103.873    197656576    197656576
      386048          512         203.595    395313152    395313152
      386048         1024         403.640    790626304    790626304
      386048         2048        1308.423   1581252608   1581252608
      423936            1           4.740       847872       847872
      423936            2           4.430      1695744      1695744
      423936            4           6.801      3391488      3391488
      423936            8           7.170      6782976      6782976
      423936           16          11.600     13565952     13565952
      423936           32          17.301     27131904     27131904
      423936           64          31.151     54263808     54263808
      423936          128          58.191    108527616    108527616
      423936          256         114.042    217055232    217055232
      423936          512         224.715    434110464    434110464
      423936         1024         446.022    868220928    868220928
      423936         2048         877.601   1736441856   1736441856
      465920            1           8.391       931840       931840
      465920            2           5.360      1863680      1863680
      465920            4           5.480      3727360      3727360
      465920            8           8.111      7454720      7454720
      465920           16          12.420     14909440     14909440
      465920           32          19.011     29818880     29818880
      465920           64          48.451     59637760     59637760
      465920          128          63.772    119275520    119275520
      465920          256         126.313    238551040    238551040
      465920          512         245.756    477102080    477102080
      465920         1024         486.422    954204160    954204160
      465920         2048         994.684   1908408320   1908408320
      512000            1           4.200      1024000      1024000
      512000            2           5.700      2048000      2048000
      512000            4           5.880      4096000      4096000
      512000            8          10.151      8192000      8192000
      512000           16          13.600     16384000     16384000
      512000           32          20.351     32768000     32768000
      512000           64          39.511     65536000     65536000
      512000          128          80.152    131072000    131072000
      512000          256         134.274    262144000    262144000
      512000          512         268.526    524288000    524288000
      512000         1024         534.413   1048576000   1048576000
      512000         2048        1052.596   2097152000   2097152000
      563200            1           6.030      1126400      1126400
      563200            2           4.810      2252800      2252800
      563200            4           6.670      4505600      4505600
      563200            8         535.524      9011200      9011200
      563200           16          11.700     18022400     18022400
      563200           32          22.891     36044800     36044800
      563200           64          43.491     72089600     72089600
      563200          128          76.922    144179200    144179200
      563200          256         149.074    288358400    288358400
      563200          512         299.478    576716800    576716800
      563200         1024         583.444   1153433600   1153433600
      563200         2048        1707.253   2306867200   2306867200
      619520            1           5.620      1239040      1239040
      619520            2           4.840      2478080      2478080
      619520            4           7.480      4956160      4956160
      619520            8           8.920      9912320      9912320
      619520           16          13.810     19824640     19824640
      619520           32          22.981     39649280     39649280
      619520           64          43.871     79298560     79298560
      619520          128          83.482    158597120    158597120
      619520          256         162.454    317194240    317194240
      619520          512         328.038    634388480    634388480
      619520         1024         641.116   1268776960   1268776960
      619520         2048        1291.912   2537553920   2537553920
      680960            1           8.401      1361920      1361920
      680960            2           5.350      2723840      2723840
      680960            4           6.490      5447680      5447680
      680960            8          11.481     10895360     10895360
      680960           16          14.970     21790720     21790720
      680960           32          25.271     43581440     43581440
      680960           64          49.111     87162880     87162880
      680960          128          91.023    174325760    174325760
      680960          256         180.564    348651520    348651520
      680960          512         351.768    697303040    697303040
      680960         1024         710.958   1394606080   1394606080
      748544            1          32.371      1497088      1497088
      748544            2           5.090      2994176      2994176
      748544            4           7.170      5988352      5988352
      748544            8           9.880     11976704     11976704
      748544           16          16.070     23953408     23953408
      748544           32          27.431     47906816     47906816
      748544           64          52.301     95813632     95813632
      748544          128         103.663    191627264    191627264
      748544          256         206.805    383254528    383254528
      748544          512         391.720    766509056    766509056
      748544         1024         780.390   1533018112   1533018112
      823296            1           7.230      1646592      1646592
      823296            2           5.100      3293184      3293184
      823296            4           9.260      6586368      6586368
      823296            8          10.060     13172736     13172736
      823296           16          17.081     26345472     26345472
      823296           32          29.281     52690944     52690944
      823296           64          59.271    105381888    105381888
      823296          128         109.343    210763776    210763776
      823296          256         217.126    421527552    421527552
      823296          512         433.821    843055104    843055104
      823296         1024         851.961   1686110208   1686110208
      905216            1           7.690      1810432      1810432
      905216            2           5.391      3620864      3620864
      905216            4           7.710      7241728      7241728
      905216            8          11.770     14483456     14483456
      905216           16          17.891     28966912     28966912
      905216           32          45.661     57933824     57933824
      905216           64          61.142    115867648    115867648
      905216          128         119.423    231735296    231735296
      905216          256         238.566    463470592    463470592
      905216          512         464.882    926941184    926941184
      905216         1024         934.103   1853882368   1853882368
      995328            1           5.590      1990656      1990656
      995328            2           6.651      3981312      3981312
      995328            4           7.800      7962624      7962624
      995328            8          13.150     15925248     15925248
      995328           16          19.411     31850496     31850496
      995328           32          35.791     63700992     63700992
      995328           64          67.652    127401984    127401984
      995328          128         137.583    254803968    254803968
      995328          256         257.377    509607936    509607936
      995328          512         513.703   1019215872   1019215872
      995328         1024        1030.055   2038431744   2038431744
     1094656            1           7.210      2189312      2189312
     1094656            2           7.200      4378624      4378624
     1094656            4           7.861      8757248      8757248
     1094656            8          12.700     17514496     17514496
     1094656           16          21.401     35028992     35028992
     1094656           32          38.451     70057984     70057984
     1094656           64          74.742    140115968    140115968
     1094656          128         151.544    280231936    280231936
     1094656          256         285.167    560463872    560463872
     1094656          512        1123.178   1120927744   1120927744
     1094656         1024        1128.478   2241855488   2241855488
     1203200            1           7.730      2406400      2406400
     1203200            2           5.730      4812800      4812800
     1203200            4           8.181      9625600      9625600
     1203200            8          12.960     19251200     19251200
     1203200           16          24.501     38502400     38502400
     1203200           32          41.651     77004800     77004800
     1203200           64          80.732    154009600    154009600
     1203200          128         167.724    308019200    308019200
     1203200          256         315.177    616038400    616038400
     1203200          512         642.166   1232076800   1232076800
     1203200         1024        1244.241   2464153600   2464153600
     1323008            1           6.941      2646016      2646016
     1323008            2           7.590      5292032      5292032
     1323008            4          11.070     10584064     10584064
     1323008            8          13.660     21168128     21168128
     1323008           16          25.451     42336256     42336256
     1323008           32          45.561     84672512     84672512
     1323008           64          90.132    169345024    169345024
     1323008          128         173.835    338690048    338690048
     1323008          256         339.918    677380096    677380096
     1323008          512         688.208   1354760192   1354760192
     1323008         1024        1364.283   2709520384   2709520384
     1455104            1           9.340      2910208      2910208
     1455104            2           5.991      5820416      5820416
     1455104            4           9.540     11640832     11640832
     1455104            8          15.671     23281664     23281664
     1455104           16          26.990     46563328     46563328
     1455104           32          60.562     93126656     93126656
     1455104           64         101.253    186253312    186253312
     1455104          128         190.364    372506624    372506624
     1455104          256         378.899    745013248    745013248
     1455104          512         757.249   1490026496   1490026496
     1600512            1           4.340      3201024      3201024
     1600512            2           6.600      6402048      6402048
     1600512            4          10.080     12804096     12804096
     1600512            8          16.091     25608192     25608192
     1600512           16          29.601     51216384     51216384
     1600512           32          55.271    102432768    102432768
     1600512           64         107.843    204865536    204865536
     1600512          128         207.315    409731072    409731072
     1600512          256         429.970    819462144    819462144
     1600512          512         831.891   1638924288   1638924288
     1760256            1           8.520      3520512      3520512
     1760256            2           8.310      7041024      7041024
     1760256            4          10.670     14082048     14082048
     1760256            8          19.111     28164096     28164096
     1760256           16          31.991     56328192     56328192
     1760256           32          60.311    112656384    112656384
     1760256           64         115.622    225312768    225312768
     1760256          128         231.555    450625536    450625536
     1760256          256         464.362    901251072    901251072
     1760256          512         907.293   1802502144   1802502144
     1935360            1           8.660      3870720      3870720
     1935360            2           6.700      7741440      7741440
     1935360            4          12.960     15482880     15482880
     1935360            8          18.330     30965760     30965760
     1935360           16          35.011     61931520     61931520
     1935360           32          75.502    123863040    123863040
     1935360           64         128.333    247726080    247726080
     1935360          128         254.476    495452160    495452160
     1935360          256         499.092    990904320    990904320
     1935360          512        1003.235   1981808640   1981808640
     2128896            1          10.311      4257792      4257792
     2128896            2           7.670      8515584      8515584
     2128896            4          11.951     17031168     17031168
     2128896            8          20.200     34062336     34062336
     2128896           16          37.621     68124672     68124672
     2128896           32          70.712    136249344    136249344
     2128896           64         153.954    272498688    272498688
     2128896          128         277.757    544997376    544997376
     2128896          256         551.054   1089994752   1089994752
     2128896          512        1107.508   2179989504   2179989504
     2340864            1          11.860      4681728      4681728
     2340864            2           8.110      9363456      9363456
     2340864            4          11.740     18726912     18726912
     2340864            8          32.131     37453824     37453824
     2340864           16          39.881     74907648     74907648
     2340864           32          81.032    149815296    149815296
     2340864           64         152.563    299630592    299630592
     2340864          128         305.317    599261184    599261184
     2340864          256         609.595   1198522368   1198522368
     2340864          512        1212.170   2397044736   2397044736
     2574336            1          10.500      5148672      5148672
     2574336            2           7.820     10297344     10297344
     2574336            4          14.260     20594688     20594688
     2574336            8          24.161     41189376     41189376
     2574336           16          44.851     82378752     82378752
     2574336           32          84.982    164757504    164757504
     2574336           64         167.154    329515008    329515008
     2574336          128         344.808    659030016    659030016
     2574336          256         661.317   1318060032   1318060032
     2574336          512        1330.843   2636120064   2636120064
     2831360            1          11.520      5662720      5662720
     2831360            2           9.211     11325440     11325440
     2831360            4          14.740     22650880     22650880
     2831360            8          34.051     45301760     45301760
     2831360           16          47.561     90603520     90603520
     2831360           32          93.242    181207040    181207040
     2831360           64         187.115    362414080    362414080
     2831360          128         366.389    724828160    724828160
     2831360          256         734.138   1449656320   1449656320
     3113984            1          12.031      6227968      6227968
     3113984            2          10.040     12455936     12455936
     3113984            4          14.951     24911872     24911872
     3113984            8          27.330     49823744     49823744
     3113984           16          56.691     99647488     99647488
     3113984           32         106.843    199294976    199294976
     3113984           64         201.175    398589952    398589952
     3113984          128         408.900    797179904    797179904
     3113984          256         803.560   1594359808   1594359808
     3425280            1          15.401      6850560      6850560
     3425280            2          11.590     13701120     13701120
     3425280            4          15.941     27402240     27402240
     3425280            8          30.481     54804480     54804480
     3425280           16          57.131    109608960    109608960
     3425280           32         120.173    219217920    219217920
     3425280           64         225.475    438435840    438435840
     3425280          128         444.081    876871680    876871680
     3425280          256         892.862   1753743360   1753743360
     3767296            1          13.600      7534592      7534592
     3767296            2          11.450     15069184     15069184
     3767296            4          17.850     30138368     30138368
     3767296            8          34.581     60276736     60276736
     3767296           16          62.992    120553472    120553472
     3767296           32         123.473    241106944    241106944
     3767296           64         252.386    482213888    482213888
     3767296          128         487.462    964427776    964427776
     3767296          256         974.504   1928855552   1928855552
     4143104            1          14.130      8286208      8286208
     4143104            2          10.260     16572416     16572416
     4143104            4          18.670     33144832     33144832
     4143104            8          35.210     66289664     66289664
     4143104           16          69.791    132579328    132579328
     4143104           32         140.124    265158656    265158656
     4143104           64         277.857    530317312    530317312
     4143104          128         533.413   1060634624   1060634624
     4143104          256        1071.806   2121269248   2121269248
     4556800            1          14.220      9113600      9113600
     4556800            2          10.931     18227200     18227200
     4556800            4          21.480     36454400     36454400
     4556800            8          38.151     72908800     72908800
     4556800           16          75.922    145817600    145817600
     4556800           32         147.263    291635200    291635200
     4556800           64         298.918    583270400    583270400
     4556800          128         584.364   1166540800   1166540800
     4556800          256        1181.919   2333081600   2333081600
     5012480            1          17.521     10024960     10024960
     5012480            2          11.250     20049920     20049920
     5012480            4          23.150     40099840     40099840
     5012480            8          41.571     80199680     80199680
     5012480           16          90.293    160399360    160399360
     5012480           32         165.444    320798720    320798720
     5012480           64         321.378    641597440    641597440
     5012480          128         667.767   1283194880   1283194880
     5012480          256        1289.292   2566389760   2566389760
     5513216            1          16.861     11026432     11026432
     5513216            2          12.200     22052864     22052864
     5513216            4          26.081     44105728     44105728
     5513216            8          44.981     88211456     88211456
     5513216           16          88.972    176422912    176422912
     5513216           32         176.604    352845824    352845824
     5513216           64         358.739    705691648    705691648
     5513216          128         702.938   1411383296   1411383296
     6064128            1          18.241     12128256     12128256
     6064128            2          14.350     24256512     24256512
     6064128            4          25.191     48513024     48513024
     6064128            8          56.612     97026048     97026048
     6064128           16          97.332    194052096    194052096
     6064128           32         209.565    388104192    388104192
     6064128           64         391.219    776208384    776208384
     6064128          128         782.560   1552416768   1552416768
     6670336            1          19.480     13340672     13340672
     6670336            2          13.841     26681344     26681344
     6670336            4          29.541     53362688     53362688
     6670336            8          53.501    106725376    106725376
     6670336           16         106.783    213450752    213450752
     6670336           32         213.425    426901504    426901504
     6670336           64         503.492    853803008    853803008
     6670336          128         856.091   1707606016   1707606016
     7336960            1          21.941     14673920     14673920
     7336960            2          15.480     29347840     29347840
     7336960            4          40.351     58695680     58695680
     7336960            8          61.391    117391360    117391360
     7336960           16         116.993    234782720    234782720
     7336960           32         234.056    469565440    469565440
     7336960           64         470.822    939130880    939130880
     7336960          128         943.703   1878261760   1878261760
     8070144            1          22.891     16140288     16140288
     8070144            2          15.791     32280576     32280576
     8070144            4          33.441     64561152     64561152
     8070144            8          64.221    129122304    129122304
     8070144           16         140.844    258244608    258244608
     8070144           32         262.557    516489216    516489216
     8070144           64         514.282   1032978432   1032978432
     8070144          128        1034.275   2065956864   2065956864
     8877056            1          24.671     17754112     17754112
     8877056            2          17.991     35508224     35508224
     8877056            4          35.021     71016448     71016448
     8877056            8          71.181    142032896    142032896
     8877056           16         168.344    284065792    284065792
     8877056           32         282.987    568131584    568131584
     8877056           64         567.404   1136263168   1136263168
     8877056          128        1147.259   2272526336   2272526336
     9763840            1          37.541     19527680     19527680
     9763840            2          21.631     39055360     39055360
     9763840            4          39.701     78110720     78110720
     9763840            8          76.702    156221440    156221440
     9763840           16         158.784    312442880    312442880
     9763840           32         311.338    624885760    624885760
     9763840           64         626.976   1249771520   1249771520
     9763840          128        1247.231   2499543040   2499543040
    10739712            1          28.880     21479424     21479424
    10739712            2          20.860     42958848     42958848
    10739712            4          41.201     85917696     85917696
    10739712            8          84.602    171835392    171835392
    10739712           16         169.334    343670784    343670784
    10739712           32         351.189    687341568    687341568
    10739712           64         680.907   1374683136   1374683136
    11812864            1          31.261     23625728     23625728
    11812864            2          22.621     47251456     47251456
    11812864            4          44.591     94502912     94502912
    11812864            8          93.422    189005824    189005824
    11812864           16         197.695    378011648    378011648
    11812864           32         378.379    756023296    756023296
    11812864           64         756.269   1512046592   1512046592
    12993536            1          33.661     25987072     25987072
    12993536            2          23.061     51974144     51974144
    12993536            4          49.151    103948288    103948288
    12993536            8         102.263    207896576    207896576
    12993536           16         203.735    415793152    415793152
    12993536           32         411.020    831586304    831586304
    12993536           64         832.511   1663172608   1663172608
    14291968            1          38.771     28583936     28583936
    14291968            2          24.680     57167872     57167872
    14291968            4          73.361    114335744    114335744
    14291968            8         111.592    228671488    228671488
    14291968           16         236.006    457342976    457342976
    14291968           32         454.682    914685952    914685952
    14291968           64         915.083   1829371904   1829371904
    15720448            1          40.421     31440896     31440896
    15720448            2          26.991     62881792     62881792
    15720448            4          58.141    125763584    125763584
    15720448            8         121.383    251527168    251527168
    15720448           16         246.036    503054336    503054336
    15720448           32         502.153   1006108672   1006108672
    15720448           64        1002.495   2012217344   2012217344
    17292288            1          43.071     34584576     34584576
    17292288            2          29.181     69169152     69169152
    17292288            4          64.042    138338304    138338304
    17292288            8         136.663    276676608    276676608
    17292288           16         273.566    553353216    553353216
    17292288           32         549.754   1106706432   1106706432
    17292288           64        1104.818   2213412864   2213412864
    19020800            1          47.961     38041600     38041600
    19020800            2          31.581     76083200     76083200
    19020800            4          69.682    152166400    152166400
    19020800            8         146.094    304332800    304332800
    19020800           16         296.717    608665600    608665600
    19020800           32         611.415   1217331200   1217331200
    19020800           64        1208.840   2434662400   2434662400
    20922368            1          52.591     41844736     41844736
    20922368            2          34.190     83689472     83689472
    20922368            4          77.231    167378944    167378944
    20922368            8         161.944    334757888    334757888
    20922368           16         333.548    669515776    669515776
    20922368           32         658.287   1339031552   1339031552
    20922368           64        1337.623   2678063104   2678063104
    23014400            1          55.931     46028800     46028800
    23014400            2          37.261     92057600     92057600
    23014400            4          85.743    184115200    184115200
    23014400            8         174.914    368230400    368230400
    23014400           16         357.729    736460800    736460800
    23014400           32         728.438   1472921600   1472921600
    25315328            1          60.822     50630656     50630656
    25315328            2          41.341    101261312    101261312
    25315328            4          95.402    202522624    202522624
    25315328            8         192.864    405045248    405045248
    25315328           16         402.000    810090496    810090496
    25315328           32         803.309   1620180992   1620180992
    27846656            1          66.192     55693312     55693312
    27846656            2          44.751    111386624    111386624
    27846656            4         109.352    222773248    222773248
    27846656            8         211.576    445546496    445546496
    27846656           16         432.191    891092992    891092992
    27846656           32         887.962   1782185984   1782185984
    30630912            1          74.762     61261824     61261824
    30630912            2          49.862    122523648    122523648
    30630912            4         110.623    245047296    245047296
    30630912            8         231.875    490094592    490094592
    30630912           16         488.732    980189184    980189184
    30630912           32         973.314   1960378368   1960378368
    33693696            1          81.622     67387392     67387392
    33693696            2          53.691    134774784    134774784
    33693696            4         120.063    269549568    269549568
    33693696            8         257.376    539099136    539099136
    33693696           16         530.543   1078198272   1078198272
    33693696           32        1063.947   2156396544   2156396544
    37062656            1          87.712     74125312     74125312
    37062656            2          57.691    148250624    148250624
    37062656            4         133.094    296501248    296501248
    37062656            8         279.157    593002496    593002496
    37062656           16         580.164   1186004992   1186004992
    37062656           32        1172.699   2372009984   2372009984
    40768512            1          95.762     81537024     81537024
    40768512            2          63.152    163074048    163074048
    40768512            4         144.953    326148096    326148096
    40768512            8         309.947    652296192    652296192
    40768512           16         644.606   1304592384   1304592384
    40768512           32        1285.342   2609184768   2609184768
    44845056            1         108.602     89690112     89690112
    44845056            2          69.542    179380224    179380224
    44845056            4         171.315    358760448    358760448
    44845056            8         337.468    717520896    717520896
    44845056           16         697.848   1435041792   1435041792
    49329152            1         116.423     98658304     98658304
    49329152            2          86.862    197316608    197316608
    49329152            4         174.164    394633216    394633216
    49329152            8         371.870    789266432    789266432
    49329152           16         768.889   1578532864   1578532864
    54261760            1         127.503    108523520    108523520
    54261760            2          82.652    217047040    217047040
    54261760            4         190.434    434094080    434094080
    54261760            8         409.871    868188160    868188160
    54261760           16         841.131   1736376320   1736376320
    59687936            1         140.684    119375872    119375872
    59687936            2          91.422    238751744    238751744
    59687936            4         217.886    477503488    477503488
    59687936            8         446.641    955006976    955006976
    59687936           16         928.673   1910013952   1910013952
    65655808            1         148.644    131311616    131311616
    65655808            2          99.992    262623232    262623232
    65655808            4         230.075    525246464    525246464
    65655808            8         505.943   1050492928   1050492928
    65655808           16        1021.025   2100985856   2100985856
    72220672            1         173.114    144441344    144441344
    72220672            2         110.733    288882688    288882688
    72220672            4         252.556    577765376    577765376
    72220672            8         544.234   1155530752   1155530752
    72220672           16        1141.518   2311061504   2311061504
    79441920            1         184.594    158883840    158883840
    79441920            2         120.503    317767680    317767680
    79441920            4         277.637    635535360    635535360
    79441920            8         600.875   1271070720   1271070720
    79441920           16        1233.790   2542141440   2542141440
    87386112            1         192.894    174772224    174772224
    87386112            2         133.043    349544448    349544448
    87386112            4         304.968    699088896    699088896
    87386112            8         662.316   1398177792   1398177792
    96123904            1         203.726    192247808    192247808
    96123904            2         146.254    384495616    384495616
    96123904            4         336.958    768991232    768991232
    96123904            8         728.628   1537982464   1537982464
   105736192            1         219.476    211472384    211472384
   105736192            2         161.474    422944768    422944768
   105736192            4         378.490    845889536    845889536
   105736192            8         788.189   1691779072   1691779072
   116308992            1         231.896    232617984    232617984
   116308992            2         179.015    465235968    465235968
   116308992            4         406.420    930471936    930471936
   116308992            8         871.782   1860943872   1860943872
   127939584            1         246.946    255879168    255879168
   127939584            2         198.665    511758336    511758336
   127939584            4         444.801   1023516672   1023516672
   127939584            8         960.873   2047033344   2047033344
   140733440            1         245.756    281466880    281466880
   140733440            2         229.236    562933760    562933760
   140733440            4         491.832   1125867520   1125867520
   140733440            8        1083.116   2251735040   2251735040
   154806272            1         249.696    309612544    309612544
   154806272            2         247.856    619225088    619225088
   154806272            4         553.774   1238450176   1238450176
   154806272            8        1156.589   2476900352   2476900352
   170286080            1         249.876    340572160    340572160
   170286080            2         267.026    681144320    681144320
   170286080            4         599.454   1362288640   1362288640
   187314176            1         257.607    374628352    374628352
   187314176            2         299.747    749256704    749256704
   187314176            4         668.456   1498513408   1498513408
   206045184            1         268.437    412090368    412090368
   206045184            2         331.128    824180736    824180736
   206045184            4         721.628   1648361472   1648361472
   226649088            1         285.457    453298176    453298176
   226649088            2         359.298    906596352    906596352
   226649088            4         795.039   1813192704   1813192704
   249313280            1         306.398    498626560    498626560
   249313280            2         396.760    997253120    997253120
   249313280            4         891.682   1994506240   1994506240
   274244608            1         331.428    548489216    548489216
   274244608            2         440.451   1096978432   1096978432
   274244608            4         959.304   2193956864   2193956864
   301668352            1         347.768    603336704    603336704
   301668352            2         484.212   1206673408   1206673408
   301668352            4        1052.496   2413346816   2413346816
   331834368            1         385.869    663668736    663668736
   331834368            2         511.952   1327337472   1327337472
   331834368            4        1149.228   2654674944   2654674944
   365017088            1         423.811    730034176    730034176
   365017088            2         558.334   1460068352   1460068352
   401518592            1         453.621    803037184    803037184
   401518592            2         594.885   1606074368   1606074368
   441669632            1         517.743    883339264    883339264
   441669632            2         657.607   1766678528   1766678528
   485835776            1         578.674    971671552    971671552
   485835776            2         733.528   1943343104   1943343104
   534418432            1         633.256   1068836864   1068836864
   534418432            2         867.012   2137673728   2137673728
   587859968            1         712.258   1175719936   1175719936
   587859968            2        1016.885   2351439872   2351439872
   646645760            1         877.531   1293291520   1293291520
   646645760            2        1295.852   2586583040   2586583040
   711310336            1        1012.015   1422620672   1422620672
   782440448            1        1235.920   1564880896   1564880896
   860684288            1        1425.285   1721368576   1721368576
   946752512            1        1666.691   1893505024   1893505024
  1041427456            1        1940.908   2082854912   2082854912
  1145569280            1        2240.735   2291138560   2291138560
  1260126208            1        2582.734   2520252416   2520252416

META_DATA
FLOPS          16
MPI_PROCS      128
ERT_VERSION  1.1.0
HOSTNAME  ('tcn1101.local.snellius.surf.nl', [], ['172.18.60.87'])
UNAME  uname_result(system='Linux', node='tcn1101.local.snellius.surf.nl', release='4.18.0-372.80.1.el8_6.x86_64', version='#1 SMP Fri Nov 3 14:30:16 EDT 2023', machine='x86_64', processor='x86_64')
TIMESTAMP_DATA  1707410118.1419766
CONFIG  {'ERT_RESULTS': ['Results.snellius.genoa.01'], 'ERT_DRIVER': ['driver1'], 'ERT_KERNEL': ['kernel1'], 'ERT_MPI': ['True'], 'ERT_MPI_CFLAGS': [], 'ERT_MPI_LDFLAGS': [], 'ERT_OPENMP': ['False'], 'ERT_OPENMP_CFLAGS': ['-fopenmp'], 'ERT_OPENMP_LDFLAGS': ['-fopenmp'], 'ERT_FLOPS': ['1,2,4,8,16'], 'ERT_ALIGN': ['32'], 'ERT_CC': ['mpic++'], 'ERT_CFLAGS': ['-Ofast', '-fargument-noalias', '-mavx2'], 'ERT_LD': ['mpic++'], 'ERT_LDFLAGS': [], 'ERT_LDLIBS': [], 'ERT_RUN': ['export', 'OMP_NUM_THREADS=ERT_OPENMP_THREADS;', 'mpirun', '-np', 'ERT_MPI_PROCS', 'ERT_CODE'], 'ERT_PROCS_THREADS': ['64,128'], 'ERT_MPI_PROCS': ['64,128'], 'ERT_OPENMP_THREADS': [], 'ERT_NUM_EXPERIMENTS': ['5'], 'ERT_MEMORY_MAX': ['1357905920'], 'ERT_WORKING_SET_MIN': ['1'], 'ERT_TRIALS_MIN': ['1'], 'ERT_GNUPLOT': ['gnuplot'], 'ERT_GPU': [False], 'ERT_HIP': [False], 'ERT_PRECISION': ['FP64'], 'ERT_OCL': [False], 'ERT_SYCL': [False], 'ERT_WSS_MULT': [1.1]}
