fp64
        1024            1          10.490         2048         2048
        1024            2           3.870         4096         4096
        1024            4          43.741         8192         8192
        1024            8           4.750        16384        16384
        1024           16           7.420        32768        32768
        1024           32           5.381        65536        65536
        1024           64           5.740       131072       131072
        1024          128           7.500       262144       262144
        1024          256           9.361       524288       524288
        1024          512          15.970      1048576      1048576
        1024         1024          25.181      2097152      2097152
        1024         2048          45.971      4194304      4194304
        1024         4096          87.962      8388608      8388608
        1024         8192         173.544     16777216     16777216
        1024        16384         340.099     33554432     33554432
        1024        32768         691.957     67108864     67108864
        1024        65536        1368.594    134217728    134217728
        1024       131072        2780.259    268435456    268435456
        1024       262144        5563.118    536870912    536870912
        1024       524288       10917.981   1073741824   1073741824
        1024      1048576       21649.857   2147483648   2147483648
        2048            1           8.091         4096         4096
        2048            2          15.130         8192         8192
        2048            4           5.311        16384        16384
        2048            8           4.540        32768        32768
        2048           16           6.020        65536        65536
        2048           32           4.740       131072       131072
        2048           64          11.070       262144       262144
        2048          128           6.630       524288       524288
        2048          256           9.351      1048576      1048576
        2048          512          13.930      2097152      2097152
        2048         1024          27.021      4194304      4194304
        2048         2048          45.641      8388608      8388608
        2048         4096          86.532     16777216     16777216
        2048         8192         168.394     33554432     33554432
        2048        16384         331.698     67108864     67108864
        2048        32768         674.587    134217728    134217728
        2048        65536        1332.893    268435456    268435456
        2048       131072        2655.356    536870912    536870912
        2048       262144        5330.633   1073741824   1073741824
        2048       524288       10590.392   2147483648   2147483648
        3072            1           4.640         6144         6144
        3072            2           4.090        12288        12288
        3072            4           4.980        24576        24576
        3072            8           4.480        49152        49152
        3072           16           5.000        98304        98304
        3072           32           5.020       196608       196608
        3072           64           5.810       393216       393216
        3072          128           7.030       786432       786432
        3072          256           9.240      1572864      1572864
        3072          512          21.810      3145728      3145728
        3072         1024          24.971      6291456      6291456
        3072         2048          46.701     12582912     12582912
        3072         4096          87.662     25165824     25165824
        3072         8192         172.574     50331648     50331648
        3072        16384         351.539    100663296    100663296
        3072        32768         675.517    201326592    201326592
        3072        65536        1364.024    402653184    402653184
        3072       131072        2710.267    805306368    805306368
        3072       262144        5405.935   1610612736   1610612736
        4096            1           4.450         8192         8192
        4096            2           4.600        16384        16384
        4096            4           4.091        32768        32768
        4096            8           4.600        65536        65536
        4096           16           4.810       131072       131072
        4096           32           4.991       262144       262144
        4096           64           6.360       524288       524288
        4096          128           7.080      1048576      1048576
        4096          256          10.501      2097152      2097152
        4096          512          14.670      4194304      4194304
        4096         1024          25.401      8388608      8388608
        4096         2048          46.151     16777216     16777216
        4096         4096          87.552     33554432     33554432
        4096         8192         171.884     67108864     67108864
        4096        16384         348.779    134217728    134217728
        4096        32768         672.786    268435456    268435456
        4096        65536        1359.233    536870912    536870912
        4096       131072        2697.727   1073741824   1073741824
        4096       262144        5410.724   2147483648   2147483648
        5120            1           4.580        10240        10240
        5120            2           4.120        20480        20480
        5120            4           4.790        40960        40960
        5120            8          12.700        81920        81920
        5120           16           4.410       163840       163840
        5120           32           5.770       327680       327680
        5120           64           5.610       655360       655360
        5120          128           7.160      1310720      1310720
        5120          256           9.121      2621440      2621440
        5120          512          14.640      5242880      5242880
        5120         1024          26.421     10485760     10485760
        5120         2048          46.491     20971520     20971520
        5120         4096          90.192     41943040     41943040
        5120         8192         172.854     83886080     83886080
        5120        16384         342.859    167772160    167772160
        5120        32768         688.507    335544320    335544320
        5120        65536        1371.204    671088640    671088640
        5120       131072        2722.018   1342177280   1342177280
        5120       262144        5447.385   2684354560   2684354560
        6144            1           4.850        12288        12288
        6144            2           4.390        24576        24576
        6144            4           6.121        49152        49152
        6144            8           4.640        98304        98304
        6144           16           4.740       196608       196608
        6144           32           5.180       393216       393216
        6144           64           5.260       786432       786432
        6144          128           8.100      1572864      1572864
        6144          256           8.970      3145728      3145728
        6144          512          14.940      6291456      6291456
        6144         1024          25.661     12582912     12582912
        6144         2048          46.491     25165824     25165824
        6144         4096          87.372     50331648     50331648
        6144         8192         170.915    100663296    100663296
        6144        16384         337.768    201326592    201326592
        6144        32768         679.577    402653184    402653184
        6144        65536        1348.704    805306368    805306368
        6144       131072        2699.007   1610612736   1610612736
        7168            1           7.570        14336        14336
        7168            2           4.250        28672        28672
        7168            4           5.130        57344        57344
        7168            8           4.140       114688       114688
        7168           16           4.480       229376       229376
        7168           32           6.130       458752       458752
        7168           64           6.460       917504       917504
        7168          128          12.790      1835008      1835008
        7168          256          10.100      3670016      3670016
        7168          512          15.191      7340032      7340032
        7168         1024          24.641     14680064     14680064
        7168         2048          46.101     29360128     29360128
        7168         4096          88.402     58720256     58720256
        7168         8192         172.555    117440512    117440512
        7168        16384         351.248    234881024    234881024
        7168        32768         676.186    469762048    469762048
        7168        65536        1364.523    939524096    939524096
        7168       131072        2736.387   1879048192   1879048192
        8192            1           5.400        16384        16384
        8192            2           3.930        32768        32768
        8192            4           4.070        65536        65536
        8192            8           5.800       131072       131072
        8192           16           4.620       262144       262144
        8192           32           6.110       524288       524288
        8192           64           5.080      1048576      1048576
        8192          128           7.380      2097152      2097152
        8192          256          10.150      4194304      4194304
        8192          512          14.481      8388608      8388608
        8192         1024          25.020     16777216     16777216
        8192         2048          46.102     33554432     33554432
        8192         4096          88.252     67108864     67108864
        8192         8192         171.314    134217728    134217728
        8192        16384         339.549    268435456    268435456
        8192        32768         684.887    536870912    536870912
        8192        65536        1350.154   1073741824   1073741824
        8192       131072        2724.898   2147483648   2147483648
        9216            1           5.160        18432        18432
        9216            2           5.050        36864        36864
        9216            4           4.300        73728        73728
        9216            8          15.880       147456       147456
        9216           16           4.360       294912       294912
        9216           32           4.910       589824       589824
        9216           64           5.520      1179648      1179648
        9216          128           7.170      2359296      2359296
        9216          256           9.110      4718592      4718592
        9216          512          14.600      9437184      9437184
        9216         1024          25.881     18874368     18874368
        9216         2048          46.211     37748736     37748736
        9216         4096          90.532     75497472     75497472
        9216         8192         173.624    150994944    150994944
        9216        16384         351.709    301989888    301989888
        9216        32768         682.297    603979776    603979776
        9216        65536        1359.214   1207959552   1207959552
        9216       131072        2729.548   2415919104   2415919104
       10240            1           4.250        20480        20480
       10240            2           5.770        40960        40960
       10240            4           4.290        81920        81920
       10240            8           4.910       163840       163840
       10240           16           4.910       327680       327680
       10240           32           5.110       655360       655360
       10240           64           5.960      1310720      1310720
       10240          128           6.360      2621440      2621440
       10240          256          22.091      5242880      5242880
       10240          512          15.180     10485760     10485760
       10240         1024          37.711     20971520     20971520
       10240         2048          46.862     41943040     41943040
       10240         4096          89.033     83886080     83886080
       10240         8192         173.184    167772160    167772160
       10240        16384         341.739    335544320    335544320
       10240        32768         688.347    671088640    671088640
       10240        65536        1361.044   1342177280   1342177280
       10240       131072        2722.428   2684354560   2684354560
       11264            1           7.241        22528        22528
       11264            2           4.780        45056        45056
       11264            4           4.390        90112        90112
       11264            8           4.461       180224       180224
       11264           16           5.700       360448       360448
       11264           32           4.850       720896       720896
       11264           64           5.960      1441792      1441792
       11264          128           6.910      2883584      2883584
       11264          256          10.710      5767168      5767168
       11264          512          14.690     11534336     11534336
       11264         1024          25.471     23068672     23068672
       11264         2048          47.191     46137344     46137344
       11264         4096          88.472     92274688     92274688
       11264         8192         173.224    184549376    184549376
       11264        16384         351.079    369098752    369098752
       11264        32768         680.127    738197504    738197504
       11264        65536        1369.854   1476395008   1476395008
       12288            1           4.930        24576        24576
       12288            2           4.810        49152        49152
       12288            4           4.810        98304        98304
       12288            8           4.900       196608       196608
       12288           16           4.720       393216       393216
       12288           32           5.900       786432       786432
       12288           64           5.080      1572864      1572864
       12288          128           8.220      3145728      3145728
       12288          256           9.210      6291456      6291456
       12288          512          14.911     12582912     12582912
       12288         1024          25.320     25165824     25165824
       12288         2048          46.401     50331648     50331648
       12288         4096          89.592    100663296    100663296
       12288         8192         173.315    201326592    201326592
       12288        16384         342.538    402653184    402653184
       12288        32768         688.297    805306368    805306368
       12288        65536        1370.324   1610612736   1610612736
       13312            1           4.550        26624        26624
       13312            2           3.940        53248        53248
       13312            4           4.890       106496       106496
       13312            8           4.190       212992       212992
       13312           16           6.050       425984       425984
       13312           32           5.050       851968       851968
       13312           64           6.380      1703936      1703936
       13312          128           6.710      3407872      3407872
       13312          256           9.551      6815744      6815744
       13312          512          14.530     13631488     13631488
       13312         1024          36.111     27262976     27262976
       13312         2048          47.572     54525952     54525952
       13312         4096          89.142    109051904    109051904
       13312         8192         174.534    218103808    218103808
       13312        16384         342.268    436207616    436207616
       13312        32768         695.847    872415232    872415232
       13312        65536        1379.354   1744830464   1744830464
       14336            1           4.110        28672        28672
       14336            2           3.950        57344        57344
       14336            4           5.010       114688       114688
       14336            8           5.460       229376       229376
       14336           16           5.210       458752       458752
       14336           32           5.690       917504       917504
       14336           64           5.390      1835008      1835008
       14336          128           7.251      3670016      3670016
       14336          256           9.110      7340032      7340032
       14336          512          14.390     14680064     14680064
       14336         1024          25.520     29360128     29360128
       14336         2048          46.251     58720256     58720256
       14336         4096          97.852    117440512    117440512
       14336         8192         181.585    234881024    234881024
       14336        16384         342.118    469762048    469762048
       14336        32768         683.377    939524096    939524096
       14336        65536        1359.603   1879048192   1879048192
       15360            1           5.880        30720        30720
       15360            2           4.090        61440        61440
       15360            4           6.740       122880       122880
       15360            8           4.190       245760       245760
       15360           16           5.260       491520       491520
       15360           32           4.930       983040       983040
       15360           64           6.050      1966080      1966080
       15360          128           7.171      3932160      3932160
       15360          256           9.400      7864320      7864320
       15360          512          15.410     15728640     15728640
       15360         1024          25.890     31457280     31457280
       15360         2048          48.932     62914560     62914560
       15360         4096          90.852    125829120    125829120
       15360         8192         177.684    251658240    251658240
       15360        16384         359.219    503316480    503316480
       15360        32768         706.197   1006632960   1006632960
       15360        65536        1466.976   2013265920   2013265920
       16384            1           3.970        32768        32768
       16384            2           5.890        65536        65536
       16384            4           4.060       131072       131072
       16384            8           6.730       262144       262144
       16384           16           4.530       524288       524288
       16384           32           5.630      1048576      1048576
       16384           64           5.500      2097152      2097152
       16384          128           6.831      4194304      4194304
       16384          256          10.270      8388608      8388608
       16384          512          14.660     16777216     16777216
       16384         1024          28.300     33554432     33554432
       16384         2048          46.842     67108864     67108864
       16384         4096          89.812    134217728    134217728
       16384         8192         174.754    268435456    268435456
       16384        16384         352.218    536870912    536870912
       16384        32768         685.437   1073741824   1073741824
       16384        65536        1375.914   2147483648   2147483648
       17408            1           5.390        34816        34816
       17408            2           4.140        69632        69632
       17408            4           6.191       139264       139264
       17408            8           4.500       278528       278528
       17408           16           4.970       557056       557056
       17408           32           5.270      1114112      1114112
       17408           64           5.600      2228224      2228224
       17408          128           8.690      4456448      4456448
       17408          256           9.620      8912896      8912896
       17408          512          17.130     17825792     17825792
       17408         1024          25.571     35651584     35651584
       17408         2048          48.341     71303168     71303168
       17408         4096          90.922    142606336    142606336
       17408         8192         178.084    285212672    285212672
       17408        16384         352.079    570425344    570425344
       17408        32768         705.848   1140850688   1140850688
       17408        65536        1427.415   2281701376   2281701376
       18432            1           3.760        36864        36864
       18432            2           5.420        73728        73728
       18432            4           4.140       147456       147456
       18432            8           5.190       294912       294912
       18432           16           4.180       589824       589824
       18432           32           4.580      1179648      1179648
       18432           64           7.271      2359296      2359296
       18432          128           6.960      4718592      4718592
       18432          256          13.311      9437184      9437184
       18432          512          14.830     18874368     18874368
       18432         1024          25.781     37748736     37748736
       18432         2048          46.931     75497472     75497472
       18432         4096          89.923    150994944    150994944
       18432         8192         175.134    301989888    301989888
       18432        16384         346.319    603979776    603979776
       18432        32768         696.447   1207959552   1207959552
       18432        65536        1381.825   2415919104   2415919104
       19456            1           9.290        38912        38912
       19456            2           4.340        77824        77824
       19456            4           4.480       155648       155648
       19456            8           5.390       311296       311296
       19456           16           4.740       622592       622592
       19456           32           6.881      1245184      1245184
       19456           64           5.240      2490368      2490368
       19456          128           8.480      4980736      4980736
       19456          256          10.451      9961472      9961472
       19456          512          17.100     19922944     19922944
       19456         1024          29.891     39845888     39845888
       19456         2048          55.542     79691776     79691776
       19456         4096         117.623    159383552    159383552
       19456         8192         208.385    318767104    318767104
       19456        16384         413.570    637534208    637534208
       19456        32768         830.951   1275068416   1275068416
       19456        65536        1656.151   2550136832   2550136832
       20480            1           3.150        40960        40960
       20480            2           4.730        81920        81920
       20480            4           4.390       163840       163840
       20480            8           4.380       327680       327680
       20480           16           5.211       655360       655360
       20480           32           4.840      1310720      1310720
       20480           64           7.310      2621440      2621440
       20480          128           7.060      5242880      5242880
       20480          256          10.420     10485760     10485760
       20480          512          14.710     20971520     20971520
       20480         1024          25.491     41943040     41943040
       20480         2048          46.661     83886080     83886080
       20480         4096          92.412    167772160    167772160
       20480         8192         176.534    335544320    335544320
       20480        16384         347.088    671088640    671088640
       20480        32768         702.088   1342177280   1342177280
       20480        65536        1389.564   2684354560   2684354560
       22528            1           6.370        45056        45056
       22528            2           4.510        90112        90112
       22528            4           4.730       180224       180224
       22528            8           5.440       360448       360448
       22528           16           4.430       720896       720896
       22528           32           5.710      1441792      1441792
       22528           64           5.820      2883584      2883584
       22528          128           7.480      5767168      5767168
       22528          256          10.481     11534336     11534336
       22528          512          16.610     23068672     23068672
       22528         1024          29.460     46137344     46137344
       22528         2048          53.942     92274688     92274688
       22528         4096         104.563    184549376    184549376
       22528         8192         204.115    369098752    369098752
       22528        16384         405.550    738197504    738197504
       22528        32768         811.050   1476395008   1476395008
       24576            1           3.291        49152        49152
       24576            2           3.890        98304        98304
       24576            4           4.260       196608       196608
       24576            8           7.270       393216       393216
       24576           16           5.090       786432       786432
       24576           32           6.720      1572864      1572864
       24576           64           5.500      3145728      3145728
       24576          128           7.371      6291456      6291456
       24576          256          10.850     12582912     12582912
       24576          512          16.641     25165824     25165824
       24576         1024          29.090     50331648     50331648
       24576         2048          53.971    100663296    100663296
       24576         4096         105.493    201326592    201326592
       24576         8192         212.565    402653184    402653184
       24576        16384         405.770    805306368    805306368
       24576        32768         816.071   1610612736   1610612736
       26624            1           3.810        53248        53248
       26624            2           4.140       106496       106496
       26624            4           4.411       212992       212992
       26624            8           5.670       425984       425984
       26624           16           4.450       851968       851968
       26624           32           6.160      1703936      1703936
       26624           64           6.210      3407872      3407872
       26624          128           8.610      6815744      6815744
       26624          256          11.310     13631488     13631488
       26624          512          18.760     27262976     27262976
       26624         1024          34.651     54525952     54525952
       26624         2048          62.272    109051904    109051904
       26624         4096         121.363    218103808    218103808
       26624         8192         245.246    436207616    436207616
       26624        16384         482.112    872415232    872415232
       26624        32768         944.054   1744830464   1744830464
       28672            1           6.200        57344        57344
       28672            2           4.310       114688       114688
       28672            4           4.090       229376       229376
       28672            8           6.401       458752       458752
       28672           16           4.770       917504       917504
       28672           32           6.790      1835008      1835008
       28672           64           6.010      3670016      3670016
       28672          128           8.010      7340032      7340032
       28672          256          11.530     14680064     14680064
       28672          512          18.651     29360128     29360128
       28672         1024          33.951     58720256     58720256
       28672         2048          62.792    117440512    117440512
       28672         4096         121.753    234881024    234881024
       28672         8192         237.226    469762048    469762048
       28672        16384         479.672    939524096    939524096
       28672        32768         943.824   1879048192   1879048192
       30720            1           5.961        61440        61440
       30720            2           4.770       122880       122880
       30720            4           4.060       245760       245760
       30720            8           6.121       491520       491520
       30720           16           5.110       983040       983040
       30720           32           6.200      1966080      1966080
       30720           64           6.410      3932160      3932160
       30720          128           8.570      7864320      7864320
       30720          256          12.340     15728640     15728640
       30720          512          21.071     31457280     31457280
       30720         1024          38.111     62914560     62914560
       30720         2048          70.832    125829120    125829120
       30720         4096         138.254    251658240    251658240
       30720         8192         270.946    503316480    503316480
       30720        16384         549.333   1006632960   1006632960
       30720        32768        1083.587   2013265920   2013265920
       33792            1           4.240        67584        67584
       33792            2           3.970       135168       135168
       33792            4           4.180       270336       270336
       33792            8           5.010       540672       540672
       33792           16           4.700      1081344      1081344
       33792           32           7.671      2162688      2162688
       33792           64           6.410      4325376      4325376
       33792          128           9.180      8650752      8650752
       33792          256          13.691     17301504     17301504
       33792          512          23.440     34603008     34603008
       33792         1024          42.731     69206016     69206016
       33792         2048          80.232    138412032    138412032
       33792         4096         156.924    276824064    276824064
       33792         8192         308.768    553648128    553648128
       33792        16384         623.145   1107296256   1107296256
       33792        32768        1230.831   2214592512   2214592512
       36864            1           4.320        73728        73728
       36864            2           4.450       147456       147456
       36864            4           4.020       294912       294912
       36864            8           5.340       589824       589824
       36864           16           4.610      1179648      1179648
       36864           32           5.770      2359296      2359296
       36864           64           6.361      4718592      4718592
       36864          128           9.360      9437184      9437184
       36864          256          13.850     18874368     18874368
       36864          512          23.010     37748736     37748736
       36864         1024          42.391     75497472     75497472
       36864         2048          79.082    150994944    150994944
       36864         4096         163.004    301989888    301989888
       36864         8192         309.887    603979776    603979776
       36864        16384         614.735   1207959552   1207959552
       36864        32768        1215.110   2415919104   2415919104
       39936            1           6.040        79872        79872
       39936            2           4.640       159744       159744
       39936            4           4.720       319488       319488
       39936            8           5.271       638976       638976
       39936           16           5.110      1277952      1277952
       39936           32           6.830      2555904      2555904
       39936           64           6.670      5111808      5111808
       39936          128           9.770     10223616     10223616
       39936          256          16.330     20447232     20447232
       39936          512          27.421     40894464     40894464
       39936         1024          51.602     81788928     81788928
       39936         2048          97.092    163577856    163577856
       39936         4096         191.225    327155712    327155712
       39936         8192         381.020    654311424    654311424
       39936        16384         747.358   1308622848   1308622848
       39936        32768        1499.268   2617245696   2617245696
       43008            1           4.750        86016        86016
       43008            2           4.200       172032       172032
       43008            4           4.310       344064       344064
       43008            8           5.691       688128       688128
       43008           16           4.880      1376256      1376256
       43008           32           6.590      2752512      2752512
       43008           64           6.830      5505024      5505024
       43008          128          10.550     11010048     11010048
       43008          256          15.380     22020096     22020096
       43008          512          27.550     44040192     44040192
       43008         1024          49.562     88080384     88080384
       43008         2048          95.552    176160768    176160768
       43008         4096         188.155    352321536    352321536
       43008         8192         377.539    704643072    704643072
       43008        16384         742.428   1409286144   1409286144
       47104            1           3.480        94208        94208
       47104            2           4.820       188416       188416
       47104            4           5.870       376832       376832
       47104            8           4.940       753664       753664
       47104           16           5.860      1507328      1507328
       47104           32           5.460      3014656      3014656
       47104           64           9.820      6029312      6029312
       47104          128          10.411     12058624     12058624
       47104          256          16.600     24117248     24117248
       47104          512          28.841     48234496     48234496
       47104         1024          62.142     96468992     96468992
       47104         2048         103.983    192937984    192937984
       47104         4096         210.235    385875968    385875968
       47104         8192         405.380    771751936    771751936
       47104        16384         812.810   1543503872   1543503872
       51200            1           6.090       102400       102400
       51200            2           4.660       204800       204800
       51200            4           4.850       409600       409600
       51200            8           4.840       819200       819200
       51200           16           4.690      1638400      1638400
       51200           32           6.840      3276800      3276800
       51200           64           7.510      6553600      6553600
       51200          128          11.191     13107200     13107200
       51200          256          17.550     26214400     26214400
       51200          512          31.671     52428800     52428800
       51200         1024          58.782    104857600    104857600
       51200         2048         112.593    209715200    209715200
       51200         4096         220.705    419430400    419430400
       51200         8192         471.421    838860800    838860800
       51200        16384         878.902   1677721600   1677721600
       56320            1           7.110       112640       112640
       56320            2           5.240       225280       225280
       56320            4           4.280       450560       450560
       56320            8           4.790       901120       901120
       56320           16           6.670      1802240      1802240
       56320           32           5.990      3604480      3604480
       56320           64           8.880      7208960      7208960
       56320          128          12.221     14417920     14417920
       56320          256          21.370     28835840     28835840
       56320          512          35.471     57671680     57671680
       56320         1024          67.381    115343360    115343360
       56320         2048         130.344    230686720    230686720
       56320         4096         256.476    461373440    461373440
       56320         8192         515.853    922746880    922746880
       56320        16384        1020.416   1845493760   1845493760
       61440            1           5.280       122880       122880
       61440            2           4.350       245760       245760
       61440            4           5.400       491520       491520
       61440            8           5.040       983040       983040
       61440           16           5.581      1966080      1966080
       61440           32           6.080      3932160      3932160
       61440           64           7.880      7864320      7864320
       61440          128          13.331     15728640     15728640
       61440          256          19.480     31457280     31457280
       61440          512          38.211     62914560     62914560
       61440         1024          66.552    125829120    125829120
       61440         2048         129.643    251658240    251658240
       61440         4096         254.356    503316480    503316480
       61440         8192         516.713   1006632960   1006632960
       61440        16384        1009.475   2013265920   2013265920
       67584            1           8.080       135168       135168
       67584            2           5.420       270336       270336
       67584            4           4.870       540672       540672
       67584            8           5.580      1081344      1081344
       67584           16           5.151      2162688      2162688
       67584           32           6.480      4325376      4325376
       67584           64           9.110      8650752      8650752
       67584          128          13.091     17301504     17301504
       67584          256          22.000     34603008     34603008
       67584          512          39.481     69206016     69206016
       67584         1024          76.241    138412032    138412032
       67584         2048         145.963    276824064    276824064
       67584         4096         287.358    553648128    553648128
       67584         8192         580.624   1107296256   1107296256
       67584        16384        1145.529   2214592512   2214592512
       73728            1           5.160       147456       147456
       73728            2           4.451       294912       294912
       73728            4           5.160       589824       589824
       73728            8           4.950      1179648      1179648
       73728           16           7.000      2359296      2359296
       73728           32           6.290      4718592      4718592
       73728           64           9.050      9437184      9437184
       73728          128          13.381     18874368     18874368
       73728          256          22.630     37748736     37748736
       73728          512          42.491     75497472     75497472
       73728         1024          78.982    150994944    150994944
       73728         2048         155.334    301989888    301989888
       73728         4096         312.287    603979776    603979776
       73728         8192         609.085   1207959552   1207959552
       73728        16384        1225.580   2415919104   2415919104
       80896            1           3.820       161792       161792
       80896            2           5.060       323584       323584
       80896            4           4.820       647168       647168
       80896            8           5.941      1294336      1294336
       80896           16           5.590      2588672      2588672
       80896           32           7.350      5177344      5177344
       80896           64           9.591     10354688     10354688
       80896          128          15.450     20709376     20709376
       80896          256          26.241     41418752     41418752
       80896          512          48.371     82837504     82837504
       80896         1024          93.733    165675008    165675008
       80896         2048         180.374    331350016    331350016
       80896         4096         358.479    662700032    662700032
       80896         8192         719.988   1325400064   1325400064
       80896        16384        1433.645   2650800128   2650800128
       88064            1           9.811       176128       176128
       88064            2           4.730       352256       352256
       88064            4           4.970       704512       704512
       88064            8           5.050      1409024      1409024
       88064           16           7.860      2818048      2818048
       88064           32           6.870      5636096      5636096
       88064           64          10.420     11272192     11272192
       88064          128          23.150     22544384     22544384
       88064          256          27.321     45088768     45088768
       88064          512          50.201     90177536     90177536
       88064         1024          95.492    180355072    180355072
       88064         2048         187.725    360710144    360710144
       88064         4096         370.949    721420288    721420288
       88064         8192         748.479   1442840576   1442840576
       96256            1           9.280       192512       192512
       96256            2           5.001       385024       385024
       96256            4           4.910       770048       770048
       96256            8           5.310      1540096      1540096
       96256           16           6.780      3080192      3080192
       96256           32           7.430      6160384      6160384
       96256           64          13.530     12320768     12320768
       96256          128          16.581     24641536     24641536
       96256          256          30.351     49283072     49283072
       96256          512          53.891     98566144     98566144
       96256         1024         105.193    197132288    197132288
       96256         2048         204.165    394264576    394264576
       96256         4096         411.080    788529152    788529152
       96256         8192         812.590   1577058304   1577058304
      105472            1           4.450       210944       210944
      105472            2           5.650       421888       421888
      105472            4           4.590       843776       843776
      105472            8           5.960      1687552      1687552
      105472           16           6.060      3375104      3375104
      105472           32           7.741      6750208      6750208
      105472           64          11.240     13500416     13500416
      105472          128          18.171     27000832     27000832
      105472          256          32.981     54001664     54001664
      105472          512          60.521    108003328    108003328
      105472         1024         117.483    216006656    216006656
      105472         2048         230.486    432013312    432013312
      105472         4096         467.802    864026624    864026624
      105472         8192         909.043   1728053248   1728053248
      115712            1           4.430       231424       231424
      115712            2           4.910       462848       462848
      115712            4           4.820       925696       925696
      115712            8           6.290      1851392      1851392
      115712           16           6.140      3702784      3702784
      115712           32           8.830      7405568      7405568
      115712           64          11.591     14811136     14811136
      115712          128          19.620     29622272     29622272
      115712          256          42.591     59244544     59244544
      115712          512          64.741    118489088    118489088
      115712         1024         126.564    236978176    236978176
      115712         2048         251.776    473956352    473956352
      115712         4096         492.902    947912704    947912704
      115712         8192         984.154   1895825408   1895825408
      126976            1           7.120       253952       253952
      126976            2           4.220       507904       507904
      126976            4           4.640      1015808      1015808
      126976            8           6.471      2031616      2031616
      126976           16           6.350      4063232      4063232
      126976           32           9.660      8126464      8126464
      126976           64          12.351     16252928     16252928
      126976          128          20.940     32505856     32505856
      126976          256          36.950     65011712     65011712
      126976          512          77.752    130023424    130023424
      126976         1024         133.123    260046848    260046848
      126976         2048         262.607    520093696    520093696
      126976         4096         527.373   1040187392   1040187392
      126976         8192        1044.976   2080374784   2080374784
      139264            1           7.260       278528       278528
      139264            2           4.320       557056       557056
      139264            4           5.290      1114112      1114112
      139264            8           4.930      2228224      2228224
      139264           16           6.110      4456448      4456448
      139264           32           8.300      8912896      8912896
      139264           64          19.890     17825792     17825792
      139264          128          22.761     35651584     35651584
      139264          256          39.181     71303168     71303168
      139264          512          75.082    142606336    142606336
      139264         1024         146.774    285212672    285212672
      139264         2048         292.567    570425344    570425344
      139264         4096         596.595   1140850688   1140850688
      139264         8192        1149.009   2281701376   2281701376
      152576            1           6.080       305152       305152
      152576            2           4.680       610304       610304
      152576            4           5.511      1220608      1220608
      152576            8           5.740      2441216      2441216
      152576           16           6.600      4882432      4882432
      152576           32           9.000      9764864      9764864
      152576           64          14.140     19529728     19529728
      152576          128          24.861     39059456     39059456
      152576          256          44.031     78118912     78118912
      152576          512          85.162    156237824    156237824
      152576         1024         163.594    312475648    312475648
      152576         2048         322.098    624951296    624951296
      152576         4096         640.696   1249902592   1249902592
      152576         8192        1288.412   2499805184   2499805184
      166912            1           8.720       333824       333824
      166912            2           4.460       667648       667648
      166912            4           6.040      1335296      1335296
      166912            8           5.700      2670592      2670592
      166912           16           8.000      5341184      5341184
      166912           32           9.600     10682368     10682368
      166912           64          16.390     21364736     21364736
      166912          128          26.991     42729472     42729472
      166912          256          58.531     85458944     85458944
      166912          512          92.422    170917888    170917888
      166912         1024         179.264    341835776    341835776
      166912         2048         356.048    683671552    683671552
      166912         4096         715.997   1367343104   1367343104
      183296            1           5.860       366592       366592
      183296            2           4.040       733184       733184
      183296            4           5.180      1466368      1466368
      183296            8           6.260      2932736      2932736
      183296           16           6.990      5865472      5865472
      183296           32          11.710     11730944     11730944
      183296           64          16.400     23461888     23461888
      183296          128          30.141     46923776     46923776
      183296          256          52.251     93847552     93847552
      183296          512         100.483    187695104    187695104
      183296         1024         196.355    375390208    375390208
      183296         2048         398.920    750780416    750780416
      183296         4096         774.199   1501560832   1501560832
      200704            1           6.050       401408       401408
      200704            2           6.960       802816       802816
      200704            4           4.520      1605632      1605632
      200704            8           6.280      3211264      3211264
      200704           16           7.260      6422528      6422528
      200704           32          10.520     12845056     12845056
      200704           64          17.030     25690112     25690112
      200704          128          29.721     51380224     51380224
      200704          256          62.682    102760448    102760448
      200704          512         106.152    205520896    205520896
      200704         1024         208.895    411041792    411041792
      200704         2048         418.200    822083584    822083584
      200704         4096         831.191   1644167168   1644167168
      220160            1           3.960       440320       440320
      220160            2           4.330       880640       880640
      220160            4           5.691      1761280      1761280
      220160            8           6.180      3522560      3522560
      220160           16           7.910      7045120      7045120
      220160           32          11.281     14090240     14090240
      220160           64          18.520     28180480     28180480
      220160          128          33.211     56360960     56360960
      220160          256          61.452    112721920    112721920
      220160          512         119.093    225443840    225443840
      220160         1024         254.116    450887680    450887680
      220160         2048         465.471    901775360    901775360
      220160         4096        1414.305   1803550720   1803550720
      241664            1           6.240       483328       483328
      241664            2           4.561       966656       966656
      241664            4           5.600      1933312      1933312
      241664            8           6.430      3866624      3866624
      241664           16           7.521      7733248      7733248
      241664           32          12.390     15466496     15466496
      241664           64          19.501     30932992     30932992
      241664          128          36.421     61865984     61865984
      241664          256          65.492    123731968    123731968
      241664          512         128.593    247463936    247463936
      241664         1024         251.166    494927872    494927872
      241664         2048         509.033    989855744    989855744
      241664         4096         993.735   1979711488   1979711488
      265216            1           4.330       530432       530432
      265216            2           5.410      1060864      1060864
      265216            4           5.011      2121728      2121728
      265216            8          15.150      4243456      4243456
      265216           16           8.310      8486912      8486912
      265216           32          13.030     16973824     16973824
      265216           64          22.091     33947648     33947648
      265216          128          40.251     67895296     67895296
      265216          256          74.822    135790592    135790592
      265216          512         141.793    271581184    271581184
      265216         1024         281.447    543162368    543162368
      265216         2048         562.904   1086324736   1086324736
      265216         4096        1609.140   2172649472   2172649472
      290816            1           4.970       581632       581632
      290816            2           5.150      1163264      1163264
      290816            4           5.330      2326528      2326528
      290816            8           7.660      4653056      4653056
      290816           16           9.220      9306112      9306112
      290816           32          13.320     18612224     18612224
      290816           64          23.901     37224448     37224448
      290816          128          42.331     74448896     74448896
      290816          256          78.182    148897792    148897792
      290816          512         152.243    297795584    297795584
      290816         1024         300.938    595591168    595591168
      290816         2048         603.685   1191182336   1191182336
      290816         4096        1195.190   2382364672   2382364672
      319488            1           7.360       638976       638976
      319488            2           4.800      1277952      1277952
      319488            4           5.860      2555904      2555904
      319488            8           6.990      5111808      5111808
      319488           16           9.220     10223616     10223616
      319488           32          14.170     20447232     20447232
      319488           64          24.511     40894464     40894464
      319488          128          46.101     81788928     81788928
      319488          256          85.422    163577856    163577856
      319488          512         167.445    327155712    327155712
      319488         1024         792.159    654311424    654311424
      319488         2048         661.766   1308622848   1308622848
      319488         4096        1316.323   2617245696   2617245696
      351232            1          17.621       702464       702464
      351232            2          20.061      1404928      1404928
      351232            4           5.610      2809856      2809856
      351232            8           8.030      5619712      5619712
      351232           16           9.651     11239424     11239424
      351232           32          15.670     22478848     22478848
      351232           64          26.821     44957696     44957696
      351232          128          49.471     89915392     89915392
      351232          256          95.443    179830784    179830784
      351232          512         187.515    359661568    359661568
      351232         1024         369.769    719323136    719323136
      351232         2048         738.928   1438646272   1438646272
      386048            1           6.090       772096       772096
      386048            2           4.510      1544192      1544192
      386048            4           6.480      3088384      3088384
      386048            8           6.560      6176768      6176768
      386048           16           9.990     12353536     12353536
      386048           32          17.760     24707072     24707072
      386048           64          28.911     49414144     49414144
      386048          128          54.491     98828288     98828288
      386048          256         102.982    197656576    197656576
      386048          512         212.305    395313152    395313152
      386048         1024         401.630    790626304    790626304
      386048         2048        1299.642   1581252608   1581252608
      423936            1          32.370       847872       847872
      423936            2           4.500      1695744      1695744
      423936            4           6.020      3391488      3391488
      423936            8           6.630      6782976      6782976
      423936           16          13.091     13565952     13565952
      423936           32          17.380     27131904     27131904
      423936           64          31.121     54263808     54263808
      423936          128          60.442    108527616    108527616
      423936          256         112.063    217055232    217055232
      423936          512         222.545    434110464    434110464
      423936         1024         447.941    868220928    868220928
      423936         2048         900.122   1736441856   1736441856
      465920            1           5.550       931840       931840
      465920            2           5.580      1863680      1863680
      465920            4           6.811      3727360      3727360
      465920            8           8.530      7454720      7454720
      465920           16          12.070     14909440     14909440
      465920           32          18.801     29818880     29818880
      465920           64          35.171     59637760     59637760
      465920          128          72.622    119275520    119275520
      465920          256         124.633    238551040    238551040
      465920          512         251.587    477102080    477102080
      465920         1024         486.332    954204160    954204160
      465920         2048        1439.716   1908408320   1908408320
      512000            1          17.951      1024000      1024000
      512000            2           5.480      2048000      2048000
      512000            4           6.131      4096000      4096000
      512000            8          10.890      8192000      8192000
      512000           16          12.150     16384000     16384000
      512000           32          20.420     32768000     32768000
      512000           64          40.311     65536000     65536000
      512000          128          69.262    131072000    131072000
      512000          256         143.174    262144000    262144000
      512000          512         266.797    524288000    524288000
      512000         1024         528.603   1048576000   1048576000
      512000         2048        1054.796   2097152000   2097152000
      563200            1           6.930      1126400      1126400
      563200            2           5.270      2252800      2252800
      563200            4           6.960      4505600      4505600
      563200            8           8.410      9011200      9011200
      563200           16          12.820     18022400     18022400
      563200           32          21.901     36044800     36044800
      563200           64          39.871     72089600     72089600
      563200          128          76.472    144179200    144179200
      563200          256         159.614    288358400    288358400
      563200          512         293.608    576716800    576716800
      563200         1024        1079.497   1153433600   1153433600
      563200         2048        1170.799   2306867200   2306867200
      619520            1          35.831      1239040      1239040
      619520            2           4.710      2478080      2478080
      619520            4           7.371      4956160      4956160
      619520            8           9.260      9912320      9912320
      619520           16          15.171     19824640     19824640
      619520           32         535.793     39649280     39649280
      619520           64          44.031     79298560     79298560
      619520          128          82.852    158597120    158597120
      619520          256         166.454    317194240    317194240
      619520          512         746.279    634388480    634388480
      619520         1024        1109.037   1268776960   1268776960
      619520         2048        1283.592   2537553920   2537553920
      680960            1          19.441      1361920      1361920
      680960            2           5.570      2723840      2723840
      680960            4           6.870      5447680      5447680
      680960            8           9.480     10895360     10895360
      680960           16          14.440     21790720     21790720
      680960           32          25.560     43581440     43581440
      680960           64          49.282     87162880     87162880
      680960          128          90.862    174325760    174325760
      680960          256         182.665    348651520    348651520
      680960          512         357.939    697303040    697303040
      680960         1024         703.327   1394606080   1394606080
      748544            1          10.900      1497088      1497088
      748544            2           5.340      2994176      2994176
      748544            4           7.190      5988352      5988352
      748544            8           9.660     11976704     11976704
      748544           16          17.641     23953408     23953408
      748544           32          30.651     47906816     47906816
      748544           64          52.941     95813632     95813632
      748544          128          99.623    191627264    191627264
      748544          256         195.605    383254528    383254528
      748544          512         390.760    766509056    766509056
      748544         1024         786.239   1533018112   1533018112
      823296            1           9.090      1646592      1646592
      823296            2           5.310      3293184      3293184
      823296            4           9.381      6586368      6586368
      823296            8           9.950     13172736     13172736
      823296           16          16.951     26345472     26345472
      823296           32          29.310     52690944     52690944
      823296           64          55.891    105381888    105381888
      823296          128         109.193    210763776    210763776
      823296          256         214.505    421527552    421527552
      823296          512         429.671    843055104    843055104
      823296         1024         850.481   1686110208   1686110208
      905216            1          23.141      1810432      1810432
      905216            2           5.400      3620864      3620864
      905216            4           7.921      7241728      7241728
      905216            8          11.210     14483456     14483456
      905216           16          18.731     28966912     28966912
      905216           32          33.221     57933824     57933824
      905216           64          66.521    115867648    115867648
      905216          128         119.933    231735296    231735296
      905216          256         235.325    463470592    463470592
      905216          512         475.071    926941184    926941184
      905216         1024         931.433   1853882368   1853882368
      995328            1          12.500      1990656      1990656
      995328            2           6.430      3981312      3981312
      995328            4           7.590      7962624      7962624
      995328            8          12.570     15925248     15925248
      995328           16          19.331     31850496     31850496
      995328           32          35.551     63700992     63700992
      995328           64          67.992    127401984    127401984
      995328          128         558.454    254803968    254803968
      995328          256         259.896    509607936    509607936
      995328          512         520.122   1019215872   1019215872
      995328         1024        1026.785   2038431744   2038431744
     1094656            1          34.641      2189312      2189312
     1094656            2           7.610      4378624      4378624
     1094656            4           7.751      8757248      8757248
     1094656            8          13.110     17514496     17514496
     1094656           16          20.351     35028992     35028992
     1094656           32          38.601     70057984     70057984
     1094656           64          74.452    140115968    140115968
     1094656          128         148.294    280231936    280231936
     1094656          256         296.437    560463872    560463872
     1094656          512         564.504   1120927744   1120927744
     1094656         1024        1618.290   2241855488   2241855488
     1203200            1           7.430      2406400      2406400
     1203200            2           6.140      4812800      4812800
     1203200            4           8.630      9625600      9625600
     1203200            8          13.431     19251200     19251200
     1203200           16          23.710     38502400     38502400
     1203200           32          41.641     77004800     77004800
     1203200           64          81.292    154009600    154009600
     1203200          128         157.164    308019200    308019200
     1203200          256         319.158    616038400    616038400
     1203200          512         621.365   1232076800   1232076800
     1203200         1024        1766.433   2464153600   2464153600
     1323008            1          12.690      2646016      2646016
     1323008            2           5.570      5292032      5292032
     1323008            4          10.130     10584064     10584064
     1323008            8          13.831     21168128     21168128
     1323008           16          25.060     42336256     42336256
     1323008           32          46.321     84672512     84672512
     1323008           64          89.952    169345024    169345024
     1323008          128         175.135    338690048    338690048
     1323008          256         353.468    677380096    677380096
     1323008          512         679.636   1354760192   1354760192
     1323008         1024        1905.927   2709520384   2709520384
     1455104            1          10.840      2910208      2910208
     1455104            2           5.940      5820416      5820416
     1455104            4           9.710     11640832     11640832
     1455104            8          14.841     23281664     23281664
     1455104           16          26.821     46563328     46563328
     1455104           32          50.891     93126656     93126656
     1455104           64          96.332    186253312    186253312
     1455104          128         199.475    372506624    372506624
     1455104          256         377.679    745013248    745013248
     1455104          512         752.849   1490026496   1490026496
     1600512            1          22.561      3201024      3201024
     1600512            2           6.800      6402048      6402048
     1600512            4           9.910     12804096     12804096
     1600512            8          16.280     25608192     25608192
     1600512           16          29.071     51216384     51216384
     1600512           32          54.051    102432768    102432768
     1600512           64         105.992    204865536    204865536
     1600512          128         211.956    409731072    409731072
     1600512          256         421.070    819462144    819462144
     1600512          512         832.501   1638924288   1638924288
     1760256            1          26.501      3520512      3520512
     1760256            2           7.780      7041024      7041024
     1760256            4          10.160     14082048     14082048
     1760256            8          19.110     28164096     28164096
     1760256           16          31.241     56328192     56328192
     1760256           32          59.812    112656384    112656384
     1760256           64         119.113    225312768    225312768
     1760256          128         227.935    450625536    450625536
     1760256          256         462.801    901251072    901251072
     1760256          512         913.393   1802502144   1802502144
     1935360            1          14.620      3870720      3870720
     1935360            2           7.370      7741440      7741440
     1935360            4          12.200     15482880     15482880
     1935360            8          18.680     30965760     30965760
     1935360           16          34.971     61931520     61931520
     1935360           32          69.722    123863040    123863040
     1935360           64         126.933    247726080    247726080
     1935360          128         252.176    495452160    495452160
     1935360          256         992.585    990904320    990904320
     1935360          512        1005.085   1981808640   1981808640
     2128896            1           9.601      4257792      4257792
     2128896            2           7.850      8515584      8515584
     2128896            4          11.731     17031168     17031168
     2128896            8          20.250     34062336     34062336
     2128896           16          37.731     68124672     68124672
     2128896           32          72.102    136249344    136249344
     2128896           64         146.974    272498688    272498688
     2128896          128         293.997    544997376    544997376
     2128896          256         550.213   1089994752   1089994752
     2128896          512        1102.118   2179989504   2179989504
     2340864            1          18.790      4681728      4681728
     2340864            2           7.331      9363456      9363456
     2340864            4          12.270     18726912     18726912
     2340864            8          23.151     37453824     37453824
     2340864           16          39.991     74907648     74907648
     2340864           32          78.512    149815296    149815296
     2340864           64         154.464    299630592    299630592
     2340864          128         303.208    599261184    599261184
     2340864          256        1132.908   1198522368   1198522368
     2340864          512        1219.020   2397044736   2397044736
     2574336            1          10.771      5148672      5148672
     2574336            2           7.500     10297344     10297344
     2574336            4          14.361     20594688     20594688
     2574336            8          23.670     41189376     41189376
     2574336           16          46.672     82378752     82378752
     2574336           32          89.962    164757504    164757504
     2574336           64         166.664    329515008    329515008
     2574336          128         341.689    659030016    659030016
     2574336          256         661.276   1318060032   1318060032
     2574336          512        1329.503   2636120064   2636120064
     2831360            1          12.830      5662720      5662720
     2831360            2           9.980     11325440     11325440
     2831360            4          14.590     22650880     22650880
     2831360            8          28.301     45301760     45301760
     2831360           16         583.065     90603520     90603520
     2831360           32          93.732    181207040    181207040
     2831360           64         190.225    362414080    362414080
     2831360          128         382.270    724828160    724828160
     2831360          256         731.598   1449656320   1449656320
     3113984            1          31.831      6227968      6227968
     3113984            2          10.480     12455936     12455936
     3113984            4          15.161     24911872     24911872
     3113984            8          27.450     49823744     49823744
     3113984           16          52.741     99647488     99647488
     3113984           32         101.493    199294976    199294976
     3113984           64         201.905    398589952    398589952
     3113984          128         401.440    797179904    797179904
     3113984          256         813.440   1594359808   1594359808
     3425280            1          14.000      6850560      6850560
     3425280            2           9.111     13701120     13701120
     3425280            4          21.640     27402240     27402240
     3425280            8          34.451     54804480     54804480
     3425280           16          76.842    109608960    109608960
     3425280           32         124.743    219217920    219217920
     3425280           64         233.176    438435840    438435840
     3425280          128         439.261    876871680    876871680
     3425280          256         886.222   1753743360   1753743360
     3767296            1          31.050      7534592      7534592
     3767296            2           9.880     15069184     15069184
     3767296            4          17.301     30138368     30138368
     3767296            8          37.841     60276736     60276736
     3767296           16          62.951    120553472    120553472
     3767296           32         136.804    241106944    241106944
     3767296           64         245.376    482213888    482213888
     3767296          128         489.942    964427776    964427776
     3767296          256        1457.396   1928855552   1928855552
     4143104            1          26.571      8286208      8286208
     4143104            2          10.710     16572416     16572416
     4143104            4          19.541     33144832     33144832
     4143104            8          35.301     66289664     66289664
     4143104           16          69.432    132579328    132579328
     4143104           32         133.833    265158656    265158656
     4143104           64         282.407    530317312    530317312
     4143104          128         533.153   1060634624   1060634624
     4143104          256        1062.926   2121269248   2121269248
     4556800            1          14.660      9113600      9113600
     4556800            2          10.390     18227200     18227200
     4556800            4          21.440     36454400     36454400
     4556800            8          38.121     72908800     72908800
     4556800           16          75.262    145817600    145817600
     4556800           32         150.753    291635200    291635200
     4556800           64         798.659    583270400    583270400
     4556800          128         605.735   1166540800   1166540800
     4556800          256        1168.309   2333081600   2333081600
     5012480            1          16.121     10024960     10024960
     5012480            2          11.370     20049920     20049920
     5012480            4          22.781     40099840     40099840
     5012480            8          41.711     80199680     80199680
     5012480           16          81.932    160399360    160399360
     5012480           32         171.174    320798720    320798720
     5012480           64         321.088    641597440    641597440
     5012480          128         650.536   1283194880   1283194880
     5012480          256        1284.032   2566389760   2566389760
     5513216            1          16.950     11026432     11026432
     5513216            2          12.121     22052864     22052864
     5513216            4          25.220     44105728     44105728
     5513216            8          45.392     88211456     88211456
     5513216           16          89.772    176422912    176422912
     5513216           32         176.934    352845824    352845824
     5513216           64         351.928    705691648    705691648
     5513216          128         712.928   1411383296   1411383296
     6064128            1          20.331     12128256     12128256
     6064128            2          13.861     24256512     24256512
     6064128            4          25.260     48513024     48513024
     6064128            8          50.642     97026048     97026048
     6064128           16          96.922    194052096    194052096
     6064128           32         194.855    388104192    388104192
     6064128           64         395.719    776208384    776208384
     6064128          128         780.000   1552416768   1552416768
     6670336            1         551.104     13340672     13340672
     6670336            2          14.930     26681344     26681344
     6670336            4          29.321     53362688     53362688
     6670336            8          53.882    106725376    106725376
     6670336           16         106.682    213450752    213450752
     6670336           32         721.397    426901504    426901504
     6670336           64         427.570    853803008    853803008
     6670336          128         856.182   1707606016   1707606016
     7336960            1          38.741     14673920     14673920
     7336960            2          16.311     29347840     29347840
     7336960            4          30.101     58695680     58695680
     7336960            8          59.391    117391360    117391360
     7336960           16         117.653    234782720    234782720
     7336960           32         235.426    469565440    469565440
     7336960           64         473.882    939130880    939130880
     7336960          128         943.614   1878261760   1878261760
     8070144            1          23.351     16140288     16140288
     8070144            2          15.941     32280576     32280576
     8070144            4          34.791     64561152     64561152
     8070144            8          64.421    129122304    129122304
     8070144           16         128.604    258244608    258244608
     8070144           32         256.946    516489216    516489216
     8070144           64         522.123   1032978432   1032978432
     8070144          128        1033.536   2065956864   2065956864
     8877056            1          26.071     17754112     17754112
     8877056            2          18.180     35508224     35508224
     8877056            4          35.121     71016448     71016448
     8877056            8          72.322    142032896    142032896
     8877056           16         140.644    284065792    284065792
     8877056           32         282.087    568131584    568131584
     8877056           64         573.144   1136263168   1136263168
     8877056          128        1139.248   2272526336   2272526336
     9763840            1          26.730     19527680     19527680
     9763840            2          18.311     39055360     39055360
     9763840            4          39.361     78110720     78110720
     9763840            8          76.792    156221440    156221440
     9763840           16         154.964    312442880    312442880
     9763840           32         310.178    624885760    624885760
     9763840           64        1138.998   1249771520   1249771520
     9763840          128        1270.452   2499543040   2499543040
    10739712            1          44.431     21479424     21479424
    10739712            2          20.660     42958848     42958848
    10739712            4          48.801     85917696     85917696
    10739712            8          86.322    171835392    171835392
    10739712           16         169.164    343670784    343670784
    10739712           32         340.929    687341568    687341568
    10739712           64        1229.251   1374683136   1374683136
    11812864            1          31.821     23625728     23625728
    11812864            2          22.190     47251456     47251456
    11812864            4          44.721     94502912     94502912
    11812864            8         102.003    189005824    189005824
    11812864           16         186.465    378011648    378011648
    11812864           32         374.289    756023296    756023296
    11812864           64         754.159   1512046592   1512046592
    12993536            1          33.970     25987072     25987072
    12993536            2          23.450     51974144     51974144
    12993536            4          49.412    103948288    103948288
    12993536            8         106.963    207896576    207896576
    12993536           16         210.805    415793152    415793152
    12993536           32         419.101    831586304    831586304
    12993536           64         825.590   1663172608   1663172608
    14291968            1          67.662     28583936     28583936
    14291968            2          25.470     57167872     57167872
    14291968            4          53.941    114335744    114335744
    14291968            8         110.973    228671488    228671488
    14291968           16         224.846    457342976    457342976
    14291968           32         470.241    914685952    914685952
    14291968           64         913.932   1829371904   1829371904
    15720448            1          75.252     31440896     31440896
    15720448            2          27.651     62881792     62881792
    15720448            4          59.481    125763584    125763584
    15720448            8         128.544    251527168    251527168
    15720448           16         251.596    503054336    503054336
    15720448           32         496.653   1006108672   1006108672
    15720448           64        1001.935   2012217344   2012217344
    17292288            1          44.511     34584576     34584576
    17292288            2          29.871     69169152     69169152
    17292288            4          64.352    138338304    138338304
    17292288            8         132.993    276676608    276676608
    17292288           16         279.777    553353216    553353216
    17292288           32         566.384   1106706432   1106706432
    17292288           64        1103.917   2213412864   2213412864
    19020800            1          48.691     38041600     38041600
    19020800            2          32.670     76083200     76083200
    19020800            4          71.142    152166400    152166400
    19020800            8         151.364    304332800    304332800
    19020800           16         305.578    608665600    608665600
    19020800           32         602.815   1217331200   1217331200
    19020800           64        1218.830   2434662400   2434662400
    20922368            1          53.622     41844736     41844736
    20922368            2          34.711     83689472     83689472
    20922368            4          85.702    167378944    167378944
    20922368            8         159.694    334757888    334757888
    20922368           16         328.159    669515776    669515776
    20922368           32         667.216   1339031552   1339031552
    20922368           64        1334.364   2678063104   2678063104
    23014400            1          61.951     46028800     46028800
    23014400            2          38.101     92057600     92057600
    23014400            4          84.912    184115200    184115200
    23014400            8         174.994    368230400    368230400
    23014400           16         369.949    736460800    736460800
    23014400           32         724.138   1472921600   1472921600
    25315328            1          62.861     50630656     50630656
    25315328            2          41.281    101261312    101261312
    25315328            4          91.832    202522624    202522624
    25315328            8         199.955    405045248    405045248
    25315328           16         393.520    810090496    810090496
    25315328           32         802.700   1620180992   1620180992
    27846656            1          67.282     55693312     55693312
    27846656            2          45.501    111386624    111386624
    27846656            4         100.242    222773248    222773248
    27846656            8         210.975    445546496    445546496
    27846656           16         437.290    891092992    891092992
    27846656           32         881.301   1782185984   1782185984
    30630912            1          77.362     61261824     61261824
    30630912            2          49.691    122523648    122523648
    30630912            4         120.603    245047296    245047296
    30630912            8         231.436    490094592    490094592
    30630912           16         475.142    980189184    980189184
    30630912           32         970.874   1960378368   1960378368
    33693696            1          80.402     67387392     67387392
    33693696            2          54.821    134774784    134774784
    33693696            4         120.423    269549568    269549568
    33693696            8         262.566    539099136    539099136
    33693696           16         522.113   1078198272   1078198272
    33693696           32        1064.557   2156396544   2156396544
    37062656            1          87.052     74125312     74125312
    37062656            2          61.171    148250624    148250624
    37062656            4         135.094    296501248    296501248
    37062656            8         289.167    593002496    593002496
    37062656           16         574.794   1186004992   1186004992
    37062656           32        1171.299   2372009984   2372009984
    40768512            1          98.232     81537024     81537024
    40768512            2          63.561    163074048    163074048
    40768512            4         145.224    326148096    326148096
    40768512            8         320.498    652296192    652296192
    40768512           16         631.286   1304592384   1304592384
    40768512           32        1295.492   2609184768   2609184768
    44845056            1         113.713     89690112     89690112
    44845056            2          69.962    179380224    179380224
    44845056            4         158.494    358760448    358760448
    44845056            8         337.629    717520896    717520896
    44845056           16         699.727   1435041792   1435041792
    49329152            1         114.773     98658304     98658304
    49329152            2          76.532    197316608    197316608
    49329152            4         174.914    394633216    394633216
    49329152            8         371.759    789266432    789266432
    49329152           16         792.950   1578532864   1578532864
    54261760            1         127.163    108523520    108523520
    54261760            2          83.352    217047040    217047040
    54261760            4         191.055    434094080    434094080
    54261760            8         417.060    868188160    868188160
    54261760           16         851.821   1736376320   1736376320
    59687936            1         150.914    119375872    119375872
    59687936            2          91.003    238751744    238751744
    59687936            4         210.735    477503488    477503488
    59687936            8         446.731    955006976    955006976
    59687936           16         944.594   1910013952   1910013952
    65655808            1         150.644    131311616    131311616
    65655808            2          99.862    262623232    262623232
    65655808            4         239.805    525246464    525246464
    65655808            8         491.102   1050492928   1050492928
    65655808           16        1019.785   2100985856   2100985856
    72220672            1         162.844    144441344    144441344
    72220672            2         110.343    288882688    288882688
    72220672            4         252.626    577765376    577765376
    72220672            8         548.914   1155530752   1155530752
    72220672           16        1122.878   2311061504   2311061504
    79441920            1         177.555    158883840    158883840
    79441920            2         122.763    317767680    317767680
    79441920            4         277.417    635535360    635535360
    79441920            8         601.895   1271070720   1271070720
    79441920           16        1231.281   2542141440   2542141440
    87386112            1         192.525    174772224    174772224
    87386112            2         132.474    349544448    349544448
    87386112            4         310.947    699088896    699088896
    87386112            8         652.636   1398177792   1398177792
    96123904            1         207.985    192247808    192247808
    96123904            2         147.674    384495616    384495616
    96123904            4         345.888    768991232    768991232
    96123904            8         717.407   1537982464   1537982464
   105736192            1         229.205    211472384    211472384
   105736192            2         167.894    422944768    422944768
   105736192            4         367.739    845889536    845889536
   105736192            8         798.160   1691779072   1691779072
   116308992            1         237.646    232617984    232617984
   116308992            2         179.735    465235968    465235968
   116308992            4         406.410    930471936    930471936
   116308992            8         873.922   1860943872   1860943872
   127939584            1         232.946    255879168    255879168
   127939584            2         199.735    511758336    511758336
   127939584            4         455.141   1023516672   1023516672
   127939584            8         961.083   2047033344   2047033344
   140733440            1         248.486    281466880    281466880
   140733440            2         220.905    562933760    562933760
   140733440            4         496.593   1125867520   1125867520
   140733440            8        1059.696   2251735040   2251735040
   154806272            1         241.636    309612544    309612544
   154806272            2         257.437    619225088    619225088
   154806272            4         538.593   1238450176   1238450176
   154806272            8        1174.849   2476900352   2476900352
   170286080            1         249.806    340572160    340572160
   170286080            2         279.546    681144320    681144320
   170286080            4         592.764   1362288640   1362288640
   187314176            1         269.467    374628352    374628352
   187314176            2         356.979    749256704    749256704
   187314176            4         651.706   1498513408   1498513408
   206045184            1         274.226    412090368    412090368
   206045184            2         334.458    824180736    824180736
   206045184            4         716.928   1648361472   1648361472
   226649088            1         286.637    453298176    453298176
   226649088            2         369.909    906596352    906596352
   226649088            4         795.390   1813192704   1813192704
   249313280            1         315.008    498626560    498626560
   249313280            2         407.390    997253120    997253120
   249313280            4         875.892   1994506240   1994506240
   274244608            1         329.858    548489216    548489216
   274244608            2         434.841   1096978432   1096978432
   274244608            4         961.634   2193956864   2193956864
   301668352            1         345.759    603336704    603336704
   301668352            2         476.362   1206673408   1206673408
   301668352            4        1052.356   2413346816   2413346816
   331834368            1         378.289    663668736    663668736
   331834368            2         543.914   1327337472   1327337472
   331834368            4        1150.329   2654674944   2654674944
   365017088            1         410.030    730034176    730034176
   365017088            2         564.404   1460068352   1460068352
   401518592            1         474.922    803037184    803037184
   401518592            2         592.165   1606074368   1606074368
   441669632            1         538.283    883339264    883339264
   441669632            2         657.666   1766678528   1766678528
   485835776            1         582.905    971671552    971671552
   485835776            2         743.299   1943343104   1943343104
   534418432            1         638.506   1068836864   1068836864
   534418432            2         854.851   2137673728   2137673728
   587859968            1         772.299   1175719936   1175719936
   587859968            2        1088.427   2351439872   2351439872
   646645760            1         843.591   1293291520   1293291520
   646645760            2        1291.302   2586583040   2586583040
   711310336            1        1016.045   1422620672   1422620672
   782440448            1        1201.220   1564880896   1564880896
   860684288            1        1434.036   1721368576   1721368576
   946752512            1        1772.354   1893505024   1893505024
  1041427456            1        1964.059   2082854912   2082854912
  1145569280            1        2932.462   2291138560   2291138560
  1260126208            1        2570.933   2520252416   2520252416

META_DATA
FLOPS          16
MPI_PROCS      128
ERT_VERSION  1.1.0
HOSTNAME  ('tcn1101.local.snellius.surf.nl', [], ['172.18.60.87'])
UNAME  uname_result(system='Linux', node='tcn1101.local.snellius.surf.nl', release='4.18.0-372.80.1.el8_6.x86_64', version='#1 SMP Fri Nov 3 14:30:16 EDT 2023', machine='x86_64', processor='x86_64')
TIMESTAMP_DATA  1707410097.8836405
CONFIG  {'ERT_RESULTS': ['Results.snellius.genoa.01'], 'ERT_DRIVER': ['driver1'], 'ERT_KERNEL': ['kernel1'], 'ERT_MPI': ['True'], 'ERT_MPI_CFLAGS': [], 'ERT_MPI_LDFLAGS': [], 'ERT_OPENMP': ['False'], 'ERT_OPENMP_CFLAGS': ['-fopenmp'], 'ERT_OPENMP_LDFLAGS': ['-fopenmp'], 'ERT_FLOPS': ['1,2,4,8,16'], 'ERT_ALIGN': ['32'], 'ERT_CC': ['mpic++'], 'ERT_CFLAGS': ['-Ofast', '-fargument-noalias', '-mavx2'], 'ERT_LD': ['mpic++'], 'ERT_LDFLAGS': [], 'ERT_LDLIBS': [], 'ERT_RUN': ['export', 'OMP_NUM_THREADS=ERT_OPENMP_THREADS;', 'mpirun', '-np', 'ERT_MPI_PROCS', 'ERT_CODE'], 'ERT_PROCS_THREADS': ['64,128'], 'ERT_MPI_PROCS': ['64,128'], 'ERT_OPENMP_THREADS': [], 'ERT_NUM_EXPERIMENTS': ['5'], 'ERT_MEMORY_MAX': ['1357905920'], 'ERT_WORKING_SET_MIN': ['1'], 'ERT_TRIALS_MIN': ['1'], 'ERT_GNUPLOT': ['gnuplot'], 'ERT_GPU': [False], 'ERT_HIP': [False], 'ERT_PRECISION': ['FP64'], 'ERT_OCL': [False], 'ERT_SYCL': [False], 'ERT_WSS_MULT': [1.1]}
