fp64
 512 2097152 50603.276 50632.732 50749.377 42.3154681879149 42.41295231709006 42.43764075669726 42.3154681879149 42.41295231709006 42.43764075669726
 1024 1048576 25023.775 25050.977 25055.065 85.71055984089446 85.72454671129195 85.81773325567386 85.71055984089446 85.72454671129195 85.81773325567386
 1536 524288 12652.081 12658.554 12682.92 126.99068794883196 127.235127803697 127.30022325971514 126.99068794883196 127.235127803697 127.30022325971514
 2048 524288 12635.35 12652.793 12690.575 169.21878228527865 169.7240797348064 169.9583824745654 169.21878228527865 169.7240797348064 169.9583824745654
 2560 524288 12647.583 12658.173 12681.267 211.67873525571224 212.06492911733787 212.24249407969887 211.67873525571224 212.06492911733787 212.24249407969887
 3072 262144 6318.952 6327.258 6361.183 253.19390056849488 254.55145593873365 254.88605325693248 253.19390056849488 254.55145593873365 254.88605325693248
 3584 262144 6362.886 6374.999 6382.805 294.3922291218359 294.7527038043457 295.31382331853814 294.3922291218359 294.7527038043457 295.31382331853814
 4096 262144 6384.468 6391.751 6392.343 335.94624819099977 335.9773633234461 336.3606251922635 335.94624819099977 335.9773633234461 336.3606251922635
 4608 262144 6446.948 6448.41 6453.26 374.3718839780204 374.65345782913926 374.7384194815903 374.3718839780204 374.65345782913926 374.7384194815903
 5120 262144 6460.424 6472.557 6478.549 414.3450269497074 414.7286088017456 415.5074899108789 414.3450269497074 414.7286088017456 415.5074899108789
 5632 131072 3885.22 3891.242 3894.127 379.13375911982325 379.4148521217647 380.0029362558619 379.13375911982325 379.4148521217647 380.0029362558619
 6144 131072 3231.965 3236.745 3246.023 496.1803215812087 497.6026026146638 498.33854512657155 496.1803215812087 497.6026026146638 498.33854512657155
 6656 131072 3883.016 3893.866 3895.499 447.909360007537 448.09720313950197 449.34928519480735 447.909360007537 448.09720313950197 449.34928519480735
 7168 131072 3789.255 3797.33 3817.9 492.16799601875374 494.8340523473072 495.8885564576678 492.16799601875374 494.8340523473072 495.8885564576678
 7680 131072 4887.393 4889.538 4911.73 409.8893709548367 411.7497235935174 411.9304340780452 409.8893709548367 411.7497235935174 411.9304340780452
 8192 131072 3790.648 3811.628 3824.713 561.4757624951205 563.4032618083402 566.5215150549458 561.4757624951205 563.4032618083402 566.5215150549458
 8704 131072 4881.442 4893.034 4903.123 465.3567483418222 466.3162724804284 467.4236375235023 465.3567483418222 466.3162724804284 467.4236375235023
 9216 131072 4732.897 4740.972 4773.004 506.1632263455048 509.5830779004812 510.45249960013916 506.1632263455048 509.5830779004812 510.45249960013916
 9728 131072 5810.876 5816.498 5854.531 435.5834535678435 438.43165286053573 438.85583378478566 435.5834535678435 438.43165286053573 438.85583378478566
 10240 131072 4720.182 4729.591 4770.069 562.7496289885953 567.5658973471491 568.6972578599724 562.7496289885953 567.5658973471491 568.6972578599724
 11264 65536 2843.91 2866.854 2877.524 513.078260337707 514.98786056074 519.1426620392347 513.078260337707 514.98786056074 519.1426620392347
 12288 65536 2843.87 2852.377 2859.3 563.2891742734234 564.656332595586 566.3454152264344 563.2891742734234 564.656332595586 566.3454152264344
 13312 65536 3325.224 3334.573 3356.995 519.7596254983997 523.254540836263 524.7256918631647 519.7596254983997 523.254540836263 524.7256918631647
 14336 65536 3281.551 3299.916 3323.371 565.4042813757476 569.4230374348923 572.6097787296312 565.4042813757476 569.4230374348923 572.6097787296312
 15360 65536 3749.048 3765.309 3812.851 528.0211369392614 534.6881012952721 537.0072402380551 528.0211369392614 534.6881012952721 537.0072402380551
 16896 65536 4328.411 4340.163 4348.96 509.22347227842977 510.25560837231234 511.6409952751714 509.22347227842977 510.25560837231234 511.6409952751714
 18432 65536 4259.358 4283.995 4294.465 562.5657920136734 563.9406918075301 567.202640397919 562.5657920136734 563.9406918075301 567.202640397919
 19968 65536 5275.549 5283.564 5285.849 495.1419717059643 495.3561073548082 496.1086885933577 495.1419717059643 495.3561073548082 496.1086885933577
 21504 32768 2596.706 2613.107 2628.576 536.1405354077644 539.3143656191652 542.7207177092823 536.1405354077644 539.3143656191652 542.7207177092823
 23552 32768 2813.793 2848.218 2885.4 534.9358397449226 541.9191480427411 548.5491903633281 534.9358397449226 541.9191480427411 548.5491903633281
 25600 32768 3084.452 3097.197 3103.779 540.5415785080058 541.6903090116643 543.9285811547724 540.5415785080058 541.6903090116643 543.9285811547724
 28160 32768 3586.737 3596.245 3607.987 511.5023308010811 513.1724229022217 514.5327800728071 511.5023308010811 513.1724229022217 514.5327800728071
 30720 32768 3536.54 3563.893 3628.377 554.866795815319 564.9063874813301 569.2755970524863 554.866795815319 564.9063874813301 569.2755970524863
 33792 32768 3996.703 4026.09 4050.917 546.689184695712 550.0603593064237 554.1048489217237 546.689184695712 550.0603593064237 554.1048489217237
 36864 32768 4267.453 4290.658 4299.354 561.9260716842576 563.0649434189347 566.126704617485 561.9260716842576 563.0649434189347 566.126704617485
 40448 32768 4990.461 4993.346 4998.678 530.3002369826584 530.866502741849 531.1733982091034 530.3002369826584 530.866502741849 531.1733982091034
 44032 16384 2579.954 2621.413 2677.741 538.8275326105102 550.4056690037015 559.2505044663587 538.8275326105102 550.4056690037015 559.2505044663587
 48128 16384 2813.862 2840.053 2875.832 548.3833214179409 555.2918568773188 560.4604291184145 548.3833214179409 555.2918568773188 560.4604291184145
 52736 16384 3196.668 3200.093 3217.548 537.0714743027921 540.0009462225004 540.5795184235585 537.0714743027921 540.0009462225004 540.5795184235585
 57856 16384 3434.535 3438.061 3469.822 546.3754071534505 551.4228537539037 551.9889615333663 546.3754071534505 551.4228537539037 551.9889615333663
 63488 16384 3688.221 3702.819 3712.087 560.4326579630273 561.8353973013534 564.0591450458093 560.4326579630273 561.8353973013534 564.0591450458093
 69632 16384 4031.17 4055.346 4077.128 559.6344721087981 562.6403705133915 566.014674647807 559.6344721087981 562.6403705133915 566.014674647807
 76288 16384 4479.631 4487.275 4492.837 556.3979249636699 557.0875829985905 558.0381919850095 556.3979249636699 557.0875829985905 558.0381919850095
 83456 8192 2474.28 2488.939 2492.666 548.5464574876858 549.3678647809368 552.6226231469357 548.5464574876858 549.3678647809368 552.6226231469357
 91648 8192 2715.213 2720.002 2798.392 536.579875871572 552.044017614693 553.0176940077997 536.579875871572 552.044017614693 553.0176940077997
 100352 8192 2873.507 2888.967 2911.459 564.722762024126 569.1194008100473 572.1813686202958 564.722762024126 569.1194008100473 572.1813686202958
 110080 8192 3242.385 3249.088 3310.566 544.7862148043567 555.0944511198219 556.2420008728143 544.7862148043567 555.0944511198219 556.2420008728143
 120832 8192 3475.103 3481.464 3517.734 562.7803261986268 568.643389102975 569.6842620204351 562.7803261986268 568.643389102975 569.6842620204351
 132608 8192 3893.185 3896.672 4001.964 542.8958061591758 557.5653973441952 558.064790653411 542.8958061591758 557.5653973441952 558.064790653411
 145408 8192 4221.485 4226.265 4251.443 560.3661326283805 563.7045173456941 564.3428016444451 560.3661326283805 563.7045173456941 564.3428016444451
 159744 8192 4581.045 4606.705 4652.192 562.5833361993657 568.1383322787111 571.3206694105821 562.5833361993657 568.1383322787111 571.3206694105821
 175616 4096 2553.473 2558.502 2588.169 555.8548425547173 562.3002334960066 563.407669476043 555.8548425547173 562.3002334960066 563.407669476043
 193024 4096 2789.796 2798.293 2818.161 561.093779950826 565.0775697898682 566.7986505106467 561.093779950826 565.0775697898682 566.7986505106467
 211968 4096 3086.085 3096.746 3104.21 559.3828561856317 560.7311209895806 562.6681883357069 559.3828561856317 560.7311209895806 562.6681883357069
 232960 4096 3382.944 3394.948 3398.345 561.5699171214223 562.1318264668561 564.1264886442104 561.5699171214223 562.1318264668561 564.1264886442104
 256000 4096 3662.652 3671.509 3701.416 566.581005755635 571.1962029781215 572.5774657270196 566.581005755635 571.1962029781215 572.5774657270196
 281600 4096 4051.379 4097.137 4127.345 558.9227941933616 563.0437058853537 569.402961312679 558.9227941933616 563.0437058853537 569.402961312679
 309760 4096 4462.368 4473.84 4503.266 563.4919012112543 567.198183216208 568.6563546529555 563.4919012112543 567.198183216208 568.6563546529555
 340480 2048 2452.82 2454.733 2460.373 566.827094916096 568.1294381099696 568.5725328397517 566.827094916096 568.1294381099696 568.5725328397517
 374272 2048 2702.027 2708.5 2820.185 543.5877830709687 566.0026258076426 567.358546750273 543.5877830709687 566.0026258076426 567.358546750273
 411648 2048 2946.056 2967.106 2997.816 562.4461968312933 568.2676008204628 572.3279557482954 562.4461968312933 568.2676008204628 572.3279557482954
 452608 2048 3237.215 3269.387 3294.085 562.7912965208852 567.0428028251167 572.67817182362 562.7912965208852 567.0428028251167 572.67817182362
 497664 2048 3598.028 3620.461 3682.77 553.5050366979203 563.0309908047622 566.5413787774859 553.5050366979203 563.0309908047622 566.5413787774859
 547328 2048 3933.432 3940.936 3945.455 568.2121549985998 568.863713594943 569.9489626361916 568.2121549985998 568.863713594943 569.9489626361916
 601600 2048 4334.782 4341.256 4371.082 563.7399618675651 567.6130594463906 568.4607899543736 563.7399618675651 567.6130594463906 568.4607899543736
 661504 2048 4771.751 4811.838 4828.28 561.1771446560681 563.0946810761294 567.825182831208 561.1771446560681 563.0946810761294 567.825182831208
 727552 1024 2608.908 2614.911 2637.213 565.0004364455962 569.8192007299675 571.1303334575232 565.0004364455962 569.8192007299675 571.1303334575232
 800256 1024 2874.659 2881.593 2885.029 568.0789648908209 568.7563399827803 570.1282440804283 568.0789648908209 568.7563399827803 570.1282440804283
 880128 1024 3159.215 3167.07 3177.721 567.2310891988315 569.1387130691775 570.5538065627062 567.2310891988315 569.1387130691775 570.5538065627062
 967680 1024 3478.659 3513.405 3534.586 560.6904571002092 564.070649412749 569.7047741672868 560.6904571002092 564.070649412749 569.7047741672868
 1064448 1024 3824.223 3843.71 3857.676 565.1043540203998 567.1576430063662 570.0476943943906 565.1043540203998 567.1576430063662 570.0476943943906
 1170432 1024 4203.6 4249.94 4264.437 562.1011017398075 564.0184887316055 570.2361632886098 562.1011017398075 564.0184887316055 570.2361632886098
 1287168 1024 4634.238 4664.365 4688.171 562.2917901245496 565.1616166402072 568.8357102073738 562.2917901245496 565.1616166402072 568.8357102073738
 1415680 512 2534.666 2542.772 2566.708 564.7920682835758 570.1086530762491 571.9318916180673 564.7920682835758 570.1086530762491 571.9318916180673
 1556992 512 2785.938 2793.834 2882.664 553.0855514204916 570.6709160243595 572.2883308960932 553.0855514204916 570.6709160243595 572.2883308960932
 1712640 512 3071.657 3084.412 3114.009 563.1786420655817 568.5827185213908 570.9437479510244 563.1786420655817 568.5827185213908 570.9437479510244
 1883648 512 3379.858 3379.939 3429.394 562.4479287011059 570.6776222884496 570.6912988652185 562.4479287011059 570.6776222884496 570.6912988652185
 2071552 512 3734.31 3759.348 3774.317 562.0273146108289 564.2651991781553 568.0485144511302 562.0273146108289 564.2651991781553 568.0485144511302
 2278400 512 4127.033 4149.857 4161.359 560.6537671948033 562.207709807832 565.316923804583 560.6537671948033 562.207709807832 565.316923804583
 2506240 512 4491.133 4497.344 4519.668 567.8270527835231 570.6456432952426 571.4348161143301 567.8270527835231 570.6456432952426 571.4348161143301
 2756608 256 2479.44 2497.786 2503.366 563.7942258543097 565.0537299832731 569.2347046107185 563.7942258543097 565.0537299832731 569.2347046107185
 3032064 256 2738.527 2753.647 2769.818 560.4760919309499 563.7675301155159 566.880212610648 560.4760919309499 563.7675301155159 566.880212610648
 3335168 256 2983.668 3029.567 3164.786 539.5644495394001 563.6468894729841 572.3177029079643 539.5644495394001 563.6468894729841 572.3177029079643
 3668480 256 3274.516 3286.48 3327.278 564.5040059772583 571.5116964046639 573.5998113919737 564.5040059772583 571.5116964046639 573.5998113919737
 4035072 256 3608.889 3628.617 3710.854 556.7335346526702 569.3510403550443 572.4633991236637 556.7335346526702 569.3510403550443 572.4633991236637
 4438528 256 3971.485 3975.142 4284.867 530.3609974358596 571.6843161829187 572.2107312504012 530.3609974358596 571.6843161829187 572.2107312504012
 4881920 256 4363.066 4373.767 4394.237 568.8229924785576 571.4851842816502 572.8868277491104 568.8229924785576 571.4851842816502 572.8868277491104
 5369856 128 2430.607 2433.241 2448.21 561.5054002720354 564.9597125808747 565.5719480771676 561.5054002720354 564.9597125808747 565.5719480771676
 5906432 128 2669.796 2670.908 2695.415 560.9698662358115 566.1170628115981 566.3528569224015 560.9698662358115 566.1170628115981 566.3528569224015
 6496768 128 2892.704 2899.496 2904.216 572.6752445410397 573.6074848870286 574.9543015808047 572.6752445410397 573.6074848870286 574.9543015808047
 7145984 128 3188.452 3193.892 3210.945 569.7300651365875 572.7719985522366 573.7492375610484 569.7300651365875 572.7719985522366 573.7492375610484
 7860224 128 3518.585 3547.1 3557.28 565.6617820357127 567.2852031236786 571.882544829811 565.6617820357127 567.2852031236786 571.882544829811
 8646144 128 3851.274 3863.809 3885.07 569.7227756514039 572.8577328744769 574.7222513900595 569.7227756514039 572.8577328744769 574.7222513900595
 9510400 128 4241.954 4246.633 4256.473 571.9905658981039 573.3159423006415 573.9483266438061 571.9905658981039 573.3159423006415 573.9483266438061
 10461184 128 4671.88 4710.624 4720.082 567.3763938846824 568.5155733083345 573.2302850244441 567.3763938846824 568.5155733083345 573.2302850244441
 11507200 64 2603.578 2624.669 2644.507 556.9739841868447 561.1837530751496 565.7297764845148 556.9739841868447 561.1837530751496 565.7297764845148
 12657664 64 2836.476 2846.896 2853.699 567.74768186834 569.1043831597642 571.1950293251203 567.74768186834 569.1043831597642 571.1950293251203
 13923328 64 3118.166 3141.662 3149.046 565.9447286575046 567.2748958990496 571.5494248862952 565.9447286575046 567.2748958990496 571.5494248862952
 15315456 64 3390.629 3405.459 3424.265 572.4961029593212 575.6576038648534 578.1754264474232 572.4961029593212 575.6576038648534 578.1754264474232
 16846848 64 3754.769 3775.439 3790.357 568.9164751499661 571.1644510744314 574.3087108687646 568.9164751499661 571.1644510744314 574.3087108687646
 18531328 64 4107.776 4160.458 4169.466 568.9001862588639 570.1319383587096 577.4438489343139 568.9001862588639 570.1319383587096 577.4438489343139
 20384256 64 4523.024 4531.931 4633.085 563.1635871131222 575.7335599328411 576.8673276993444 563.1635871131222 575.7335599328411 576.8673276993444
 22422528 32 2477.717 2501.463 2505.561 572.7427079205016 573.6809986795727 579.1790555579996 572.7427079205016 573.6809986795727 579.1790555579996
 24664576 32 2708.931 2715.955 2718.89 580.5798925296721 581.2072968808394 582.7143120293578 580.5798925296721 581.2072968808394 582.7143120293578
 27130880 32 3032.131 3041.449 3067.069 566.1353950628434 570.9043025215941 572.6587406678669 566.1353950628434 570.9043025215941 572.6587406678669
 29843968 32 3280.097 3283.434 3285.467 581.3523471701283 581.7123024248393 582.3041062505164 581.3523471701283 581.7123024248393 582.3041062505164
 32827904 32 3606.083 3613.247 3635.54 577.9020052041787 581.4675431820741 582.6227116791266 577.9020052041787 581.4675431820741 582.6227116791266
 36110336 32 3969.521 3986.203 4016.782 575.3514888286195 579.7651308776799 582.2016066925959 575.3514888286195 579.7651308776799 582.2016066925959
 39720960 32 4366.223 4393.255 4418.293 575.3673285135233 578.6464568981313 582.2289516591343 575.3673285135233 578.6464568981313 582.2289516591343
 43693056 16 2350.152 2362.806 2372.145 589.4149775835795 591.744642598673 594.9307925615025 589.4149775835795 591.744642598673 594.9307925615025
 48061952 16 2579.482 2590.202 2596.896 592.2387588875334 593.7693137446422 596.2369436964475 592.2387588875334 593.7693137446422 596.2369436964475
 52868096 16 2843.669 2859.149 2877.955 587.8406966057497 591.7072079839141 594.9282676710968 587.8406966057497 591.7072079839141 594.9282676710968
 58154496 16 3128.938 3134.298 3149.376 590.8928854477839 593.7354622949063 594.7525556594602 590.8928854477839 593.7354622949063 594.7525556594602
 63969792 16 3442.56 3447.86 3465.143 590.7500336926931 593.7112713393235 594.6253206915784 590.7500336926931 593.7112713393235 594.6253206915784
 70366720 16 3788.514 3809.123 3835.755 587.0382858133535 591.1426435953892 594.3583790372688 587.0382858133535 591.1426435953892 594.3583790372688
 77403136 16 4164.566 4177.922 4189.774 591.1775556390392 592.8546181570647 594.7559366330129 591.1775556390392 592.8546181570647 594.7559366330129
 85143040 8 2189.824 2192.78 2246.903 606.2961507461605 621.26097465318 622.0996025251345 606.2961507461605 621.26097465318 622.0996025251345
 93657088 8 2408.735 2411.68 2444.293 613.0661946010564 621.3566509653023 622.1163423954897 613.0661946010564 621.3566509653023 622.1163423954897
 103022592 8 2656.18 2661.831 2703.812 609.6435225526035 619.2584998822239 620.5759669901889 609.6435225526035 619.2584998822239 620.5759669901889
 113324544 8 2921.579 2925.356 2937.359 617.2867204859875 619.8195036775011 620.6208026550026 617.2867204859875 619.8195036775011 620.6208026550026
 124656640 8 3211.656 3229.36 3268.926 610.1411411576769 617.6165679887037 621.0211305320371 610.1411411576769 617.6165679887037 621.0211305320371
 137122304 8 3537.111 3539.906 3545.297 618.8358447825386 619.7782833781463 620.2680277774715 618.8358447825386 619.7782833781463 620.2680277774715
 150834176 8 3892.082 3899.156 4084.092 590.9139206462537 618.9408210392197 620.0657683985075 590.9139206462537 618.9408210392197 620.0657683985075
 165917184 8 4269.136 4272.924 4289.806 618.8333327894082 621.2782965482185 621.8295561443813 618.8333327894082 621.2782965482185 621.8295561443813
 182508544 4 2141.211 2146.441 2154.466 677.6938471064292 680.2275729917571 681.8890581077718 677.6938471064292 680.2275729917571 681.8890581077718
 200759296 4 2352.036 2357.647 2373.206 676.7530370309194 681.2191850603589 682.8442966009023 676.7530370309194 681.2191850603589 682.8442966009023
 220834816 4 2588.64 2605.914 2611.945 676.3842760854459 677.9496667963715 682.473626305705 676.3842760854459 677.9496667963715 682.473626305705
 242917888 4 2860.522 2864.089 2882.244 674.2465606659256 678.5205012833052 679.3665995227444 674.2465606659256 678.5205012833052 679.3665995227444
 267209216 4 3178.663 3185.736 3211.747 665.5797383791439 671.0140852851587 672.5071918602256 665.5797383791439 671.0140852851587 672.5071918602256
 293929984 4 4177.681 4290.146 4320.936 544.1968758620817 548.1025289116035 562.8576887512473 544.1968758620817 548.1025289116035 562.8576887512473
 323322880 4 6329.553 6475.052 6637.905 389.6685836871724 399.4690760784624 408.65177051207246 389.6685836871724 399.4690760784624 408.65177051207246
 355655168 2 8037.332 8079.893 8125.111 175.08938302504424 176.06924646155588 177.00160600557496 175.08938302504424 176.06924646155588 177.00160600557496
 391220224 2 9732.946 9776.08 9836.345 159.0917048964834 160.07243148583072 160.78183275649533 159.0917048964834 160.07243148583072 160.78183275649533
 430342144 2 11309.604 11373.055 11383.646 151.21416952002897 151.35498562171728 152.20414224936613 151.21416952002897 151.35498562171728 152.20414224936613
 473376256 2 12835.995 12858.588 12888.897 146.90978009987975 147.25606139647684 147.51525097976432 146.90978009987975 147.25606139647684 147.51525097976432
 520713728 2 14334.662 14368.317 14409.465 144.5476922286844 144.9616480482718 145.30198982019948 144.5476922286844 144.9616480482718 145.30198982019948
 572784640 2 15846.124 15902.723 15913.122 143.97794222906103 144.07209130159657 144.5866863089043 143.97794222906103 144.07209130159657 144.5866863089043
 630063104 2 17416.358 17448.29 17498.577 144.02613515373278 144.44122696264216 144.7060525512854 144.02613515373278 144.44122696264216 144.7060525512854
 693069312 1 9601.425 9615.16 9645.359 143.71042322012067 144.16178451528629 144.3680103734602 143.71042322012067 144.16178451528629 144.3680103734602
 762376192 1 10539.656 10576.998 10584.362 144.0570895061979 144.15738605604352 144.66813565831748 144.0570895061979 144.15738605604352 144.66813565831748
 838613504 1 11564.874 11629.618 11678.712 143.6140396303976 144.22030095915446 145.02769403281005 143.6140396303976 144.22030095915446 145.02769403281005
 922474496 1 12775.759 12797.52 12831.917 143.7781269938077 144.16457188580287 144.41012796186905 143.7781269938077 144.16457188580287 144.41012796186905
 1014721536 1 14047.08 14070.505 14084.151 144.09410066677074 144.23384747029337 144.47437275220187 144.09410066677074 144.23384747029337 144.47437275220187
 1116193280 1 15401.239 15443.601 15451.676 144.47536694401307 144.5509088197759 144.94850446772497 144.47536694401307 144.5509088197759 144.94850446772497
 1227812352 1 16965.202 17002.194 17040.817 144.10252184505003 144.42987205063065 144.74479608318248 144.10252184505003 144.42987205063065 144.74479608318248
 1350593536 1 18680.024 18690.425 18714.191 144.33897099799827 144.52250668457245 144.60297652722502 144.33897099799827 144.52250668457245 144.60297652722502
 
META_DATA
 FLOPS          16
 MPI_PROCS      64
 ERT_VERSION  1.1.0
 HOSTNAME  ('nid004033', [], ['10.253.33.94'])
 UNAME  uname_result(system='Linux', node='nid004033', release='5.14.21-150400.24.46_12.0.63-cray_shasta_c', version='#1 SMP Fri Mar 3 22:39:37 UTC 2023 (6e164f9)', machine='x86_64')
 TIMESTAMP_DATA  1710934624.9425213
 CONFIG  {'ERT_RESULTS': ['Results.archer.01'], 'ERT_DRIVER': ['driver1'], 'ERT_KERNEL': ['kernel1'], 'ERT_MPI': ['True'], 'ERT_MPI_CFLAGS': [], 'ERT_MPI_LDFLAGS': [], 'ERT_OPENMP': ['False'], 'ERT_OPENMP_CFLAGS': ['-fopenmp'], 'ERT_OPENMP_LDFLAGS': ['-fopenmp'], 'ERT_FLOPS': ['1,2,4,8,16,32'], 'ERT_ALIGN': ['32'], 'ERT_CC': ['mpic++'], 'ERT_CFLAGS': ['-Ofast', '-fargument-noalias', '-mavx2'], 'ERT_LD': ['mpic++'], 'ERT_LDFLAGS': [], 'ERT_LDLIBS': [], 'ERT_RUN': ['export', 'OMP_NUM_THREADS=ERT_OPENMP_THREADS;', 'srun', '--distribution=block:block', '--hint=nomultithread', '--ntasks', 'ERT_MPI_PROCS', 'ERT_CODE'], 'ERT_PROCS_THREADS': ['32,64,128'], 'ERT_MPI_PROCS': ['32,64,128'], 'ERT_OPENMP_THREADS': [], 'ERT_NUM_EXPERIMENTS': ['5'], 'ERT_MEMORY_MAX': ['1357905920'], 'ERT_WORKING_SET_MIN': ['1'], 'ERT_TRIALS_MIN': ['1'], 'ERT_GNUPLOT': ['gnuplot'], 'ERT_GPU': [False], 'ERT_HIP': [False], 'ERT_PRECISION': ['FP64'], 'ERT_OCL': [False], 'ERT_SYCL': [False], 'ERT_WSS_MULT': [1.1]}
 TIMESTAMP_DATA  1710934630.8861578
 TIMESTAMP_DATA  1710934636.1807897
 TIMESTAMP_DATA  1710934641.9496403
 TIMESTAMP_DATA  1710934647.2368555
 