fp64
        1024            1          93.204         2048          128
        1024            2           5.089         4096          256
        1024            4           7.193         8192          512
        1024            8           5.230        16384         1024
        1024           16           6.743        32768         2048
        1024           32           6.331        65536         4096
        1024           64           5.601       131072         8192
        1024          128           5.400       262144        16384
        1024          256           4.468       524288        32768
        1024          512           5.871      1048576        65536
        1024         1024           4.970      2097152       131072
        1024         2048           9.017      4194304       262144
        1024         4096           6.713      8388608       524288
        1024         8192          12.634     16777216      1048576
        1024        16384          14.307     33554432      2097152
        1024        32768          26.640     67108864      4194304
        1024        65536          45.835    134217728      8388608
        1024       131072          80.380    268435456     16777216
        1024       262144         159.950    536870912     33554432
        1024       524288         314.098   1073741824     67108864
        1024      1048576         651.851   2147483648    134217728
        2048            1           6.281         4096          256
        2048            2           6.312         8192          512
        2048            4           6.993        16384         1024
        2048            8           5.450        32768         2048
        2048           16           5.070        65536         4096
        2048           32           4.879       131072         8192
        2048           64          14.828       262144        16384
        2048          128           4.559       524288        32768
        2048          256           4.839      1048576        65536
        2048          512           5.771      2097152       131072
        2048         1024           5.230      4194304       262144
        2048         2048           6.502      8388608       524288
        2048         4096           6.602     16777216      1048576
        2048         8192           9.477     33554432      2097152
        2048        16384          62.798     67108864      4194304
        2048        32768          25.498    134217728      8388608
        2048        65536          43.641    268435456     16777216
        2048       131072          79.890    536870912     33554432
        2048       262144         156.533   1073741824     67108864
        2048       524288         310.772   2147483648    134217728
        3072            1          15.499         6144          384
        3072            2           4.138        12288          768
        3072            4           7.344        24576         1536
        3072            8           5.119        49152         3072
        3072           16           4.989        98304         6144
        3072           32           5.660       196608        12288
        3072           64           4.569       393216        24576
        3072          128           4.508       786432        49152
        3072          256           4.378      1572864        98304
        3072          512           7.644      3145728       196608
        3072         1024           4.829      6291456       393216
        3072         2048           7.184     12582912       786432
        3072         4096           6.642     25165824      1572864
        3072         8192           9.798     50331648      3145728
        3072        16384          14.407    100663296      6291456
        3072        32768          23.104    201326592     12582912
        3072        65536          53.801    402653184     25165824
        3072       131072          84.629    805306368     50331648
        3072       262144         161.422   1610612736    100663296
        4096            1          12.844         8192          512
        4096            2           5.791        16384         1024
        4096            4           5.480        32768         2048
        4096            8           5.430        65536         4096
        4096           16           5.711       131072         8192
        4096           32           4.749       262144        16384
        4096           64           4.639       524288        32768
        4096          128           4.809      1048576        65536
        4096          256           7.114      2097152       131072
        4096          512           4.819      4194304       262144
        4096         1024           4.559      8388608       524288
        4096         2048           4.719     16777216      1048576
        4096         4096           6.292     33554432      2097152
        4096         8192           8.957     67108864      4194304
        4096        16384          10.460    134217728      8388608
        4096        32768          17.754    268435456     16777216
        4096        65536          29.676    536870912     33554432
        4096       131072          54.883   1073741824     67108864
        4096       262144         109.686   2147483648    134217728
        5120            1          15.398        10240          640
        5120            2           8.927        20480         1280
        5120            4          11.541        40960         2560
        5120            8          11.722        81920         5120
        5120           16           4.238       163840        10240
        5120           32          10.068       327680        20480
        5120           64           6.782       655360        40960
        5120          128           4.699      1310720        81920
        5120          256           4.468      2621440       163840
        5120          512           4.799      5242880       327680
        5120         1024           5.700     10485760       655360
        5120         2048           5.901     20971520      1310720
        5120         4096           8.346     41943040      2621440
        5120         8192           8.766     83886080      5242880
        5120        16384          13.906    167772160     10485760
        5120        32768          23.184    335544320     20971520
        5120        65536          42.279    671088640     41943040
        5120       131072          80.321   1342177280     83886080
        5120       262144         155.712   2684354560    167772160
        6144            1           6.663        12288          768
        6144            2           6.653        24576         1536
        6144            4          10.169        49152         3072
        6144            8           8.796        98304         6144
        6144           16           7.013       196608        12288
        6144           32           5.390       393216        24576
        6144           64           4.098       786432        49152
        6144          128           4.799      1572864        98304
        6144          256           4.369      3145728       196608
        6144          512           6.753      6291456       393216
        6144         1024           5.410     12582912       786432
        6144         2048           7.284     25165824      1572864
        6144         4096           7.253     50331648      3145728
        6144         8192           8.927    100663296      6291456
        6144        16384          13.926    201326592     12582912
        6144        32768          22.973    402653184     25165824
        6144        65536          43.812    805306368     50331648
        6144       131072          80.000   1610612736    100663296
        7168            1           7.313        14336          896
        7168            2           5.190        28672         1792
        7168            4           9.097        57344         3584
        7168            8          59.641       114688         7168
        7168           16          17.202       229376        14336
        7168           32          12.453       458752        28672
        7168           64           3.176       917504        57344
        7168          128           8.986      1835008       114688
        7168          256           8.807      3670016       229376
        7168          512           4.449      7340032       458752
        7168         1024           7.264     14680064       917504
        7168         2048          10.399     29360128      1835008
        7168         4096           7.925     58720256      3670016
        7168         8192           9.187    117440512      7340032
        7168        16384          14.788    234881024     14680064
        7168        32768          23.835    469762048     29360128
        7168        65536          42.550    939524096     58720256
        7168       131072          79.880   1879048192    117440512
        8192            1          18.414        16384         1024
        8192            2          11.431        32768         2048
        8192            4           7.023        65536         4096
        8192            8          18.996       131072         8192
        8192           16           5.771       262144        16384
        8192           32           6.151       524288        32768
        8192           64           7.324      1048576        65536
        8192          128           6.191      2097152       131072
        8192          256           8.166      4194304       262144
        8192          512           4.629      8388608       524288
        8192         1024           6.983     16777216      1048576
        8192         2048           5.640     33554432      2097152
        8192         4096           7.614     67108864      4194304
        8192         8192           8.927    134217728      8388608
        8192        16384          16.330    268435456     16777216
        8192        32768          24.315    536870912     33554432
        8192        65536          42.680   1073741824     67108864
        8192       131072          81.603   2147483648    134217728
        9216            1           5.059        18432         1152
        9216            2           6.251        36864         2304
        9216            4           5.470        73728         4608
        9216            8           7.555       147456         9216
        9216           16           4.960       294912        18432
        9216           32           7.033       589824        36864
        9216           64          16.781      1179648        73728
        9216          128          12.834      2359296       147456
        9216          256          23.114      4718592       294912
        9216          512          10.599      9437184       589824
        9216         1024          10.410     18874368      1179648
        9216         2048           9.628     37748736      2359296
        9216         4096          14.607     75497472      4718592
        9216         8192          14.066    150994944      9437184
        9216        16384          20.609    301989888     18874368
        9216        32768          23.394    603979776     37748736
        9216        65536          42.189   1207959552     75497472
        9216       131072          81.623   2415919104    150994944
       10240            1         403.556        20480         1280
       10240            2           6.613        40960         2560
       10240            4           4.378        81920         5120
       10240            8           7.524       163840        10240
       10240           16           5.000       327680        20480
       10240           32           4.639       655360        40960
       10240           64           4.378      1310720        81920
       10240          128           4.639      2621440       163840
       10240          256           6.332      5242880       327680
       10240          512           4.739     10485760       655360
       10240         1024           6.172     20971520      1310720
       10240         2048           5.570     41943040      2621440
       10240         4096           7.584     83886080      5242880
       10240         8192           9.788    167772160     10485760
       10240        16384          13.595    335544320     20971520
       10240        32768          24.916    671088640     41943040
       10240        65536          42.459   1342177280     83886080
       10240       131072          82.224   2684354560    167772160
       11264            1          22.011        22528         1408
       11264            2           5.641        45056         2816
       11264            4           5.180        90112         5632
       11264            8           4.949       180224        11264
       11264           16           6.172       360448        22528
       11264           32           5.039       720896        45056
       11264           64           6.773      1441792        90112
       11264          128           5.881      2883584       180224
       11264          256           5.310      5767168       360448
       11264          512           4.708     11534336       720896
       11264         1024           5.160     23068672      1441792
       11264         2048           5.300     46137344      2883584
       11264         4096           6.953     92274688      5767168
       11264         8192          10.570    184549376     11534336
       11264        16384          13.536    369098752     23068672
       11264        32768          25.548    738197504     46137344
       11264        65536          42.900   1476395008     92274688
       12288            1           6.452        24576         1536
       12288            2           6.251        49152         3072
       12288            4           4.990        98304         6144
       12288            8           5.440       196608        12288
       12288           16           4.709       393216        24576
       12288           32           5.781       786432        49152
       12288           64           4.188      1572864        98304
       12288          128           5.440      3145728       196608
       12288          256           5.180      6291456       393216
       12288          512           5.932     12582912       786432
       12288         1024           6.543     25165824      1572864
       12288         2048           6.983     50331648      3145728
       12288         4096           8.676    100663296      6291456
       12288         8192          12.524    201326592     12582912
       12288        16384          22.813    402653184     25165824
       12288        32768          36.178    805306368     50331648
       12288        65536          68.568   1610612736    100663296
       13312            1          17.333        26624         1664
       13312            2           8.506        53248         3328
       13312            4           6.212       106496         6656
       13312            8           4.559       212992        13312
       13312           16           8.146       425984        26624
       13312           32           4.489       851968        53248
       13312           64          11.722      1703936       106496
       13312          128           4.458      3407872       212992
       13312          256           4.668      6815744       425984
       13312          512           4.408     13631488       851968
       13312         1024           5.741     27262976      1703936
       13312         2048           8.345     54525952      3407872
       13312         4096          10.900    109051904      6815744
       13312         8192          15.249    218103808     13631488
       13312        16384          23.234    436207616     27262976
       13312        32768          42.750    872415232     54525952
       13312        65536          79.890   1744830464    109051904
       14336            1          12.203        28672         1792
       14336            2          12.724        57344         3584
       14336            4           7.113       114688         7168
       14336            8          14.878       229376        14336
       14336           16          16.441       458752        28672
       14336           32          13.866       917504        57344
       14336           64           6.412      1835008       114688
       14336          128          12.965      3670016       229376
       14336          256          10.079      7340032       458752
       14336          512           5.200     14680064       917504
       14336         1024           8.656     29360128      1835008
       14336         2048           5.580     58720256      3670016
       14336         4096          11.842    117440512      7340032
       14336         8192          12.293    234881024     14680064
       14336        16384          19.617    469762048     29360128
       14336        32768          35.507    939524096     58720256
       14336        65536          67.056   1879048192    117440512
       15360            1          10.109        30720         1920
       15360            2           4.228        61440         3840
       15360            4           8.936       122880         7680
       15360            8          50.334       245760        15360
       15360           16           6.382       491520        30720
       15360           32           8.175       983040        61440
       15360           64           5.290      1966080       122880
       15360          128          11.963      3932160       245760
       15360          256           9.769      7864320       491520
       15360          512           8.777     15728640       983040
       15360         1024          12.664     31457280      1966080
       15360         2048          15.970     62914560      3932160
       15360         4096          19.617    125829120      7864320
       15360         8192          19.146    251658240     15728640
       15360        16384          23.223    503316480     31457280
       15360        32768          38.372   1006632960     62914560
       15360        65536          66.244   2013265920    125829120
       16384            1           8.476        32768         2048
       16384            2           7.234        65536         4096
       16384            4           4.949       131072         8192
       16384            8           6.382       262144        16384
       16384           16           6.652       524288        32768
       16384           32           4.839      1048576        65536
       16384           64           4.959      2097152       131072
       16384          128          23.755      4194304       262144
       16384          256           5.610      8388608       524288
       16384          512           8.756     16777216      1048576
       16384         1024           7.755     33554432      2097152
       16384         2048          13.425     67108864      4194304
       16384         4096          20.208    134217728      8388608
       16384         8192          20.719    268435456     16777216
       16384        16384          33.843    536870912     33554432
       16384        32768          60.293   1073741824     67108864
       16384        65536         117.560   2147483648    134217728
       17408            1          35.567        34816         2176
       17408            2           5.410        69632         4352
       17408            4          19.226       139264         8704
       17408            8          13.826       278528        17408
       17408           16           5.620       557056        34816
       17408           32           5.079      1114112        69632
       17408           64          16.241      2228224       139264
       17408          128          23.785      4456448       278528
       17408          256           3.987      8912896       557056
       17408          512           6.813     17825792      1114112
       17408         1024           5.961     35651584      2228224
       17408         2048           7.985     71303168      4456448
       17408         4096          12.313    142606336      8912896
       17408         8192          17.503    285212672     17825792
       17408        16384          29.295    570425344     35651584
       17408        32768          48.521   1140850688     71303168
       17408        65536          93.626   2281701376    142606336
       18432            1          16.641        36864         2304
       18432            2           6.663        73728         4608
       18432            4           5.841       147456         9216
       18432            8          10.029       294912        18432
       18432           16           7.504       589824        36864
       18432           32           5.139      1179648        73728
       18432           64           5.581      2359296       147456
       18432          128           4.668      4718592       294912
       18432          256           5.912      9437184       589824
       18432          512           5.310     18874368      1179648
       18432         1024           6.192     37748736      2359296
       18432         2048           7.073     75497472      4718592
       18432         4096           9.458    150994944      9437184
       18432         8192          14.568    301989888     18874368
       18432        16384          23.223    603979776     37748736
       18432        32768          43.852   1207959552     75497472
       18432        65536          80.631   2415919104    150994944
       19456            1          14.838        38912         2432
       19456            2           4.889        77824         4864
       19456            4           5.400       155648         9728
       19456            8           5.591       311296        19456
       19456           16           4.809       622592        38912
       19456           32           6.352      1245184        77824
       19456           64           4.379      2490368       155648
       19456          128           6.863      4980736       311296
       19456          256           5.310      9961472       622592
       19456          512           5.470     19922944      1245184
       19456         1024           5.460     39845888      2490368
       19456         2048           6.703     79691776      4980736
       19456         4096          10.229    159383552      9961472
       19456         8192          14.327    318767104     19922944
       19456        16384          24.085    637534208     39845888
       19456        32768          42.309   1275068416     79691776
       19456        65536          80.822   2550136832    159383552
       20480            1          17.373        40960         2560
       20480            2           7.995        81920         5120
       20480            4           6.682       163840        10240
       20480            8           4.619       327680        20480
       20480           16           4.779       655360        40960
       20480           32           4.890      1310720        81920
       20480           64           6.272      2621440       163840
       20480          128           4.719      5242880       327680
       20480          256           5.170     10485760       655360
       20480          512           4.949     20971520      1310720
       20480         1024           7.003     41943040      2621440
       20480         2048           8.426     83886080      5242880
       20480         4096          12.152    167772160     10485760
       20480         8192          21.490    335544320     20971520
       20480        16384          35.707    671088640     41943040
       20480        32768          67.125   1342177280     83886080
       20480        65536         130.334   2684354560    167772160
       22528            1          33.844        45056         2816
       22528            2           5.270        90112         5632
       22528            4           7.424       180224        11264
       22528            8           7.303       360448        22528
       22528           16           4.819       720896        45056
       22528           32           6.352      1441792        90112
       22528           64           4.899      2883584       180224
       22528          128           5.040      5767168       360448
       22528          256           4.448     11534336       720896
       22528          512           5.269     23068672      1441792
       22528         1024           5.861     46137344      2883584
       22528         2048           7.284     92274688      5767168
       22528         4096          11.582    184549376     11534336
       22528         8192          17.352    369098752     23068672
       22528        16384          30.096    738197504     46137344
       22528        32768          54.362   1476395008     92274688
       24576            1          12.273        49152         3072
       24576            2           6.852        98304         6144
       24576            4           4.388       196608        12288
       24576            8           7.954       393216        24576
       24576           16           5.180       786432        49152
       24576           32           5.631      1572864        98304
       24576           64           5.030      3145728       196608
       24576          128          12.323      6291456       393216
       24576          256           6.662     12582912       786432
       24576          512           9.428     25165824      1572864
       24576         1024           6.512     50331648      3145728
       24576         2048          11.742    100663296      6291456
       24576         4096          12.654    201326592     12582912
       24576         8192          19.247    402653184     25165824
       24576        16384          33.242    805306368     50331648
       24576        32768          61.125   1610612736    100663296
       26624            1          14.627        53248         3328
       26624            2           5.640       106496         6656
       26624            4           5.120       212992        13312
       26624            8          16.261       425984        26624
       26624           16           5.500       851968        53248
       26624           32          16.872      1703936       106496
       26624           64           7.815      3407872       212992
       26624          128          15.990      6815744       425984
       26624          256          19.477     13631488       851968
       26624          512           5.150     27262976      1703936
       26624         1024           6.902     54525952      3407872
       26624         2048          15.880    109051904      6815744
       26624         4096          26.229    218103808     13631488
       26624         8192          23.454    436207616     27262976
       26624        16384          48.000    872415232     54525952
       26624        32768          80.581   1744830464    109051904
       28672            1           9.237        57344         3584
       28672            2           5.410       114688         7168
       28672            4           4.819       229376        14336
       28672            8           6.833       458752        28672
       28672           16           4.459       917504        57344
       28672           32           7.684      1835008       114688
       28672           64         642.203      3670016       229376
       28672          128           5.581      7340032       458752
       28672          256           6.091     14680064       917504
       28672          512           6.482     29360128      1835008
       28672         1024           7.804     58720256      3670016
       28672         2048          11.451    117440512      7340032
       28672         4096          18.535    234881024     14680064
       28672         8192          31.799    469762048     29360128
       28672        16384          59.832    939524096     58720256
       28672        32768         117.710   1879048192    117440512
       30720            1           9.207        61440         3840
       30720            2           9.628       122880         7680
       30720            4          11.993       245760        15360
       30720            8           6.983       491520        30720
       30720           16           5.249       983040        61440
       30720           32           5.731      1966080       122880
       30720           64           5.430      3932160       245760
       30720          128           5.239      7864320       491520
       30720          256           5.070     15728640       983040
       30720          512           5.801     31457280      1966080
       30720         1024           8.155     62914560      3932160
       30720         2048          10.049    125829120      7864320
       30720         4096          16.051    251658240     15728640
       30720         8192          26.860    503316480     31457280
       30720        16384          50.404   1006632960     62914560
       30720        32768          95.709   2013265920    125829120
       33792            1          18.845        67584         4224
       33792            2          14.157       135168         8448
       33792            4           7.234       270336        16896
       33792            8           7.574       540672        33792
       33792           16           5.140      1081344        67584
       33792           32          12.453      2162688       135168
       33792           64           4.829      4325376       270336
       33792          128           5.240      8650752       540672
       33792          256           8.816     17301504      1081344
       33792          512           6.563     34603008      2162688
       33792         1024           7.575     69206016      4325376
       33792         2048           9.799    138412032      8650752
       33792         4096          15.640    276824064     17301504
       33792         8192          26.440    553648128     34603008
       33792        16384          48.942   1107296256     69206016
       33792        32768          92.343   2214592512    138412032
       36864            1          18.034        73728         4608
       36864            2           5.700       147456         9216
       36864            4           5.400       294912        18432
       36864            8          12.343       589824        36864
       36864           16          17.202      1179648        73728
       36864           32          26.359      2359296       147456
       36864           64          14.227      4718592       294912
       36864          128          12.093      9437184       589824
       36864          256           5.220     18874368      1179648
       36864          512          10.700     37748736      2359296
       36864         1024          10.019     75497472      4718592
       36864         2048          20.689    150994944      9437184
       36864         4096          18.825    301989888     18874368
       36864         8192          31.950    603979776     37748736
       36864        16384          61.706   1207959552     75497472
       36864        32768         117.871   2415919104    150994944
       39936            1          10.520        79872         4992
       39936            2           5.200       159744         9984
       39936            4           9.117       319488        19968
       39936            8           4.198       638976        39936
       39936           16           5.140      1277952        79872
       39936           32          10.400      2555904       159744
       39936           64          16.812      5111808       319488
       39936          128          20.819     10223616       638976
       39936          256          22.682     20447232      1277952
       39936          512          13.635     40894464      2555904
       39936         1024           8.025     81788928      5111808
       39936         2048          11.281    163577856     10223616
       39936         4096          18.986    327155712     20447232
       39936         8192          33.813    654311424     40894464
       39936        16384          58.269   1308622848     81788928
       39936        32768         111.348   2617245696    163577856
       43008            1         395.521        86016         5376
       43008            2           4.699       172032        10752
       43008            4           4.899       344064        21504
       43008            8           5.691       688128        43008
       43008           16           4.950      1376256        86016
       43008           32           6.933      2752512       172032
       43008           64           5.100      5505024       344064
       43008          128           5.510     11010048       688128
       43008          256           5.541     22020096      1376256
       43008          512           5.982     44040192      2752512
       43008         1024           7.594     88080384      5505024
       43008         2048          10.841    176160768     11010048
       43008         4096          21.090    352321536     22020096
       43008         8192          31.960    704643072     44040192
       43008        16384          60.644   1409286144     88080384
       47104            1          15.189        94208         5888
       47104            2          12.955       188416        11776
       47104            4           5.671       376832        23552
       47104            8           7.665       753664        47104
       47104           16           8.637      1507328        94208
       47104           32           5.440      3014656       188416
       47104           64          14.568      6029312       376832
       47104          128           5.169     12058624       753664
       47104          256           7.434     24117248      1507328
       47104          512           6.632     48234496      3014656
       47104         1024           8.466     96468992      6029312
       47104         2048          12.143    192937984     12058624
       47104         4096          19.737    385875968     24117248
       47104         8192          35.626    771751936     48234496
       47104        16384          66.595   1543503872     96468992
       51200            1         318.647       102400         6400
       51200            2           4.649       204800        12800
       51200            4           5.601       409600        25600
       51200            8           5.029       819200        51200
       51200           16           5.029      1638400       102400
       51200           32           6.152      3276800       204800
       51200           64           4.689      6553600       409600
       51200          128           6.973     13107200       819200
       51200          256           5.691     26214400      1638400
       51200          512           7.514     52428800      3276800
       51200         1024           7.394    104857600      6553600
       51200         2048          16.351    209715200     13107200
       51200         4096          20.328    419430400     26214400
       51200         8192          36.889    838860800     52428800
       51200        16384          69.270   1677721600    104857600
       56320            1           7.334       112640         7040
       56320            2           9.267       225280        14080
       56320            4          13.245       450560        28160
       56320            8           7.795       901120        56320
       56320           16          17.082      1802240       112640
       56320           32           7.364      3604480       225280
       56320           64           5.480      7208960       450560
       56320          128           4.158     14417920       901120
       56320          256          15.559     28835840      1802240
       56320          512          16.500     57671680      3604480
       56320         1024          11.792    115343360      7208960
       56320         2048          14.938    230686720     14417920
       56320         4096          22.312    461373440     28835840
       56320         8192          38.622    922746880     57671680
       56320        16384          72.856   1845493760    115343360
       61440            1          27.201       122880         7680
       61440            2           8.676       245760        15360
       61440            4          16.331       491520        30720
       61440            8           4.959       983040        61440
       61440           16          19.166      1966080       122880
       61440           32          15.429      3932160       245760
       61440           64           6.272      7864320       491520
       61440          128           8.025     15728640       983040
       61440          256           6.221     31457280      1966080
       61440          512          22.001     62914560      3932160
       61440         1024           9.648    125829120      7864320
       61440         2048          15.148    251658240     15728640
       61440         4096          28.694    503316480     31457280
       61440         8192          44.293   1006632960     62914560
       61440        16384          88.045   2013265920    125829120
       67584            1          11.632       135168         8448
       67584            2          15.258       270336        16896
       67584            4           4.779       540672        33792
       67584            8           5.961      1081344        67584
       67584           16           3.567      2162688       135168
       67584           32           4.668      4325376       270336
       67584           64           4.449      8650752       540672
       67584          128           5.079     17301504      1081344
       67584          256          10.589     34603008      2162688
       67584          512          22.071     69206016      4325376
       67584         1024          17.392    138412032      8650752
       67584         2048          20.118    276824064     17301504
       67584         4096          27.361    553648128     34603008
       67584         8192          44.623   1107296256     69206016
       67584        16384          81.984   2214592512    138412032
       73728            1          24.226       147456         9216
       73728            2           6.612       294912        18432
       73728            4           7.655       589824        36864
       73728            8          24.756      1179648        73728
       73728           16           6.162      2359296       147456
       73728           32           4.789      4718592       294912
       73728           64          18.054      9437184       589824
       73728          128           5.811     18874368      1179648
       73728          256           5.801     37748736      2359296
       73728          512           7.784     75497472      4718592
       73728         1024           8.917    150994944      9437184
       73728         2048          16.571    301989888     18874368
       73728         4096          24.837    603979776     37748736
       73728         8192          45.135   1207959552     75497472
       73728        16384          85.661   2415919104    150994944
       80896            1          34.455       161792        10112
       80896            2           6.572       323584        20224
       80896            4           4.860       647168        40448
       80896            8           7.825      1294336        80896
       80896           16           4.979      2588672       161792
       80896           32           5.941      5177344       323584
       80896           64           5.490     10354688       647168
       80896          128           5.761     20709376      1294336
       80896          256          12.413     41418752      2588672
       80896          512           7.083     82837504      5177344
       80896         1024           9.638    165675008     10354688
       80896         2048          13.445    331350016     20709376
       80896         4096          23.625    662700032     41418752
       80896         8192          43.251   1325400064     82837504
       80896        16384         103.384   2650800128    165675008
       88064            1           9.347       176128        11008
       88064            2           9.868       352256        22016
       88064            4           8.476       704512        44032
       88064            8          14.106      1409024        88064
       88064           16           7.494      2818048       176128
       88064           32           6.321      5636096       352256
       88064           64          14.677     11272192       704512
       88064          128          15.750     22544384      1409024
       88064          256           7.253     45088768      2818048
       88064          512          19.486     90177536      5636096
       88064         1024           9.908    180355072     11272192
       88064         2048          24.766    360710144     22544384
       88064         4096          24.707    721420288     45088768
       88064         8192          50.906   1442840576     90177536
       96256            1          14.547       192512        12032
       96256            2          13.164       385024        24064
       96256            4           6.402       770048        48128
       96256            8           4.829      1540096        96256
       96256           16           5.741      3080192       192512
       96256           32          17.502      6160384       385024
       96256           64          42.349     12320768       770048
       96256          128           9.367     24641536      1540096
       96256          256           6.623     49283072      3080192
       96256          512           7.353     98566144      6160384
       96256         1024          10.390    197132288     12320768
       96256         2048          19.076    394264576     24641536
       96256         4096          27.843    788529152     49283072
       96256         8192          58.620   1577058304     98566144
      105472            1           7.114       210944        13184
      105472            2           7.214       421888        26368
      105472            4           5.300       843776        52736
      105472            8           6.933      1687552       105472
      105472           16           5.700      3375104       210944
      105472           32           5.079      6750208       421888
      105472           64           5.972     13500416       843776
      105472          128           4.879     27000832      1687552
      105472          256           7.023     54001664      3375104
      105472          512           7.745    108003328      6750208
      105472         1024          11.602    216006656     13500416
      105472         2048          16.391    432013312     27000832
      105472         4096          33.142    864026624     54001664
      105472         8192          57.317   1728053248    108003328
      115712            1          23.013       231424        14464
      115712            2           6.362       462848        28928
      115712            4           4.468       925696        57856
      115712            8           7.564      1851392       115712
      115712           16           5.320      3702784       231424
      115712           32           6.102      7405568       462848
      115712           64           6.472     14811136       925696
      115712          128           5.270     29622272      1851392
      115712          256           6.081     59244544      3702784
      115712          512           7.975    118489088      7405568
      115712         1024          12.023    236978176     14811136
      115712         2048          17.132    473956352     29622272
      115712         4096          39.785    947912704     59244544
      115712         8192          56.827   1895825408    118489088
      126976            1          18.345       253952        15872
      126976            2           6.693       507904        31744
      126976            4           4.839      1015808        63488
      126976            8           6.372      2031616       126976
      126976           16           4.759      4063232       253952
      126976           32           8.185      8126464       507904
      126976           64           4.959     16252928      1015808
      126976          128           5.500     32505856      2031616
      126976          256           7.203     65011712      4063232
      126976          512           8.877    130023424      8126464
      126976         1024          13.636    260046848     16252928
      126976         2048          20.568    520093696     32505856
      126976         4096          37.590   1040187392     65011712
      126976         8192          71.504   2080374784    130023424
      139264            1          10.270       278528        17408
      139264            2           4.759       557056        34816
      139264            4           5.170      1114112        69632
      139264            8           3.827      2228224       139264
      139264           16           5.270      4456448       278528
      139264           32           5.791      8912896       557056
      139264           64           5.280     17825792      1114112
      139264          128           6.963     35651584      2228224
      139264          256           6.753     71303168      4456448
      139264          512           9.588    142606336      8912896
      139264         1024          13.556    285212672     17825792
      139264         2048          21.991    570425344     35651584
      139264         4096          38.863   1140850688     71303168
      139264         8192          74.139   2281701376    142606336
      152576            1          15.428       305152        19072
      152576            2           4.618       610304        38144
      152576            4          10.389      1220608        76288
      152576            8           6.171      2441216       152576
      152576           16           5.480      4882432       305152
      152576           32           3.817      9764864       610304
      152576           64           4.508     19529728      1220608
      152576          128           6.442     39059456      2441216
      152576          256           7.705     78118912      4882432
      152576          512          12.253    156237824      9764864
      152576         1024          15.389    312475648     19529728
      152576         2048          27.792    624951296     39059456
      152576         4096          40.256   1249902592     78118912
      152576         8192          99.346   2499805184    156237824
      166912            1           4.088       333824        20864
      166912            2           4.499       667648        41728
      166912            4           7.254      1335296        83456
      166912            8           4.739      2670592       166912
      166912           16           5.250      5341184       333824
      166912           32           4.639     10682368       667648
      166912           64           5.771     21364736      1335296
      166912          128           6.632     42729472      2670592
      166912          256           8.636     85458944      5341184
      166912          512          14.387    170917888     10682368
      166912         1024          21.560    341835776     21364736
      166912         2048          38.191    683671552     42729472
      166912         4096          72.055   1367343104     85458944
      183296            1           5.380       366592        22912
      183296            2           4.849       733184        45824
      183296            4           5.540      1466368        91648
      183296            8           7.654      2932736       183296
      183296           16           5.340      5865472       366592
      183296           32           6.753     11730944       733184
      183296           64           5.250     23461888      1466368
      183296          128           8.777     46923776      2932736
      183296          256           9.948     93847552      5865472
      183296          512          13.535    187695104     11730944
      183296         1024          24.315    375390208     23461888
      183296         2048          50.004    750780416     46923776
      183296         4096          91.081   1501560832     93847552
      200704            1           6.412       401408        25088
      200704            2           7.785       802816        50176
      200704            4           4.729      1605632       100352
      200704            8           5.700      3211264       200704
      200704           16           5.911      6422528       401408
      200704           32           5.200     12845056       802816
      200704           64           6.773     25690112      1605632
      200704          128           6.492     51380224      3211264
      200704          256           7.775    102760448      6422528
      200704          512          10.049    205520896     12845056
      200704         1024          17.021    411041792     25690112
      200704         2048          28.804    822083584     51380224
      200704         4096          51.046   1644167168    102760448
      220160            1          10.680       440320        27520
      220160            2           7.935       880640        55040
      220160            4           5.921      1761280       110080
      220160            8          19.637      3522560       220160
      220160           16          11.471      7045120       440320
      220160           32          10.230     14090240       880640
      220160           64          17.232     28180480      1761280
      220160          128          13.475     56360960      3522560
      220160          256          12.464    112721920      7045120
      220160          512          16.581    225443840     14090240
      220160         1024          41.568    450887680     28180480
      220160         2048          28.964    901775360     56360960
      220160         4096          52.970   1803550720    112721920
      241664            1          16.511       483328        30208
      241664            2           5.651       966656        60416
      241664            4           6.051      1933312       120832
      241664            8           5.040      3866624       241664
      241664           16           9.388      7733248       483328
      241664           32           5.901     15466496       966656
      241664           64          21.410     30932992      1933312
      241664          128           7.765     61865984      3866624
      241664          256          16.501    123731968      7733248
      241664          512          13.566    247463936     15466496
      241664         1024          25.258    494927872     30932992
      241664         2048          34.605    989855744     61865984
      241664         4096          69.160   1979711488    123731968
      265216            1           7.574       530432        33152
      265216            2          13.074      1060864        66304
      265216            4           5.821      2121728       132608
      265216            8           6.182      4243456       265216
      265216           16           5.250      8486912       530432
      265216           32           8.997     16973824      1060864
      265216           64           5.149     33947648      2121728
      265216          128          10.640     67895296      4243456
      265216          256           9.207    135790592      8486912
      265216          512          11.201    271581184     16973824
      265216         1024          28.333    543162368     33947648
      265216         2048          34.675   1086324736     67895296
      265216         4096          63.338   2172649472    135790592
      290816            1          15.659       581632        36352
      290816            2           8.336      1163264        72704
      290816            4          15.910      2326528       145408
      290816            8           9.378      4653056       290816
      290816           16           7.915      9306112       581632
      290816           32           6.853     18612224      1163264
      290816           64           7.374     37224448      2326528
      290816          128           6.913     74448896      4653056
      290816          256          12.844    148897792      9306112
      290816          512          12.934    297795584     18612224
      290816         1024          20.708    595591168     37224448
      290816         2048          41.718   1191182336     74448896
      290816         4096          71.734   2382364672    148897792
      319488            1          11.652       638976        39936
      319488            2           6.643      1277952        79872
      319488            4          36.628      2555904       159744
      319488            8           9.257      5111808       319488
      319488           16           9.408     10223616       638976
      319488           32           9.017     20447232      1277952
      319488           64          10.048     40894464      2555904
      319488          128          18.265     81788928      5111808
      319488          256          11.972    163577856     10223616
      319488          512          17.382    327155712     20447232
      319488         1024          24.205    654311424     40894464
      319488         2048          44.393   1308622848     81788928
      319488         4096          76.033   2617245696    163577856
      351232            1          12.393       702464        43904
      351232            2           6.562      1404928        87808
      351232            4          12.563      2809856       175616
      351232            8           7.895      5619712       351232
      351232           16          13.305     11239424       702464
      351232           32          15.098     22478848      1404928
      351232           64          21.941     44957696      2809856
      351232          128           8.726     89915392      5619712
      351232          256          17.453    179830784     11239424
      351232          512          22.622    359661568     22478848
      351232         1024          48.752    719323136     44957696
      351232         2048          42.930   1438646272     89915392
      386048            1          14.287       772096        48256
      386048            2          14.868      1544192        96512
      386048            4           5.821      3088384       193024
      386048            8          15.079      6176768       386048
      386048           16           5.099     12353536       772096
      386048           32          14.256     24707072      1544192
      386048           64           5.901     49414144      3088384
      386048          128          15.890     98828288      6176768
      386048          256          10.901    197656576     12353536
      386048          512          28.523    395313152     24707072
      386048         1024          40.636    790626304     49414144
      386048         2048          59.802   1581252608     98828288
      423936            1          19.877       847872        52992
      423936            2           4.649      1695744       105984
      423936            4           8.606      3391488       211968
      423936            8           5.581      6782976       423936
      423936           16           7.274     13565952       847872
      423936           32          10.911     27131904      1695744
      423936           64           6.803     54263808      3391488
      423936          128           8.245    108527616      6782976
      423936          256          10.780    217055232     13565952
      423936          512          18.985    434110464     27131904
      423936         1024          32.641    868220928     54263808
      423936         2048          57.507   1736441856    108527616
      465920            1           9.017       931840        58240
      465920            2           5.610      1863680       116480
      465920            4           7.144      3727360       232960
      465920            8          10.299      7454720       465920
      465920           16           7.634     14909440       931840
      465920           32          12.113     29818880      1863680
      465920           64          10.349     59637760      3727360
      465920          128          12.874    119275520      7454720
      465920          256          14.858    238551040     14909440
      465920          512          21.441    477102080     29818880
      465920         1024          40.686    954204160     59637760
      465920         2048          67.096   1908408320    119275520
      512000            1           9.427      1024000        64000
      512000            2           5.741      2048000       128000
      512000            4           4.027      4096000       256000
      512000            8           8.616      8192000       512000
      512000           16           5.039     16384000      1024000
      512000           32           9.288     32768000      2048000
      512000           64          51.697     65536000      4096000
      512000          128          16.111    131072000      8192000
      512000          256          21.780    262144000     16384000
      512000          512          24.867    524288000     32768000
      512000         1024          36.439   1048576000     65536000
      512000         2048          68.899   2097152000    131072000
      563200            1          12.944      1126400        70400
      563200            2           4.729      2252800       140800
      563200            4          10.059      4505600       281600
      563200            8           6.602      9011200       563200
      563200           16           5.270     18022400      1126400
      563200           32           6.843     36044800      2252800
      563200           64           6.943     72089600      4505600
      563200          128          11.011    144179200      9011200
      563200          256          12.814    288358400     18022400
      563200          512          25.077    576716800     36044800
      563200         1024          41.628   1153433600     72089600
      563200         2048          70.051   2306867200    144179200
      619520            1          11.221      1239040        77440
      619520            2           5.981      2478080       154880
      619520            4           4.358      4956160       309760
      619520            8          14.928      9912320       619520
      619520           16           9.478     19824640      1239040
      619520           32           5.761     39649280      2478080
      619520           64           9.447     79298560      4956160
      619520          128          10.941    158597120      9912320
      619520          256          19.807    317194240     19824640
      619520          512          29.956    634388480     39649280
      619520         1024          42.219   1268776960     79298560
      619520         2048          76.613   2537553920    158597120
      680960            1          10.079      1361920        85120
      680960            2           9.878      2723840       170240
      680960            4           5.470      5447680       340480
      680960            8           5.871     10895360       680960
      680960           16          10.760     21790720      1361920
      680960           32          16.491     43581440      2723840
      680960           64           9.468     87162880      5447680
      680960          128          18.645    174325760     10895360
      680960          256          14.747    348651520     21790720
      680960          512          23.605    697303040     43581440
      680960         1024          51.967   1394606080     87162880
      748544            1          12.153      1497088        93568
      748544            2          10.981      2994176       187136
      748544            4           6.923      5988352       374272
      748544            8           4.989     11976704       748544
      748544           16          18.484     23953408      1497088
      748544           32           8.486     47906816      2994176
      748544           64           8.285     95813632      5988352
      748544          128          22.793    191627264     11976704
      748544          256          14.958    383254528     23953408
      748544          512          34.925    766509056     47906816
      748544         1024          46.146   1533018112     95813632
      823296            1          16.841      1646592       102912
      823296            2           7.864      3293184       205824
      823296            4          10.038      6586368       411648
      823296            8           6.402     13172736       823296
      823296           16           7.164     26345472      1646592
      823296           32           5.951     52690944      3293184
      823296           64          10.009    105381888      6586368
      823296          128          13.595    210763776     13172736
      823296          256          26.300    421527552     26345472
      823296          512          32.511    843055104     52690944
      823296         1024          66.084   1686110208    105381888
      905216            1          25.037      1810432       113152
      905216            2          10.029      3620864       226304
      905216            4           6.492      7241728       452608
      905216            8           6.332     14483456       905216
      905216           16           5.340     28966912      1810432
      905216           32           7.945     57933824      3620864
      905216           64          10.860    115867648      7241728
      905216          128          15.889    231735296     14483456
      905216          256          20.699    463470592     28966912
      905216          512          33.763    926941184     57933824
      905216         1024          58.610   1853882368    115867648
      995328            1          12.424      1990656       124416
      995328            2           6.974      3981312       248832
      995328            4           8.015      7962624       497664
      995328            8           6.101     15925248       995328
      995328           16           6.272     31850496      1990656
      995328           32          10.920     63700992      3981312
      995328           64          20.809    127401984      7962624
      995328          128          13.215    254803968     15925248
      995328          256          26.900    509607936     31850496
      995328          512          37.099   1019215872     63700992
      995328         1024          65.182   2038431744    127401984
     1094656            1          22.572      2189312       136832
     1094656            2           7.554      4378624       273664
     1094656            4          12.664      8757248       547328
     1094656            8          20.639     17514496      1094656
     1094656           16          20.729     35028992      2189312
     1094656           32          12.152     70057984      4378624
     1094656           64          10.169    140115968      8757248
     1094656          128          15.509    280231936     17514496
     1094656          256          23.223    560463872     35028992
     1094656          512          35.456   1120927744     70057984
     1094656         1024          71.314   2241855488    140115968
     1203200            1          23.384      2406400       150400
     1203200            2           5.791      4812800       300800
     1203200            4          26.649      9625600       601600
     1203200            8          11.402     19251200      1203200
     1203200           16           9.357     38502400      2406400
     1203200           32           6.753     77004800      4812800
     1203200           64          13.445    154009600      9625600
     1203200          128          12.764    308019200     19251200
     1203200          256          25.017    616038400     38502400
     1203200          512          36.678   1232076800     77004800
     1203200         1024          73.077   2464153600    154009600
     1323008            1          29.285      2646016       165376
     1323008            2           8.787      5292032       330752
     1323008            4          13.235     10584064       661504
     1323008            8           8.135     21168128      1323008
     1323008           16          10.490     42336256      2646016
     1323008           32          11.011     84672512      5292032
     1323008           64           8.917    169345024     10584064
     1323008          128          19.176    338690048     21168128
     1323008          256          24.666    677380096     42336256
     1323008          512          42.810   1354760192     84672512
     1323008         1024          95.760   2709520384    169345024
     1455104            1          31.139      2910208       181888
     1455104            2           5.139      5820416       363776
     1455104            4           5.741     11640832       727552
     1455104            8           9.297     23281664      1455104
     1455104           16           5.030     46563328      2910208
     1455104           32           8.075     93126656      5820416
     1455104           64          15.178    186253312     11640832
     1455104          128          15.319    372506624     23281664
     1455104          256          26.600    745013248     46563328
     1455104          512          42.971   1490026496     93126656
     1600512            1          47.789      3201024       200064
     1600512            2           6.131      6402048       400128
     1600512            4           5.781     12804096       800256
     1600512            8          10.139     25608192      1600512
     1600512           16          15.329     51216384      3201024
     1600512           32           7.404    102432768      6402048
     1600512           64          17.723    204865536     12804096
     1600512          128          14.898    409731072     25608192
     1600512          256          30.808    819462144     51216384
     1600512          512          49.272   1638924288    102432768
     1760256            1          25.057      3520512       220032
     1760256            2          10.770      7041024       440064
     1760256            4           5.601     14082048       880128
     1760256            8           8.135     28164096      1760256
     1760256           16           7.864     56328192      3520512
     1760256           32          10.971    112656384      7041024
     1760256           64          11.271    225312768     14082048
     1760256          128          16.191    450625536     28164096
     1760256          256          26.941    901251072     56328192
     1760256          512          53.460   1802502144    112656384
     1935360            1          28.924      3870720       241920
     1935360            2           3.587      7741440       483840
     1935360            4           7.935     15482880       967680
     1935360            8          14.808     30965760      1935360
     1935360           16           9.167     61931520      3870720
     1935360           32          17.342    123863040      7741440
     1935360           64          13.805    247726080     15482880
     1935360          128          22.231    495452160     30965760
     1935360          256          40.065    990904320     61931520
     1935360          512          57.819   1981808640    123863040
     2128896            1          37.120      4257792       266112
     2128896            2           6.162      8515584       532224
     2128896            4          15.659     17031168      1064448
     2128896            8           8.466     34062336      2128896
     2128896           16          20.959     68124672      4257792
     2128896           32          12.053    136249344      8515584
     2128896           64          12.774    272498688     17031168
     2128896          128          18.445    544997376     34062336
     2128896          256          37.621   1089994752     68124672
     2128896          512          58.640   2179989504    136249344
     2340864            1          35.346      4681728       292608
     2340864            2           7.093      9363456       585216
     2340864            4           5.009     18726912      1170432
     2340864            8           8.156     37453824      2340864
     2340864           16          10.199     74907648      4681728
     2340864           32          12.063    149815296      9363456
     2340864           64          19.657    299630592     18726912
     2340864          128          20.629    599261184     37453824
     2340864          256          37.280   1198522368     74907648
     2340864          512          63.529   2397044736    149815296
     2574336            1          32.742      5148672       321792
     2574336            2          10.490     10297344       643584
     2574336            4           6.092     20594688      1287168
     2574336            8           6.502     41189376      2574336
     2574336           16           9.078     82378752      5148672
     2574336           32           9.047    164757504     10297344
     2574336           64          13.415    329515008     20594688
     2574336          128          21.360    659030016     41189376
     2574336          256          37.731   1318060032     82378752
     2574336          512          69.781   2636120064    164757504
     2831360            1          17.173      5662720       353920
     2831360            2          12.103     11325440       707840
     2831360            4           7.224     22650880      1415680
     2831360            8           8.285     45301760      2831360
     2831360           16           6.572     90603520      5662720
     2831360           32          10.079    181207040     11325440
     2831360           64          27.612    362414080     22650880
     2831360          128          28.874    724828160     45301760
     2831360          256          41.929   1449656320     90603520
     3113984            1          28.092      6227968       389248
     3113984            2           8.767     12455936       778496
     3113984            4           9.498     24911872      1556992
     3113984            8           8.255     49823744      3113984
     3113984           16           8.035     99647488      6227968
     3113984           32          10.139    199294976     12455936
     3113984           64          15.950    398589952     24911872
     3113984          128          28.373    797179904     49823744
     3113984          256          56.796   1594359808     99647488
     3425280            1          40.767      6850560       428160
     3425280            2           7.144     13701120       856320
     3425280            4           5.821     27402240      1712640
     3425280            8           6.852     54804480      3425280
     3425280           16           8.927    109608960      6850560
     3425280           32          10.750    219217920     13701120
     3425280           64          16.692    438435840     27402240
     3425280          128          26.079    876871680     54804480
     3425280          256          48.992   1753743360    109608960
     3767296            1          35.367      7534592       470912
     3767296            2           4.799     15069184       941824
     3767296            4           7.404     30138368      1883648
     3767296            8           7.584     60276736      3767296
     3767296           16          10.009    120553472      7534592
     3767296           32          11.291    241106944     15069184
     3767296           64          18.264    482213888     30138368
     3767296          128          28.433    964427776     60276736
     3767296          256          52.388   1928855552    120553472
     4143104            1         300.292      8286208       517888
     4143104            2           8.045     16572416      1035776
     4143104            4           6.773     33144832      2071552
     4143104            8           7.594     66289664      4143104
     4143104           16          10.019    132579328      8286208
     4143104           32          13.045    265158656     16572416
     4143104           64          20.198    530317312     33144832
     4143104          128          31.268   1060634624     66289664
     4143104          256          57.428   2121269248    132579328
     4556800            1          53.510      9113600       569600
     4556800            2           7.263     18227200      1139200
     4556800            4           7.404     36454400      2278400
     4556800            8           7.845     72908800      4556800
     4556800           16          10.310    145817600      9113600
     4556800           32          13.505    291635200     18227200
     4556800           64          20.368    583270400     36454400
     4556800          128          33.924   1166540800     72908800
     4556800          256          61.816   2333081600    145817600
     5012480            1          55.063     10024960       626560
     5012480            2           8.255     20049920      1253120
     5012480            4           8.937     40099840      2506240
     5012480            8           7.294     80199680      5012480
     5012480           16          10.800    160399360     10024960
     5012480           32          13.776    320798720     20049920
     5012480           64          21.981    641597440     40099840
     5012480          128          36.839   1283194880     80199680
     5012480          256          67.727   2566389760    160399360
     5513216            1          72.576     11026432       689152
     5513216            2           7.585     22052864      1378304
     5513216            4           8.476     44105728      2756608
     5513216            8           8.136     88211456      5513216
     5513216           16           9.989    176422912     11026432
     5513216           32          14.557    352845824     22052864
     5513216           64          24.185    705691648     44105728
     5513216          128          39.404   1411383296     88211456
     6064128            1          45.656     12128256       758016
     6064128            2          11.191     24256512      1516032
     6064128            4           7.324     48513024      3032064
     6064128            8          10.419     97026048      6064128
     6064128           16          10.780    194052096     12128256
     6064128           32          16.301    388104192     24256512
     6064128           64          25.808    776208384     48513024
     6064128          128          43.361   1552416768     97026048
     6670336            1          67.206     13340672       833792
     6670336            2           7.734     26681344      1667584
     6670336            4          10.179     53362688      3335168
     6670336            8           8.997    106725376      6670336
     6670336           16          12.444    213450752     13340672
     6670336           32          19.066    426901504     26681344
     6670336           64          27.612    853803008     53362688
     6670336          128          46.988   1707606016    106725376
     7336960            1          82.074     14673920       917120
     7336960            2          12.153     29347840      1834240
     7336960            4          13.506     58695680      3668480
     7336960            8          11.972    117391360      7336960
     7336960           16          12.894    234782720     14673920
     7336960           32          18.805    469565440     29347840
     7336960           64          28.894    939130880     58695680
     7336960          128          53.140   1878261760    117391360
     8070144            1          80.390     16140288      1008768
     8070144            2          10.921     32280576      2017536
     8070144            4          20.999     64561152      4035072
     8070144            8          11.592    129122304      8070144
     8070144           16          13.766    258244608     16140288
     8070144           32          21.731    516489216     32280576
     8070144           64          33.413   1032978432     64561152
     8070144          128          59.160   2065956864    129122304
     8877056            1          98.595     17754112      1109632
     8877056            2          20.519     35508224      2219264
     8877056            4           9.959     71016448      4438528
     8877056            8          12.714    142032896      8877056
     8877056           16          14.056    284065792     17754112
     8877056           32          24.576    568131584     35508224
     8877056           64          35.907   1136263168     71016448
     8877056          128          63.709   2272526336    142032896
     9763840            1          82.795     19527680      1220480
     9763840            2          18.104     39055360      2440960
     9763840            4          13.986     78110720      4881920
     9763840            8          11.381    156221440      9763840
     9763840           16          15.499    312442880     19527680
     9763840           32          24.556    624885760     39055360
     9763840           64          39.053   1249771520     78110720
     9763840          128          68.748   2499543040    156221440
    10739712            1         615.353     21479424      1342464
    10739712            2          19.236     42958848      2684928
    10739712            4          10.540     85917696      5369856
    10739712            8          14.527    171835392     10739712
    10739712           16          16.200    343670784     21479424
    10739712           32          25.678    687341568     42958848
    10739712           64          40.827   1374683136     85917696
    11812864            1         108.212     23625728      1476608
    11812864            2          11.792     47251456      2953216
    11812864            4          10.920     94502912      5906432
    11812864            8          15.660    189005824     11812864
    11812864           16          29.705    378011648     23625728
    11812864           32          69.520    756023296     47251456
    11812864           64          46.627   1512046592     94502912
    12993536            1         102.211     25987072      1624192
    12993536            2          11.782     51974144      3248384
    12993536            4          11.551    103948288      6496768
    12993536            8          15.149    207896576     12993536
    12993536           16          18.615    415793152     25987072
    12993536           32          45.435    831586304     51974144
    12993536           64          50.996   1663172608    103948288
    14291968            1         104.035     28583936      1786496
    14291968            2          13.335     57167872      3572992
    14291968            4          12.273    114335744      7145984
    14291968            8          14.697    228671488     14291968
    14291968           16          38.372    457342976     28583936
    14291968           32          31.790    914685952     57167872
    14291968           64          52.499   1829371904    114335744
    15720448            1         113.342     31440896      1965056
    15720448            2          13.255     62881792      3930112
    15720448            4          13.456    125763584      7860224
    15720448            8          24.145    251527168     15720448
    15720448           16          21.791    503054336     31440896
    15720448           32          34.023   1006108672     62881792
    15720448           64          57.006   2012217344    125763584
    17292288            1         459.591     34584576      2161536
    17292288            2          10.640     69169152      4323072
    17292288            4          15.689    138338304      8646144
    17292288            8          17.082    276676608     17292288
    17292288           16          23.524    553353216     34584576
    17292288           32          40.105   1106706432     69169152
    17292288           64          63.158   2213412864    138338304
    19020800            1         150.842     38041600      2377600
    19020800            2          15.118     76083200      4755200
    19020800            4          16.872    152166400      9510400
    19020800            8          22.773    304332800     19020800
    19020800           16          25.357    608665600     38041600
    19020800           32          39.564   1217331200     76083200
    19020800           64          69.490   2434662400    152166400
    20922368            1         154.079     41844736      2615296
    20922368            2          31.619     83689472      5230592
    20922368            4          16.421    167378944     10461184
    20922368            8          21.421    334757888     20922368
    20922368           16          32.110    669515776     41844736
    20922368           32          42.720   1339031552     83689472
    20922368           64          74.690   2678063104    167378944
    23014400            1         289.963     46028800      2876800
    23014400            2          18.234     92057600      5753600
    23014400            4          18.875    184115200     11507200
    23014400            8          21.460    368230400     23014400
    23014400           16          30.617    736460800     46028800
    23014400           32          54.352   1472921600     92057600
    25315328            1         186.690     50630656      3164416
    25315328            2          17.823    101261312      6328832
    25315328            4          18.575    202522624     12657664
    25315328            8          24.546    405045248     25315328
    25315328           16          58.540    810090496     50630656
    25315328           32          61.244   1620180992    101261312
    27846656            1         200.135     55693312      3480832
    27846656            2          21.009    111386624      6961664
    27846656            4          20.488    222773248     13923328
    27846656            8          28.544    445546496     27846656
    27846656           16          34.715    891092992     55693312
    27846656           32          56.305   1782185984    111386624
    30630912            1         244.197     61261824      3828864
    30630912            2          22.072    122523648      7657728
    30630912            4          21.370    245047296     15315456
    30630912            8          26.890    490094592     30630912
    30630912           16          38.182    980189184     61261824
    30630912           32          66.314   1960378368    122523648
    33693696            1         252.403     67387392      4211712
    33693696            2          27.902    134774784      8423424
    33693696            4          22.702    269549568     16846848
    33693696            8          30.537    539099136     33693696
    33693696           16          41.878   1078198272     67387392
    33693696           32          75.852   2156396544    134774784
    37062656            1         273.553     74125312      4632832
    37062656            2          27.782    148250624      9265664
    37062656            4          25.378    296501248     18531328
    37062656            8          31.809    593002496     37062656
    37062656           16          45.525   1186004992     74125312
    37062656           32         101.560   2372009984    148250624
    40768512            1         294.040     81537024      5096064
    40768512            2          32.320    163074048     10192128
    40768512            4          26.851    326148096     20384256
    40768512            8          34.534    652296192     40768512
    40768512           16          49.843   1304592384     81537024
    40768512           32         137.397   2609184768    163074048
    44845056            1         332.803     89690112      5605632
    44845056            2          46.377    179380224     11211264
    44845056            4          29.185    358760448     22422528
    44845056            8          39.705    717520896     44845056
    44845056           16          59.311   1435041792     89690112
    49329152            1         387.686     98658304      6166144
    49329152            2         113.353    197316608     12332288
    49329152            4          32.391    394633216     24664576
    49329152            8          42.210    789266432     49329152
    49329152           16          60.003   1578532864     98658304
    54261760            1         419.596    108523520      6782720
    54261760            2          64.211    217047040     13565440
    54261760            4          38.953    434094080     27130880
    54261760            8          64.221    868188160     54261760
    54261760           16          69.049   1736376320    108523520
    59687936            1         419.917    119375872      7460992
    59687936            2          71.223    238751744     14921984
    59687936            4          46.227    477503488     29843968
    59687936            8          56.787    955006976     59687936
    59687936           16         122.690   1910013952    119375872
    65655808            1         466.103    131311616      8206976
    65655808            2          90.740    262623232     16413952
    65655808            4          56.176    525246464     32827904
    65655808            8          67.968   1050492928     65655808
    65655808           16          91.592   2100985856    131311616
    72220672            1         535.453    144441344      9027584
    72220672            2         104.976    288882688     18055168
    72220672            4          66.464    577765376     36110336
    72220672            8          81.342   1155530752     72220672
    72220672           16         109.445   2311061504    144441344
    79441920            1         579.716    158883840      9930240
    79441920            2         130.985    317767680     19860480
    79441920            4          88.476    635535360     39720960
    79441920            8         101.441   1271070720     79441920
    79441920           16         130.104   2542141440    158883840
    87386112            1         639.017    174772224     10923264
    87386112            2         152.395    349544448     21846528
    87386112            4         112.150    699088896     43693056
    87386112            8         128.471   1398177792     87386112
    96123904            1        1099.420    192247808     12015488
    96123904            2         174.226    384495616     24030976
    96123904            4         131.707    768991232     48061952
    96123904            8         161.763   1537982464     96123904
   105736192            1         772.728    211472384     13217024
   105736192            2         210.675    422944768     26434048
   105736192            4         155.151    845889536     52868096
   105736192            8         403.476   1691779072    105736192
   116308992            1         853.539    232617984     14538624
   116308992            2         236.272    465235968     29077248
   116308992            4         176.591    930471936     58154496
   116308992            8         190.788   1860943872    116308992
   127939584            1         930.162    255879168     15992448
   127939584            2         256.691    511758336     31984896
   127939584            4         191.709   1023516672     63969792
   127939584            8         211.727   2047033344    127939584
   140733440            1        1028.327    281466880     17591680
   140733440            2         289.262    562933760     35183360
   140733440            4         229.780   1125867520     70366720
   140733440            8         248.565   2251735040    140733440
   154806272            1        1100.501    309612544     19350784
   154806272            2         293.910    619225088     38701568
   154806272            4         247.073   1238450176     77403136
   154806272            8         277.139   2476900352    154806272
   170286080            1        1219.465    340572160     21285760
   170286080            2         324.017    681144320     42571520
   170286080            4         272.891   1362288640     85143040
   187314176            1        1332.265    374628352     23414272
   187314176            2         360.275    749256704     46828544
   187314176            4         256.330   1498513408     93657088
   206045184            1        1450.056    412090368     25755648
   206045184            2         373.821    824180736     51511296
   206045184            4         303.439   1648361472    103022592
   226649088            1        1709.843    453298176     28331136
   226649088            2         380.192    906596352     56662272
   226649088            4         348.573   1813192704    113324544
   249313280            1        1772.931    498626560     31164160
   249313280            2         401.382    997253120     62328320
   249313280            4         351.167   1994506240    124656640
   274244608            1        1954.080    548489216     34280576
   274244608            2         451.155   1096978432     68561152
   274244608            4         380.492   2193956864    137122304
   301668352            1        2526.643    603336704     37708544
   301668352            2         512.130   1206673408     75417088
   301668352            4         490.829   2413346816    150834176
   331834368            1        2451.823    663668736     41479296
   331834368            2         520.254   1327337472     82958592
   331834368            4         506.690   2654674944    165917184
   365017088            1        2643.542    730034176     45627136
   365017088            2         566.100   1460068352     91254272
   401518592            1        2841.824    803037184     50189824
   401518592            2         724.838   1606074368    100379648
   441669632            1        3564.658    883339264     55208704
   441669632            2         836.717   1766678528    110417408
   485835776            1        3436.277    971671552     60729472
   485835776            2        1051.319   1943343104    121458944
   534418432            1        3881.211   1068836864     66802304
   534418432            2        1680.307   2137673728    133604608
   587859968            1        4122.463   1175719936     73482496
   587859968            2        2913.878   2351439872    146964992
   646645760            1        4552.509   1293291520     80830720
   646645760            2        5320.036   2586583040    161661440
   711310336            1        5090.045   1422620672     88913792
   782440448            1        5547.242   1564880896     97805056
   860684288            1        5979.722   1721368576    107585536
   946752512            1        6572.413   1893505024    118344064
  1041427456            1        7229.573   2082854912    130178432
  1145569280            1        7961.414   2291138560    143196160
  1260126208            1        8991.093   2520252416    157515776

META_DATA
FLOPS          1
MPI_PROCS      128
ERT_VERSION  1.1.0
HOSTNAME  ('tcn299.local.snellius.surf.nl', [], ['172.18.57.53'])
UNAME  uname_result(system='Linux', node='tcn299.local.snellius.surf.nl', release='4.18.0-372.80.1.el8_6.x86_64', version='#1 SMP Fri Nov 3 14:30:16 EDT 2023', machine='x86_64', processor='x86_64')
TIMESTAMP_DATA  1707396927.1934192
CONFIG  {'ERT_RESULTS': ['Results.snellius.01'], 'ERT_DRIVER': ['driver1'], 'ERT_KERNEL': ['kernel1'], 'ERT_MPI': ['True'], 'ERT_MPI_CFLAGS': [], 'ERT_MPI_LDFLAGS': [], 'ERT_OPENMP': ['False'], 'ERT_OPENMP_CFLAGS': ['-fopenmp'], 'ERT_OPENMP_LDFLAGS': ['-fopenmp'], 'ERT_FLOPS': ['1,2,4,8,16,32'], 'ERT_ALIGN': ['32'], 'ERT_CC': ['mpic++'], 'ERT_CFLAGS': ['-Ofast', '-fargument-noalias', '-mavx2'], 'ERT_LD': ['mpic++'], 'ERT_LDFLAGS': [], 'ERT_LDLIBS': [], 'ERT_RUN': ['export', 'OMP_NUM_THREADS=ERT_OPENMP_THREADS;', 'mpirun', '-np', 'ERT_MPI_PROCS', 'ERT_CODE'], 'ERT_PROCS_THREADS': ['32,64,128'], 'ERT_MPI_PROCS': ['32,64,128'], 'ERT_OPENMP_THREADS': [], 'ERT_NUM_EXPERIMENTS': ['5'], 'ERT_MEMORY_MAX': ['1357905920'], 'ERT_WORKING_SET_MIN': ['1'], 'ERT_TRIALS_MIN': ['1'], 'ERT_GNUPLOT': ['gnuplot'], 'ERT_GPU': [False], 'ERT_HIP': [False], 'ERT_PRECISION': ['FP64'], 'ERT_OCL': [False], 'ERT_SYCL': [False], 'ERT_WSS_MULT': [1.1]}
