fp64
        1024            1        1587.725         2048          128
        1024            2           3.978         4096          256
        1024            4          12.784         8192          512
        1024            8           5.019        16384         1024
        1024           16           8.797        32768         2048
        1024           32           4.718        65536         4096
        1024           64           4.388       131072         8192
        1024          128           4.268       262144        16384
        1024          256           4.488       524288        32768
        1024          512           5.691      1048576        65536
        1024         1024           4.919      2097152       131072
        1024         2048           6.122      4194304       262144
        1024         4096           6.793      8388608       524288
        1024         8192           9.448     16777216      1048576
        1024        16384          14.136     33554432      2097152
        1024        32768          27.762     67108864      4194304
        1024        65536          47.239    134217728      8388608
        1024       131072          82.325    268435456     16777216
        1024       262144         163.115    536870912     33554432
        1024       524288         322.604   1073741824     67108864
        1024      1048576         615.904   2147483648    134217728
        2048            1          11.031         4096          256
        2048            2           4.900         8192          512
        2048            4           4.789        16384         1024
        2048            8           4.218        32768         2048
        2048           16           4.708        65536         4096
        2048           32           4.749       131072         8192
        2048           64           6.622       262144        16384
        2048          128           4.228       524288        32768
        2048          256           4.328      1048576        65536
        2048          512           4.589      2097152       131072
        2048         1024           4.939      4194304       262144
        2048         2048           6.031      8388608       524288
        2048         4096           6.863     16777216      1048576
        2048         8192           8.907     33554432      2097152
        2048        16384          13.355     67108864      4194304
        2048        32768          28.493    134217728      8388608
        2048        65536          41.969    268435456     16777216
        2048       131072          85.250    536870912     33554432
        2048       262144         155.872   1073741824     67108864
        2048       524288         312.365   2147483648    134217728
        3072            1           9.778         6144          384
        3072            2           5.310        12288          768
        3072            4           5.240        24576         1536
        3072            8           5.140        49152         3072
        3072           16           5.069        98304         6144
        3072           32           6.302       196608        12288
        3072           64           4.198       393216        24576
        3072          128           6.031       786432        49152
        3072          256           3.977      1572864        98304
        3072          512           7.404      3145728       196608
        3072         1024           5.229      6291456       393216
        3072         2048           7.134     12582912       786432
        3072         4096           6.642     25165824      1572864
        3072         8192           9.137     50331648      3145728
        3072        16384          13.916    100663296      6291456
        3072        32768          23.093    201326592     12582912
        3072        65536          42.990    402653184     25165824
        3072       131072          79.809    805306368     50331648
        3072       262144         159.990   1610612736    100663296
        4096            1           7.123         8192          512
        4096            2           4.949        16384         1024
        4096            4           4.388        32768         2048
        4096            8           5.530        65536         4096
        4096           16           6.533       131072         8192
        4096           32           4.899       262144        16384
        4096           64           5.120       524288        32768
        4096          128           4.518      1048576        65536
        4096          256           5.971      2097152       131072
        4096          512           4.819      4194304       262144
        4096         1024           5.210      8388608       524288
        4096         2048           5.340     16777216      1048576
        4096         4096           6.592     33554432      2097152
        4096         8192          10.139     67108864      4194304
        4096        16384          13.014    134217728      8388608
        4096        32768          33.072    268435456     16777216
        4096        65536          29.655    536870912     33554432
        4096       131072          55.113   1073741824     67108864
        4096       262144         105.567   2147483648    134217728
        5120            1          10.220        10240          640
        5120            2           5.641        20480         1280
        5120            4           4.469        40960         2560
        5120            8           6.872        81920         5120
        5120           16           4.749       163840        10240
        5120           32           4.518       327680        20480
        5120           64           4.419       655360        40960
        5120          128           4.518      1310720        81920
        5120          256           5.971      2621440       163840
        5120          512           4.549      5242880       327680
        5120         1024           5.830     10485760       655360
        5120         2048           5.490     20971520      1310720
        5120         4096           8.376     41943040      2621440
        5120         8192           9.107     83886080      5242880
        5120        16384          13.846    167772160     10485760
        5120        32768          43.832    335544320     20971520
        5120        65536          54.041    671088640     41943040
        5120       131072          80.521   1342177280     83886080
        5120       262144         155.651   2684354560    167772160
        6144            1          16.411        12288          768
        6144            2           4.879        24576         1536
        6144            4           8.466        49152         3072
        6144            8           4.579        98304         6144
        6144           16           5.110       196608        12288
        6144           32           4.268       393216        24576
        6144           64           4.238       786432        49152
        6144          128           6.242      1572864        98304
        6144          256           4.829      3145728       196608
        6144          512           5.651      6291456       393216
        6144         1024           4.218     12582912       786432
        6144         2048           5.891     25165824      1572864
        6144         4096           6.462     50331648      3145728
        6144         8192           8.686    100663296      6291456
        6144        16384          13.906    201326592     12582912
        6144        32768          28.914    402653184     25165824
        6144        65536          53.710    805306368     50331648
        6144       131072         104.566   1610612736    100663296
        7168            1           5.730        14336          896
        7168            2           8.536        28672         1792
        7168            4          15.649        57344         3584
        7168            8          17.883       114688         7168
        7168           16           4.508       229376        14336
        7168           32          10.990       458752        28672
        7168           64           9.818       917504        57344
        7168          128           7.504      1835008       114688
        7168          256           4.368      3670016       229376
        7168          512           4.579      7340032       458752
        7168         1024           4.598     14680064       917504
        7168         2048           5.630     29360128      1835008
        7168         4096           6.732     58720256      3670016
        7168         8192           8.967    117440512      7340032
        7168        16384          16.601    234881024     14680064
        7168        32768          28.674    469762048     29360128
        7168        65536          42.660    939524096     58720256
        7168       131072         108.493   1879048192    117440512
        8192            1           4.679        16384         1024
        8192            2           4.809        32768         2048
        8192            4           4.809        65536         4096
        8192            8           7.013       131072         8192
        8192           16           4.749       262144        16384
        8192           32           7.043       524288        32768
        8192           64           5.100      1048576        65536
        8192          128           8.787      2097152       131072
        8192          256           4.779      4194304       262144
        8192          512           4.939      8388608       524288
        8192         1024           6.041     16777216      1048576
        8192         2048           9.618     33554432      2097152
        8192         4096           8.175     67108864      4194304
        8192         8192           8.786    134217728      8388608
        8192        16384          14.157    268435456     16777216
        8192        32768          23.434    536870912     33554432
        8192        65536          42.109   1073741824     67108864
        8192       131072         154.941   2147483648    134217728
        9216            1          11.130        18432         1152
        9216            2           6.342        36864         2304
        9216            4           4.709        73728         4608
        9216            8           7.645       147456         9216
        9216           16           3.907       294912        18432
        9216           32           5.500       589824        36864
        9216           64           5.630      1179648        73728
        9216          128           4.950      2359296       147456
        9216          256           5.360      4718592       294912
        9216          512           4.539      9437184       589824
        9216         1024           6.742     18874368      1179648
        9216         2048           5.942     37748736      2359296
        9216         4096           7.253     75497472      4718592
        9216         8192          24.205    150994944      9437184
        9216        16384          15.339    301989888     18874368
        9216        32768          24.275    603979776     37748736
        9216        65536          52.118   1207959552     75497472
        9216       131072         103.544   2415919104    150994944
       10240            1          11.542        20480         1280
       10240            2           6.602        40960         2560
       10240            4           5.190        81920         5120
       10240            8           5.280       163840        10240
       10240           16           6.642       327680        20480
       10240           32           4.197       655360        40960
       10240           64           8.175      1310720        81920
       10240          128           4.409      2621440       163840
       10240          256           6.693      5242880       327680
       10240          512           4.538     10485760       655360
       10240         1024           5.560     20971520      1310720
       10240         2048           5.641     41943040      2621440
       10240         4096           6.662     83886080      5242880
       10240         8192           9.919    167772160     10485760
       10240        16384          13.596    335544320     20971520
       10240        32768          24.035    671088640     41943040
       10240        65536         516.107   1342177280     83886080
       10240       131072          83.306   2684354560    167772160
       11264            1         519.643        22528         1408
       11264            2           6.192        45056         2816
       11264            4           5.390        90112         5632
       11264            8           5.620       180224        11264
       11264           16           6.161       360448        22528
       11264           32           4.248       720896        45056
       11264           64           5.541      1441792        90112
       11264          128           4.688      2883584       180224
       11264          256           5.841      5767168       360448
       11264          512           5.741     11534336       720896
       11264         1024           4.950     23068672      1441792
       11264         2048           5.270     46137344      2883584
       11264         4096           6.582     92274688      5767168
       11264         8192          10.049    184549376     11534336
       11264        16384          13.405    369098752     23068672
       11264        32768          23.684    738197504     46137344
       11264        65536          43.071   1476395008     92274688
       12288            1          11.561        24576         1536
       12288            2           5.189        49152         3072
       12288            4           4.749        98304         6144
       12288            8           6.181       196608        12288
       12288           16           4.418       393216        24576
       12288           32           6.152       786432        49152
       12288           64           4.969      1572864        98304
       12288          128           5.751      3145728       196608
       12288          256           4.960      6291456       393216
       12288          512           6.301     12582912       786432
       12288         1024           6.352     25165824      1572864
       12288         2048           6.613     50331648      3145728
       12288         4096          10.921    100663296      6291456
       12288         8192          16.120    201326592     12582912
       12288        16384          28.824    402653184     25165824
       12288        32768          53.761    805306368     50331648
       12288        65536         104.275   1610612736    100663296
       13312            1          11.090        26624         1664
       13312            2           7.505        53248         3328
       13312            4           5.370       106496         6656
       13312            8          13.185       212992        13312
       13312           16          10.149       425984        26624
       13312           32           3.847       851968        53248
       13312           64           8.426      1703936       106496
       13312          128           3.967      3407872       212992
       13312          256           4.468      6815744       425984
       13312          512           5.250     13631488       851968
       13312         1024           8.967     27262976      1703936
       13312         2048           7.294     54525952      3407872
       13312         4096           9.288    109051904      6815744
       13312         8192          16.551    218103808     13631488
       13312        16384          28.684    436207616     27262976
       13312        32768          54.182    872415232     54525952
       13312        65536         104.216   1744830464    109051904
       14336            1          28.113        28672         1792
       14336            2           6.082        57344         3584
       14336            4           3.567       114688         7168
       14336            8           6.843       229376        14336
       14336           16           4.389       458752        28672
       14336           32           9.698       917504        57344
       14336           64           4.388      1835008       114688
       14336          128           4.638      3670016       229376
       14336          256           4.609      7340032       458752
       14336          512           5.029     14680064       917504
       14336         1024           6.031     29360128      1835008
       14336         2048           6.752     58720256      3670016
       14336         4096           9.919    117440512      7340032
       14336         8192          15.820    234881024     14680064
       14336        16384          28.724    469762048     29360128
       14336        32768          53.110    939524096     58720256
       14336        65536         104.426   1879048192    117440512
       15360            1          15.279        30720         1920
       15360            2          14.106        61440         3840
       15360            4           5.971       122880         7680
       15360            8           3.347       245760        15360
       15360           16          12.854       491520        30720
       15360           32           8.966       983040        61440
       15360           64          14.056      1966080       122880
       15360          128           8.506      3932160       245760
       15360          256          10.500      7864320       491520
       15360          512           9.608     15728640       983040
       15360         1024           5.270     31457280      1966080
       15360         2048           7.614     62914560      3932160
       15360         4096          12.674    125829120      7864320
       15360         8192          16.361    251658240     15728640
       15360        16384          28.513    503316480     31457280
       15360        32768          54.221   1006632960     62914560
       15360        65536         104.225   2013265920    125829120
       16384            1           3.867        32768         2048
       16384            2           8.546        65536         4096
       16384            4          30.778       131072         8192
       16384            8           4.899       262144        16384
       16384           16          13.425       524288        32768
       16384           32          22.863      1048576        65536
       16384           64           4.408      2097152       131072
       16384          128           7.384      4194304       262144
       16384          256          15.920      8388608       524288
       16384          512           7.203     16777216      1048576
       16384         1024           9.388     33554432      2097152
       16384         2048           7.875     67108864      4194304
       16384         4096          14.347    134217728      8388608
       16384         8192          24.236    268435456     16777216
       16384        16384          44.994    536870912     33554432
       16384        32768          85.470   1073741824     67108864
       16384        65536         167.654   2147483648    134217728
       17408            1           7.664        34816         2176
       17408            2          10.380        69632         4352
       17408            4           8.817       139264         8704
       17408            8          15.519       278528        17408
       17408           16           7.324       557056        34816
       17408           32           7.254      1114112        69632
       17408           64           7.554      2228224       139264
       17408          128           5.690      4456448       278528
       17408          256           4.869      8912896       557056
       17408          512           6.722     17825792      1114112
       17408         1024           9.177     35651584      2228224
       17408         2048           8.897     71303168      4456448
       17408         4096          11.081    142606336      8912896
       17408         8192          17.794    285212672     17825792
       17408        16384          31.960    570425344     35651584
       17408        32768          59.872   1140850688     71303168
       17408        65536         116.939   2281701376    142606336
       18432            1          13.455        36864         2304
       18432            2          17.262        73728         4608
       18432            4          13.415       147456         9216
       18432            8          11.571       294912        18432
       18432           16          14.297       589824        36864
       18432           32           4.168      1179648        73728
       18432           64           4.368      2359296       147456
       18432          128          11.151      4718592       294912
       18432          256          14.427      9437184       589824
       18432          512           6.913     18874368      1179648
       18432         1024           8.656     37748736      2359296
       18432         2048          10.549     75497472      4718592
       18432         4096          11.702    150994944      9437184
       18432         8192          17.593    301989888     18874368
       18432        16384          31.609    603979776     37748736
       18432        32768          60.173   1207959552     75497472
       18432        65536         116.818   2415919104    150994944
       19456            1          29.685        38912         2432
       19456            2           4.628        77824         4864
       19456            4           5.139       155648         9728
       19456            8           4.178       311296        19456
       19456           16           5.250       622592        38912
       19456           32           5.391      1245184        77824
       19456           64           4.799      2490368       155648
       19456          128           5.090      4980736       311296
       19456          256           6.011      9961472       622592
       19456          512           5.220     19922944      1245184
       19456         1024           6.612     39845888      2490368
       19456         2048           7.414     79691776      4980736
       19456         4096          10.099    159383552      9961472
       19456         8192          14.237    318767104     19922944
       19456        16384          24.946    637534208     39845888
       19456        32768          42.149   1275068416     79691776
       19456        65536          81.192   2550136832    159383552
       20480            1          29.936        40960         2560
       20480            2           5.230        81920         5120
       20480            4           8.175       163840        10240
       20480            8           4.879       327680        20480
       20480           16           6.202       655360        40960
       20480           32           4.268      1310720        81920
       20480           64           6.122      2621440       163840
       20480          128           5.109      5242880       327680
       20480          256           5.039     10485760       655360
       20480          512           5.190     20971520      1310720
       20480         1024           6.833     41943040      2621440
       20480         2048           8.356     83886080      5242880
       20480         4096          18.574    167772160     10485760
       20480         8192          19.757    335544320     20971520
       20480        16384          35.116    671088640     41943040
       20480        32768          66.855   1342177280     83886080
       20480        65536         129.763   2684354560    167772160
       22528            1          35.516        45056         2816
       22528            2           4.318        90112         5632
       22528            4           4.739       180224        11264
       22528            8           8.005       360448        22528
       22528           16           4.408       720896        45056
       22528           32           6.071      1441792        90112
       22528           64           4.138      2883584       180224
       22528          128           5.380      5767168       360448
       22528          256           4.949     11534336       720896
       22528          512           5.791     23068672      1441792
       22528         1024           6.402     46137344      2883584
       22528         2048           7.244     92274688      5767168
       22528         4096          11.261    184549376     11534336
       22528         8192          17.823    369098752     23068672
       22528        16384          30.797    738197504     46137344
       22528        32768          55.715   1476395008     92274688
       24576            1         288.380        49152         3072
       24576            2           5.781        98304         6144
       24576            4           4.319       196608        12288
       24576            8           5.951       393216        24576
       24576           16           4.238       786432        49152
       24576           32           6.662      1572864        98304
       24576           64           4.940      3145728       196608
       24576          128           4.448      6291456       393216
       24576          256           5.240     12582912       786432
       24576          512           5.841     25165824      1572864
       24576         1024           8.135     50331648      3145728
       24576         2048           9.818    100663296      6291456
       24576         4096          14.617    201326592     12582912
       24576         8192          24.976    402653184     25165824
       24576        16384          48.130    805306368     50331648
       24576        32768         525.575   1610612736    100663296
       26624            1           8.756        53248         3328
       26624            2           4.548       106496         6656
       26624            4           4.107       212992        13312
       26624            8           6.713       425984        26624
       26624           16           4.028       851968        53248
       26624           32           5.991      1703936       106496
       26624           64           9.888      3407872       212992
       26624          128           5.250      6815744       425984
       26624          256           4.729     13631488       851968
       26624          512           5.360     27262976      1703936
       26624         1024           6.863     54525952      3407872
       26624         2048           8.987    109051904      6815744
       26624         4096          14.757    218103808     13631488
       26624         8192          22.973    436207616     27262976
       26624        16384          42.219    872415232     54525952
       26624        32768          79.779   1744830464    109051904
       28672            1          10.991        57344         3584
       28672            2          15.659       114688         7168
       28672            4          12.253       229376        14336
       28672            8           9.348       458752        28672
       28672           16           7.804       917504        57344
       28672           32           5.590      1835008       114688
       28672           64           4.639      3670016       229376
       28672          128           8.336      7340032       458752
       28672          256           5.119     14680064       917504
       28672          512           6.472     29360128      1835008
       28672         1024           6.933     58720256      3670016
       28672         2048          11.562    117440512      7340032
       28672         4096          17.794    234881024     14680064
       28672         8192          48.641    469762048     29360128
       28672        16384          59.752    939524096     58720256
       28672        32768         111.749   1879048192    117440512
       30720            1           9.268        61440         3840
       30720            2          11.872       122880         7680
       30720            4           5.660       245760        15360
       30720            8          20.779       491520        30720
       30720           16           3.016       983040        61440
       30720           32           6.523      1966080       122880
       30720           64          11.742      3932160       245760
       30720          128          19.376      7864320       491520
       30720          256          15.419     15728640       983040
       30720          512           9.408     31457280      1966080
       30720         1024           9.769     62914560      3932160
       30720         2048          10.219    125829120      7864320
       30720         4096          17.012    251658240     15728640
       30720         8192          25.928    503316480     31457280
       30720        16384          90.851   1006632960     62914560
       30720        32768          80.261   2013265920    125829120
       33792            1          15.839        67584         4224
       33792            2          11.492       135168         8448
       33792            4          10.610       270336        16896
       33792            8          14.137       540672        33792
       33792           16           7.144      1081344        67584
       33792           32           6.241      2162688       135168
       33792           64          13.124      4325376       270336
       33792          128           6.211      8650752       540672
       33792          256           4.147     17301504      1081344
       33792          512           9.718     34603008      2162688
       33792         1024           8.185     69206016      4325376
       33792         2048          10.599    138412032      8650752
       33792         4096          18.184    276824064     17301504
       33792         8192         100.208    553648128     34603008
       33792        16384          64.000   1107296256     69206016
       33792        32768         123.251   2214592512    138412032
       36864            1          19.657        73728         4608
       36864            2          17.032       147456         9216
       36864            4          13.435       294912        18432
       36864            8          13.796       589824        36864
       36864           16           7.234      1179648        73728
       36864           32          10.159      2359296       147456
       36864           64          14.317      4718592       294912
       36864          128          10.800      9437184       589824
       36864          256           5.831     18874368      1179648
       36864          512           6.192     37748736      2359296
       36864         1024           7.855     75497472      4718592
       36864         2048          10.209    150994944      9437184
       36864         4096          17.082    301989888     18874368
       36864         8192          27.982    603979776     37748736
       36864        16384          70.352   1207959552     75497472
       36864        32768          99.276   2415919104    150994944
       39936            1           8.386        79872         4992
       39936            2          15.149       159744         9984
       39936            4          12.875       319488        19968
       39936            8          11.271       638976        39936
       39936           16           4.659      1277952        79872
       39936           32          19.657      2555904       159744
       39936           64          18.996      5111808       319488
       39936          128          12.033     10223616       638976
       39936          256          15.128     20447232      1277952
       39936          512          11.221     40894464      2555904
       39936         1024           9.969     81788928      5111808
       39936         2048          14.417    163577856     10223616
       39936         4096          20.579    327155712     20447232
       39936         8192          30.998    654311424     40894464
       39936        16384          57.438   1308622848     81788928
       39936        32768         117.701   2617245696    163577856
       43008            1          10.519        86016         5376
       43008            2          12.374       172032        10752
       43008            4           9.398       344064        21504
       43008            8          11.472       688128        43008
       43008           16           4.719      1376256        86016
       43008           32           8.776      2752512       172032
       43008           64          19.066      5505024       344064
       43008          128          16.681     11010048       688128
       43008          256          10.500     22020096      1376256
       43008          512          21.220     44040192      2752512
       43008         1024           8.727     88080384      5505024
       43008         2048          15.138    176160768     11010048
       43008         4096          22.132    352321536     22020096
       43008         8192          32.020    704643072     44040192
       43008        16384          58.710   1409286144     88080384
       47104            1           4.488        94208         5888
       47104            2          13.846       188416        11776
       47104            4          16.811       376832        23552
       47104            8           6.402       753664        47104
       47104           16           6.001      1507328        94208
       47104           32           6.482      3014656       188416
       47104           64          13.475      6029312       376832
       47104          128           8.646     12058624       753664
       47104          256           9.709     24117248      1507328
       47104          512          10.359     48234496      3014656
       47104         1024          11.502     96468992      6029312
       47104         2048          13.055    192937984     12058624
       47104         4096          20.809    385875968     24117248
       47104         8192          35.096    771751936     48234496
       47104        16384          59.993   1543503872     96468992
       51200            1           8.656       102400         6400
       51200            2           4.578       204800        12800
       51200            4           7.494       409600        25600
       51200            8           6.121       819200        51200
       51200           16           4.679      1638400       102400
       51200           32          10.570      3276800       204800
       51200           64           4.819      6553600       409600
       51200          128           6.221     13107200       819200
       51200          256          14.006     26214400      1638400
       51200          512           6.252     52428800      3276800
       51200         1024          20.198    104857600      6553600
       51200         2048          11.191    209715200     13107200
       51200         4096          24.516    419430400     26214400
       51200         8192          37.981    838860800     52428800
       51200        16384          69.079   1677721600    104857600
       56320            1           4.438       112640         7040
       56320            2           6.402       225280        14080
       56320            4           5.069       450560        28160
       56320            8           5.140       901120        56320
       56320           16           4.228      1802240       112640
       56320           32           4.448      3604480       225280
       56320           64          11.622      7208960       450560
       56320          128           5.791     14417920       901120
       56320          256           6.632     28835840      1802240
       56320          512           6.371     57671680      3604480
       56320         1024           8.245    115343360      7208960
       56320         2048          12.704    230686720     14417920
       56320         4096          21.209    461373440     28835840
       56320         8192          38.833    922746880     57671680
       56320        16384          75.331   1845493760    115343360
       61440            1          21.040       122880         7680
       61440            2           4.429       245760        15360
       61440            4           7.363       491520        30720
       61440            8           5.080       983040        61440
       61440           16           5.370      1966080       122880
       61440           32           5.160      3932160       245760
       61440           64           4.538      7864320       491520
       61440          128           6.382     15728640       983040
       61440          256           4.459     31457280      1966080
       61440          512           6.873     62914560      3932160
       61440         1024           9.488    125829120      7864320
       61440         2048          14.337    251658240     15728640
       61440         4096          23.965    503316480     31457280
       61440         8192          44.242   1006632960     62914560
       61440        16384          83.427   2013265920    125829120
       67584            1          13.936       135168         8448
       67584            2           6.111       270336        16896
       67584            4           4.789       540672        33792
       67584            8           5.611      1081344        67584
       67584           16           4.519      2162688       135168
       67584           32           5.511      4325376       270336
       67584           64           5.300      8650752       540672
       67584          128           5.170     17301504      1081344
       67584          256           6.272     34603008      2162688
       67584          512           6.372     69206016      4325376
       67584         1024           9.898    138412032      8650752
       67584         2048          12.744    276824064     17301504
       67584         4096          21.750    553648128     34603008
       67584         8192          39.313   1107296256     69206016
       67584        16384          76.283   2214592512    138412032
       73728            1          10.469       147456         9216
       73728            2          29.655       294912        18432
       73728            4          15.309       589824        36864
       73728            8           9.047      1179648        73728
       73728           16           6.683      2359296       147456
       73728           32           8.165      4718592       294912
       73728           64           7.875      9437184       589824
       73728          128           6.613     18874368      1179648
       73728          256           5.510     37748736      2359296
       73728          512           6.843     75497472      4718592
       73728         1024           9.208    150994944      9437184
       73728         2048          17.433    301989888     18874368
       73728         4096          24.135    603979776     37748736
       73728         8192          44.022   1207959552     75497472
       73728        16384          85.581   2415919104    150994944
       80896            1          15.520       161792        10112
       80896            2          11.692       323584        20224
       80896            4           9.438       647168        40448
       80896            8          18.265      1294336        80896
       80896           16         659.726      2588672       161792
       80896           32           6.973      5177344       323584
       80896           64           5.420     10354688       647168
       80896          128           4.979     20709376      1294336
       80896          256           5.010     41418752      2588672
       80896          512           6.843     82837504      5177344
       80896         1024          11.672    165675008     10354688
       80896         2048          13.966    331350016     20709376
       80896         4096          25.257    662700032     41418752
       80896         8192          44.834   1325400064     82837504
       80896        16384          86.292   2650800128    165675008
       88064            1           3.326       176128        11008
       88064            2           5.040       352256        22016
       88064            4           6.783       704512        44032
       88064            8           5.120      1409024        88064
       88064           16           6.241      2818048       176128
       88064           32           4.689      5636096       352256
       88064           64           5.902     11272192       704512
       88064          128           5.600     22544384      1409024
       88064          256           5.671     45088768      2818048
       88064          512           7.985     90177536      5636096
       88064         1024           9.278    180355072     11272192
       88064         2048          16.260    360710144     22544384
       88064         4096          24.856    721420288     45088768
       88064         8192          45.605   1442840576     90177536
       96256            1          28.132       192512        12032
       96256            2          10.410       385024        24064
       96256            4           5.671       770048        48128
       96256            8           7.574      1540096        96256
       96256           16           5.641      3080192       192512
       96256           32           4.118      6160384       385024
       96256           64           4.799     12320768       770048
       96256          128           4.889     24641536      1540096
       96256          256           6.803     49283072      3080192
       96256          512           7.524     98566144      6160384
       96256         1024          11.080    197132288     12320768
       96256         2048          16.802    394264576     24641536
       96256         4096          29.706    788529152     49283072
       96256         8192          54.793   1577058304     98566144
      105472            1          27.221       210944        13184
      105472            2           7.264       421888        26368
      105472            4           5.631       843776        52736
      105472            8           4.749      1687552       105472
      105472           16           6.242      3375104       210944
      105472           32           4.869      6750208       421888
      105472           64           5.962     13500416       843776
      105472          128           5.310     27000832      1687552
      105472          256           7.785     54001664      3375104
      105472          512          11.161    108003328      6750208
      105472         1024          12.874    216006656     13500416
      105472         2048          16.832    432013312     27000832
      105472         4096          30.337    864026624     54001664
      105472         8192          56.546   1728053248    108003328
      115712            1           5.380       231424        14464
      115712            2          15.929       462848        28928
      115712            4           7.574       925696        57856
      115712            8          11.521      1851392       115712
      115712           16           7.434      3702784       231424
      115712           32          12.172      7405568       462848
      115712           64          14.357     14811136       925696
      115712          128          13.947     29622272      1851392
      115712          256          13.476     59244544      3702784
      115712          512          14.046    118489088      7405568
      115712         1024          11.672    236978176     14811136
      115712         2048          22.412    473956352     29622272
      115712         4096          32.892    947912704     59244544
      115712         8192          62.467   1895825408    118489088
      126976            1          11.712       253952        15872
      126976            2           4.970       507904        31744
      126976            4           6.913      1015808        63488
      126976            8           6.613      2031616       126976
      126976           16          21.701      4063232       253952
      126976           32          10.660      8126464       507904
      126976           64           5.240     16252928      1015808
      126976          128           5.601     32505856      2031616
      126976          256          15.339     65011712      4063232
      126976          512          21.190    130023424      8126464
      126976         1024          14.798    260046848     16252928
      126976         2048          27.872    520093696     32505856
      126976         4096          44.473   1040187392     65011712
      126976         8192          80.581   2080374784    130023424
      139264            1           9.027       278528        17408
      139264            2           5.851       557056        34816
      139264            4           5.320      1114112        69632
      139264            8           6.331      2228224       139264
      139264           16           4.578      4456448       278528
      139264           32           6.542      8912896       557056
      139264           64           5.340     17825792      1114112
      139264          128           7.423     35651584      2228224
      139264          256           6.693     71303168      4456448
      139264          512          12.714    142606336      8912896
      139264         1024          16.932    285212672     17825792
      139264         2048          22.271    570425344     35651584
      139264         4096          39.895   1140850688     71303168
      139264         8192          79.268   2281701376    142606336
      152576            1           7.424       305152        19072
      152576            2           4.589       610304        38144
      152576            4           8.055      1220608        76288
      152576            8           4.669      2441216       152576
      152576           16           5.029      4882432       305152
      152576           32           3.747      9764864       610304
      152576           64           5.019     19529728      1220608
      152576          128           7.504     39059456      2441216
      152576          256           6.632     78118912      4882432
      152576          512          10.320    156237824      9764864
      152576         1024          13.224    312475648     19529728
      152576         2048          28.674    624951296     39059456
      152576         4096          51.838   1249902592     78118912
      152576         8192         106.199   2499805184    156237824
      166912            1          10.971       333824        20864
      166912            2           5.310       667648        41728
      166912            4          10.570      1335296        83456
      166912            8           4.999      2670592       166912
      166912           16           6.061      5341184       333824
      166912           32           5.710     10682368       667648
      166912           64           5.340     21364736      1335296
      166912          128           6.472     42729472      2670592
      166912          256          11.522     85458944      5341184
      166912          512          14.186    170917888     10682368
      166912         1024          20.839    341835776     21364736
      166912         2048          38.943    683671552     42729472
      166912         4096          71.394   1367343104     85458944
      183296            1          12.353       366592        22912
      183296            2           8.627       733184        45824
      183296            4           4.599      1466368        91648
      183296            8           5.761      2932736       183296
      183296           16          18.645      5865472       366592
      183296           32           8.435     11730944       733184
      183296           64           4.719     23461888      1466368
      183296          128          10.440     46923776      2932736
      183296          256          19.096     93847552      5865472
      183296          512          20.618    187695104     11730944
      183296         1024          26.539    375390208     23461888
      183296         2048          51.176    750780416     46923776
      183296         4096          90.259   1501560832     93847552
      200704            1          12.634       401408        25088
      200704            2           7.333       802816        50176
      200704            4           5.030      1605632       100352
      200704            8           5.992      3211264       200704
      200704           16           5.320      6422528       401408
      200704           32          13.155     12845056       802816
      200704           64           5.540     25690112      1605632
      200704          128           8.687     51380224      3211264
      200704          256           8.787    102760448      6422528
      200704          512           9.959    205520896     12845056
      200704         1024          17.282    411041792     25690112
      200704         2048          38.933    822083584     51380224
      200704         4096          54.121   1644167168    102760448
      220160            1           9.808       440320        27520
      220160            2           4.969       880640        55040
      220160            4           7.775      1761280       110080
      220160            8           4.659      3522560       220160
      220160           16           6.923      7045120       440320
      220160           32           4.859     14090240       880640
      220160           64           5.711     28180480      1761280
      220160          128           7.193     56360960      3522560
      220160          256           7.294    112721920      7045120
      220160          512          10.219    225443840     14090240
      220160         1024          16.251    450887680     28180480
      220160         2048         135.625    901775360     56360960
      220160         4096          51.887   1803550720    112721920
      241664            1          12.804       483328        30208
      241664            2           5.501       966656        60416
      241664            4          15.359      1933312       120832
      241664            8          11.111      3866624       241664
      241664           16           5.620      7733248       483328
      241664           32           9.468     15466496       966656
      241664           64          18.454     30932992      1933312
      241664          128           9.578     61865984      3866624
      241664          256          13.966    123731968      7733248
      241664          512          28.012    247463936     15466496
      241664         1024          18.494    494927872     30932992
      241664         2048          31.869    989855744     61865984
      241664         4096          58.780   1979711488    123731968
      265216            1           5.690       530432        33152
      265216            2          10.911      1060864        66304
      265216            4           4.508      2121728       132608
      265216            8          19.226      4243456       265216
      265216           16          13.095      8486912       530432
      265216           32           9.127     16973824      1060864
      265216           64           9.598     33947648      2121728
      265216          128          12.824     67895296      4243456
      265216          256           9.949    135790592      8486912
      265216          512          16.982    271581184     16973824
      265216         1024          20.519    543162368     33947648
      265216         2048          39.814   1086324736     67895296
      265216         4096          62.667   2172649472    135790592
      290816            1          15.018       581632        36352
      290816            2           5.811      1163264        72704
      290816            4           6.452      2326528       145408
      290816            8           5.220      4653056       290816
      290816           16           4.990      9306112       581632
      290816           32           7.685     18612224      1163264
      290816           64           5.861     37224448      2326528
      290816          128           6.743     74448896      4653056
      290816          256          13.214    148897792      9306112
      290816          512          18.625    297795584     18612224
      290816         1024          27.721    595591168     37224448
      290816         2048          46.377   1191182336     74448896
      290816         4096          83.898   2382364672    148897792
      319488            1          13.134       638976        39936
      319488            2           5.180      1277952        79872
      319488            4           5.270      2555904       159744
      319488            8          15.810      5111808       319488
      319488           16           5.511     10223616       638976
      319488           32           7.584     20447232      1277952
      319488           64           5.580     40894464      2555904
      319488          128           7.444     81788928      5111808
      319488          256           8.746    163577856     10223616
      319488          512          13.906    327155712     20447232
      319488         1024          23.884    654311424     40894464
      319488         2048          54.462   1308622848     81788928
      319488         4096          78.738   2617245696    163577856
      351232            1           8.165       702464        43904
      351232            2           7.995      1404928        87808
      351232            4          11.923      2809856       175616
      351232            8           9.298      5619712       351232
      351232           16           5.100     11239424       702464
      351232           32           5.380     22478848      1404928
      351232           64          27.772     44957696      2809856
      351232          128           6.573     89915392      5619712
      351232          256           8.756    179830784     11239424
      351232          512          13.455    359661568     22478848
      351232         1024          33.192    719323136     44957696
      351232         2048          44.123   1438646272     89915392
      386048            1          14.668       772096        48256
      386048            2          22.873      1544192        96512
      386048            4           9.789      3088384       193024
      386048            8           7.905      6176768       386048
      386048           16          11.802     12353536       772096
      386048           32           6.933     24707072      1544192
      386048           64          14.928     49414144      3088384
      386048          128          18.545     98828288      6176768
      386048          256          13.656    197656576     12353536
      386048          512          21.621    395313152     24707072
      386048         1024          30.878    790626304     49414144
      386048         2048          59.942   1581252608     98828288
      423936            1          16.240       847872        52992
      423936            2           5.049      1695744       105984
      423936            4           9.578      3391488       211968
      423936            8           9.688      6782976       423936
      423936           16           5.931     13565952       847872
      423936           32           4.298     27131904      1695744
      423936           64          10.339     54263808      3391488
      423936          128           7.805    108527616      6782976
      423936          256          12.734    217055232     13565952
      423936          512          20.549    434110464     27131904
      423936         1024          36.188    868220928     54263808
      423936         2048          63.389   1736441856    108527616
      465920            1          20.578       931840        58240
      465920            2           5.681      1863680       116480
      465920            4           8.156      3727360       232960
      465920            8          10.449      7454720       465920
      465920           16           5.290     14909440       931840
      465920           32           8.866     29818880      1863680
      465920           64           8.466     59637760      3727360
      465920          128          11.071    119275520      7454720
      465920          256          20.678    238551040     14909440
      465920          512          21.721    477102080     29818880
      465920         1024          34.324    954204160     59637760
      465920         2048          66.856   1908408320    119275520
      512000            1          10.599      1024000        64000
      512000            2           6.402      2048000       128000
      512000            4           5.871      4096000       256000
      512000            8          11.611      8192000       512000
      512000           16           7.424     16384000      1024000
      512000           32          22.453     32768000      2048000
      512000           64           6.031     65536000      4096000
      512000          128           8.416    131072000      8192000
      512000          256          12.483    262144000     16384000
      512000          512          19.536    524288000     32768000
      512000         1024          35.436   1048576000     65536000
      512000         2048          64.601   2097152000    131072000
      563200            1          17.323      1126400        70400
      563200            2           4.729      2252800       140800
      563200            4           5.420      4505600       281600
      563200            8           5.620      9011200       563200
      563200           16           5.090     18022400      1126400
      563200           32           8.546     36044800      2252800
      563200           64           9.988     72089600      4505600
      563200          128          10.149    144179200      9011200
      563200          256          12.694    288358400     18022400
      563200          512          24.576    576716800     36044800
      563200         1024          37.280   1153433600     72089600
      563200         2048          69.320   2306867200    144179200
      619520            1          13.886      1239040        77440
      619520            2          11.211      2478080       154880
      619520            4           7.684      4956160       309760
      619520            8           5.039      9912320       619520
      619520           16           7.654     19824640      1239040
      619520           32           9.949     39649280      2478080
      619520           64          11.331     79298560      4956160
      619520          128          11.973    158597120      9912320
      619520          256          20.278    317194240     19824640
      619520          512          29.244    634388480     39649280
      619520         1024          41.348   1268776960     79298560
      619520         2048          76.032   2537553920    158597120
      680960            1           8.085      1361920        85120
      680960            2          11.442      2723840       170240
      680960            4          15.318      5447680       340480
      680960            8          13.575     10895360       680960
      680960           16           4.909     21790720      1361920
      680960           32           5.611     43581440      2723840
      680960           64          14.066     87162880      5447680
      680960          128          37.501    174325760     10895360
      680960          256          15.529    348651520     21790720
      680960          512        4271.732    697303040     43581440
      680960         1024          43.491   1394606080     87162880
      748544            1          15.188      1497088        93568
      748544            2           4.839      2994176       187136
      748544            4           6.012      5988352       374272
      748544            8           4.509     11976704       748544
      748544           16           6.592     23953408      1497088
      748544           32           5.380     47906816      2994176
      748544           64           7.524     95813632      5988352
      748544          128          10.099    191627264     11976704
      748544          256          14.968    383254528     23953408
      748544          512          25.808    766509056     47906816
      748544         1024          45.786   1533018112     95813632
      823296            1          17.213      1646592       102912
      823296            2           5.080      3293184       205824
      823296            4           6.221      6586368       411648
      823296            8           9.408     13172736       823296
      823296           16          11.812     26345472      1646592
      823296           32          16.561     52690944      3293184
      823296           64          12.634    105381888      6586368
      823296          128          33.423    210763776     13172736
      823296          256          24.686    421527552     26345472
      823296          512          32.240    843055104     52690944
      823296         1024          53.580   1686110208    105381888
      905216            1          32.671      1810432       113152
      905216            2          20.578      3620864       226304
      905216            4           8.005      7241728       452608
      905216            8           8.366     14483456       905216
      905216           16           8.356     28966912      1810432
      905216           32           7.845     57933824      3620864
      905216           64          15.029    115867648      7241728
      905216          128          15.259    231735296     14483456
      905216          256          16.651    463470592     28966912
      905216          512          43.602    926941184     57933824
      905216         1024          57.358   1853882368    115867648
      995328            1          20.759      1990656       124416
      995328            2           7.163      3981312       248832
      995328            4           4.989      7962624       497664
      995328            8          11.551     15925248       995328
      995328           16           6.292     31850496      1990656
      995328           32           6.783     63700992      3981312
      995328           64           8.236    127401984      7962624
      995328          128          13.686    254803968     15925248
      995328          256          18.575    509607936     31850496
      995328          512          31.058   1019215872     63700992
      995328         1024          58.921   2038431744    127401984
     1094656            1          28.944      2189312       136832
     1094656            2           9.959      4378624       273664
     1094656            4          18.805      8757248       547328
     1094656            8          16.250     17514496      1094656
     1094656           16          10.751     35028992      2189312
     1094656           32           9.718     70057984      4378624
     1094656           64          13.735    140115968      8757248
     1094656          128          12.223    280231936     17514496
     1094656          256          24.736    560463872     35028992
     1094656          512          33.764   1120927744     70057984
     1094656         1024          67.446   2241855488    140115968
     1203200            1          23.154      2406400       150400
     1203200            2          18.144      4812800       300800
     1203200            4           6.663      9625600       601600
     1203200            8          14.467     19251200      1203200
     1203200           16           7.413     38502400      2406400
     1203200           32           6.613     77004800      4812800
     1203200           64          10.089    154009600      9625600
     1203200          128          16.932    308019200     19251200
     1203200          256          22.071    616038400     38502400
     1203200          512          36.729   1232076800     77004800
     1203200         1024          69.570   2464153600    154009600
     1323008            1          28.183      2646016       165376
     1323008            2          11.371      5292032       330752
     1323008            4          13.355     10584064       661504
     1323008            8          12.954     21168128      1323008
     1323008           16           6.683     42336256      2646016
     1323008           32           6.332     84672512      5292032
     1323008           64          20.208    169345024     10584064
     1323008          128          16.491    338690048     21168128
     1323008          256          25.959    677380096     42336256
     1323008          512          43.441   1354760192     84672512
     1323008         1024          76.814   2709520384    169345024
     1455104            1          29.376      2910208       181888
     1455104            2           5.300      5820416       363776
     1455104            4           5.621     11640832       727552
     1455104            8           6.161     23281664      1455104
     1455104           16           6.593     46563328      2910208
     1455104           32           8.446     93126656      5820416
     1455104           64          10.099    186253312     11640832
     1455104          128          19.697    372506624     23281664
     1455104          256          23.644    745013248     46563328
     1455104          512          44.012   1490026496     93126656
     1600512            1          30.427      3201024       200064
     1600512            2           6.241      6402048       400128
     1600512            4           7.555     12804096       800256
     1600512            8           6.803     25608192      1600512
     1600512           16           8.285     51216384      3201024
     1600512           32           7.133    102432768      6402048
     1600512           64          12.343    204865536     12804096
     1600512          128          14.577    409731072     25608192
     1600512          256          25.257    819462144     51216384
     1600512          512          46.307   1638924288    102432768
     1760256            1          22.281      3520512       220032
     1760256            2           9.998      7041024       440064
     1760256            4          10.069     14082048       880128
     1760256            8          13.966     28164096      1760256
     1760256           16           5.410     56328192      3520512
     1760256           32          27.140    112656384      7041024
     1760256           64          17.803    225312768     14082048
     1760256          128          25.528    450625536     28164096
     1760256          256          44.443    901251072     56328192
     1760256          512          53.851   1802502144    112656384
     1935360            1          19.166      3870720       241920
     1935360            2           5.641      7741440       483840
     1935360            4          10.810     15482880       967680
     1935360            8          16.701     30965760      1935360
     1935360           16           7.404     61931520      3870720
     1935360           32          15.459    123863040      7741440
     1935360           64          11.631    247726080     15482880
     1935360          128          22.672    495452160     30965760
     1935360          256          36.248    990904320     61931520
     1935360          512          67.567   1981808640    123863040
     2128896            1          30.056      4257792       266112
     2128896            2           8.356      8515584       532224
     2128896            4           6.232     17031168      1064448
     2128896            8           9.718     34062336      2128896
     2128896           16          10.610     68124672      4257792
     2128896           32           8.566    136249344      8515584
     2128896           64          15.399    272498688     17031168
     2128896          128          28.353    544997376     34062336
     2128896          256          36.588   1089994752     68124672
     2128896          512          63.178   2179989504    136249344
     2340864            1         406.872      4681728       292608
     2340864            2           6.772      9363456       585216
     2340864            4           5.781     18726912      1170432
     2340864            8           6.833     37453824      2340864
     2340864           16           7.243     74907648      4681728
     2340864           32          10.470    149815296      9363456
     2340864           64          12.634    299630592     18726912
     2340864          128          20.429    599261184     37453824
     2340864          256          37.720   1198522368     74907648
     2340864          512          66.935   2397044736    149815296
     2574336            1          43.712      5148672       321792
     2574336            2           5.851     10297344       643584
     2574336            4           6.893     20594688      1287168
     2574336            8           6.272     41189376      2574336
     2574336           16           8.255     82378752      5148672
     2574336           32           9.939    164757504     10297344
     2574336           64          13.706    329515008     20594688
     2574336          128          21.099    659030016     41189376
     2574336          256          39.144   1318060032     82378752
     2574336          512          70.592   2636120064    164757504
     2831360            1          32.511      5662720       353920
     2831360            2          12.964     11325440       707840
     2831360            4           5.891     22650880      1415680
     2831360            8          12.543     45301760      2831360
     2831360           16           7.103     90603520      5662720
     2831360           32          18.194    181207040     11325440
     2831360           64          14.437    362414080     22650880
     2831360          128          26.990    724828160     45301760
     2831360          256          45.485   1449656320     90603520
     3113984            1          59.121      6227968       389248
     3113984            2          14.998     12455936       778496
     3113984            4           4.539     24911872      1556992
     3113984            8           7.293     49823744      3113984
     3113984           16          15.148     99647488      6227968
     3113984           32          15.429    199294976     12455936
     3113984           64          16.722    398589952     24911872
     3113984          128          32.581    797179904     49823744
     3113984          256          48.000   1594359808     99647488
     3425280            1          19.366      6850560       428160
     3425280            2           9.919     13701120       856320
     3425280            4           6.121     27402240      1712640
     3425280            8           7.083     54804480      3425280
     3425280           16           8.646    109608960      6850560
     3425280           32          10.710    219217920     13701120
     3425280           64          16.551    438435840     27402240
     3425280          128          26.981    876871680     54804480
     3425280          256          49.132   1753743360    109608960
     3767296            1          39.624      7534592       470912
     3767296            2          10.580     15069184       941824
     3767296            4           6.733     30138368      1883648
     3767296            8          14.817     60276736      3767296
     3767296           16          16.430    120553472      7534592
     3767296           32          11.792    241106944     15069184
     3767296           64          25.949    482213888     30138368
     3767296          128          32.601    964427776     60276736
     3767296          256          56.576   1928855552    120553472
     4143104            1          40.245      8286208       517888
     4143104            2          16.210     16572416      1035776
     4143104            4           9.979     33144832      2071552
     4143104            8          15.899     66289664      4143104
     4143104           16          12.554    132579328      8286208
     4143104           32          14.097    265158656     16572416
     4143104           64          23.194    530317312     33144832
     4143104          128          38.302   1060634624     66289664
     4143104          256          58.740   2121269248    132579328
     4556800            1          54.282      9113600       569600
     4556800            2          12.855     18227200      1139200
     4556800            4          11.912     36454400      2278400
     4556800            8           7.815     72908800      4556800
     4556800           16          18.575    145817600      9113600
     4556800           32          13.145    291635200     18227200
     4556800           64          27.571    583270400     36454400
     4556800          128          42.039   1166540800     72908800
     4556800          256          64.200   2333081600    145817600
     5012480            1          45.816     10024960       626560
     5012480            2           8.877     20049920      1253120
     5012480            4           8.536     40099840      2506240
     5012480            8           9.869     80199680      5012480
     5012480           16          12.243    160399360     10024960
     5012480           32          13.224    320798720     20049920
     5012480           64          22.021    641597440     40099840
     5012480          128          54.071   1283194880     80199680
     5012480          256          69.040   2566389760    160399360
     5513216            1          53.029     11026432       689152
     5513216            2           9.788     22052864      1378304
     5513216            4           8.686     44105728      2756608
     5513216            8           9.087     88211456      5513216
     5513216           16          11.291    176422912     11026432
     5513216           32          15.319    352845824     22052864
     5513216           64          26.369    705691648     44105728
     5513216          128          41.608   1411383296     88211456
     6064128            1         331.130     12128256       758016
     6064128            2          10.630     24256512      1516032
     6064128            4           7.584     48513024      3032064
     6064128            8          10.109     97026048      6064128
     6064128           16          10.310    194052096     12128256
     6064128           32          15.950    388104192     24256512
     6064128           64          26.550    776208384     48513024
     6064128          128          43.581   1552416768     97026048
     6670336            1          61.455     13340672       833792
     6670336            2           8.385     26681344      1667584
     6670336            4          10.460     53362688      3335168
     6670336            8           9.668    106725376      6670336
     6670336           16          13.055    213450752     13340672
     6670336           32          16.912    426901504     26681344
     6670336           64          26.951    853803008     53362688
     6670336          128          47.439   1707606016    106725376
     7336960            1         115.677     14673920       917120
     7336960            2          10.680     29347840      1834240
     7336960            4           8.205     58695680      3668480
     7336960            8          12.894    117391360      7336960
     7336960           16          12.653    234782720     14673920
     7336960           32          18.575    469565440     29347840
     7336960           64          29.345    939130880     58695680
     7336960          128          51.507   1878261760    117391360
     8070144            1          69.440     16140288      1008768
     8070144            2          10.049     32280576      2017536
     8070144            4          11.792     64561152      4035072
     8070144            8          11.471    129122304      8070144
     8070144           16          13.655    258244608     16140288
     8070144           32          19.737    516489216     32280576
     8070144           64          31.980   1032978432     64561152
     8070144          128          57.157   2065956864    129122304
     8877056            1          58.650     17754112      1109632
     8877056            2          12.934     35508224      2219264
     8877056            4           9.929     71016448      4438528
     8877056            8          14.047    142032896      8877056
     8877056           16          14.487    284065792     17754112
     8877056           32          21.169    568131584     35508224
     8877056           64          35.336   1136263168     71016448
     8877056          128          61.726   2272526336    142032896
     9763840            1          77.766     19527680      1220480
     9763840            2          11.141     39055360      2440960
     9763840            4          12.373     78110720      4881920
     9763840            8          12.604    156221440      9763840
     9763840           16          15.529    312442880     19527680
     9763840           32          23.995    624885760     39055360
     9763840           64          37.490   1249771520     78110720
     9763840          128          67.316   2499543040    156221440
    10739712            1         106.179     21479424      1342464
    10739712            2          11.091     42958848      2684928
    10739712            4          10.620     85917696      5369856
    10739712            8          15.910    171835392     10739712
    10739712           16          16.360    343670784     21479424
    10739712           32          25.999    687341568     42958848
    10739712           64          40.586   1374683136     85917696
    11812864            1          97.804     23625728      1476608
    11812864            2          11.702     47251456      2953216
    11812864            4           7.735     94502912      5906432
    11812864            8          14.868    189005824     11812864
    11812864           16          17.624    378011648     23625728
    11812864           32          30.608    756023296     47251456
    11812864           64          44.353   1512046592     94502912
    12993536            1         105.578     25987072      1624192
    12993536            2          11.231     51974144      3248384
    12993536            4          15.008    103948288      6496768
    12993536            8          15.990    207896576     12993536
    12993536           16          21.040    415793152     25987072
    12993536           32          31.709    831586304     51974144
    12993536           64          49.562   1663172608    103948288
    14291968            1         139.822     28583936      1786496
    14291968            2          12.353     57167872      3572992
    14291968            4          12.403    114335744      7145984
    14291968            8          18.104    228671488     14291968
    14291968           16          20.408    457342976     28583936
    14291968           32          42.960    914685952     57167872
    14291968           64          54.532   1829371904    114335744
    15720448            1         120.065     31440896      1965056
    15720448            2          14.728     62881792      3930112
    15720448            4          13.224    125763584      7860224
    15720448            8          17.072    251527168     15720448
    15720448           16          21.691    503054336     31440896
    15720448           32          33.983   1006108672     62881792
    15720448           64          81.623   2012217344    125763584
    17292288            1         126.577     34584576      2161536
    17292288            2          13.025     69169152      4323072
    17292288            4          14.237    138338304      8646144
    17292288            8          17.222    276676608     17292288
    17292288           16          26.370    553353216     34584576
    17292288           32          40.355   1106706432     69169152
    17292288           64          62.537   2213412864    138338304
    19020800            1         147.777     38041600      2377600
    19020800            2          34.585     76083200      4755200
    19020800            4          26.961    152166400      9510400
    19020800            8          22.352    304332800     19020800
    19020800           16          26.660    608665600     38041600
    19020800           32          40.065   1217331200     76083200
    19020800           64          69.220   2434662400    152166400
    20922368            1         167.503     41844736      2615296
    20922368            2          16.110     83689472      5230592
    20922368            4          16.831    167378944     10461184
    20922368            8          18.915    334757888     20922368
    20922368           16          27.261    669515776     41844736
    20922368           32          43.220   1339031552     83689472
    20922368           64          79.199   2678063104    167378944
    23014400            1         191.819     46028800      2876800
    23014400            2          23.364     92057600      5753600
    23014400            4          18.124    184115200     11507200
    23014400            8          21.340    368230400     23014400
    23014400           16          30.047    736460800     46028800
    23014400           32          47.388   1472921600     92057600
    25315328            1         185.016     50630656      3164416
    25315328            2          19.056    101261312      6328832
    25315328            4          17.744    202522624     12657664
    25315328            8          24.646    405045248     25315328
    25315328           16          35.416    810090496     50630656
    25315328           32          54.212   1620180992    101261312
    27846656            1         201.979     55693312      3480832
    27846656            2          21.921    111386624      6961664
    27846656            4          29.355    222773248     13923328
    27846656            8          24.796    445546496     27846656
    27846656           16          36.138    891092992     55693312
    27846656           32          55.804   1782185984    111386624
    30630912            1         248.195     61261824      3828864
    30630912            2          30.717    122523648      7657728
    30630912            4          25.658    245047296     15315456
    30630912            8          28.012    490094592     30630912
    30630912           16          38.462    980189184     61261824
    30630912           32          66.344   1960378368    122523648
    33693696            1         256.220     67387392      4211712
    33693696            2          26.670    134774784      8423424
    33693696            4          22.803    269549568     16846848
    33693696            8          30.027    539099136     33693696
    33693696           16          41.528   1078198272     67387392
    33693696           32          84.578   2156396544    134774784
    37062656            1         268.954     74125312      4632832
    37062656            2          29.164    148250624      9265664
    37062656            4          25.248    296501248     18531328
    37062656            8          31.610    593002496     37062656
    37062656           16          47.810   1186004992     74125312
    37062656           32          77.174   2372009984    148250624
    40768512            1         300.022     81537024      5096064
    40768512            2          33.803    163074048     10192128
    40768512            4          26.640    326148096     20384256
    40768512            8          35.667    652296192     40768512
    40768512           16          49.603   1304592384     81537024
    40768512           32          81.713   2609184768    163074048
    44845056            1         364.513     89690112      5605632
    44845056            2          44.895    179380224     11211264
    44845056            4          31.970    358760448     22422528
    44845056            8          47.509    717520896     44845056
    44845056           16          58.540   1435041792     89690112
    49329152            1         351.498     98658304      6166144
    49329152            2          50.786    197316608     12332288
    49329152            4          34.084    394633216     24664576
    49329152            8          57.748    789266432     49329152
    49329152           16          61.405   1578532864     98658304
    54261760            1         394.990    108523520      6782720
    54261760            2          63.509    217047040     13565440
    54261760            4          39.023    434094080     27130880
    54261760            8          48.601    868188160     54261760
    54261760           16          68.609   1736376320    108523520
    59687936            1         420.407    119375872      7460992
    59687936            2          76.704    238751744     14921984
    59687936            4          45.124    477503488     29843968
    59687936            8          54.773    955006976     59687936
    59687936           16         506.168   1910013952    119375872
    65655808            1         472.845    131311616      8206976
    65655808            2         169.247    262623232     16413952
    65655808            4          53.130    525246464     32827904
    65655808            8          65.192   1050492928     65655808
    65655808           16          90.790   2100985856    131311616
    72220672            1         505.427    144441344      9027584
    72220672            2         110.848    288882688     18055168
    72220672            4          72.165    577765376     36110336
    72220672            8         101.881   1155530752     72220672
    72220672           16         109.706   2311061504    144441344
    79441920            1         547.836    158883840      9930240
    79441920            2         132.738    317767680     19860480
    79441920            4          86.813    635535360     39720960
    79441920            8         102.492   1271070720     79441920
    79441920           16         134.071   2542141440    158883840
    87386112            1         624.580    174772224     10923264
    87386112            2         155.722    349544448     21846528
    87386112            4         109.805    699088896     43693056
    87386112            8         134.893   1398177792     87386112
    96123904            1         737.882    192247808     12015488
    96123904            2         187.421    384495616     24030976
    96123904            4         132.287    768991232     48061952
    96123904            8         157.324   1537982464     96123904
   105736192            1         758.811    211472384     13217024
   105736192            2         204.723    422944768     26434048
   105736192            4         152.365    845889536     52868096
   105736192            8         179.847   1691779072    105736192
   116308992            1         814.005    232617984     14538624
   116308992            2         240.240    465235968     29077248
   116308992            4         187.601    930471936     58154496
   116308992            8         198.542   1860943872    116308992
   127939584            1         926.826    255879168     15992448
   127939584            2         276.819    511758336     31984896
   127939584            4         198.191   1023516672     63969792
   127939584            8         216.626   2047033344    127939584
   140733440            1        1006.455    281466880     17591680
   140733440            2         285.135    562933760     35183360
   140733440            4         232.505   1125867520     70366720
   140733440            8         253.865   2251735040    140733440
   154806272            1        1226.408    309612544     19350784
   154806272            2         296.606    619225088     38701568
   154806272            4         230.982   1238450176     77403136
   154806272            8         262.642   2476900352    154806272
   170286080            1        1431.121    340572160     21285760
   170286080            2         314.620    681144320     42571520
   170286080            4         256.220   1362288640     85143040
   187314176            1        1346.372    374628352     23414272
   187314176            2         617.076    749256704     46828544
   187314176            4         267.050   1498513408     93657088
   206045184            1        1477.658    412090368     25755648
   206045184            2         372.378    824180736     51511296
   206045184            4         317.705   1648361472    103022592
   226649088            1        1601.891    453298176     28331136
   226649088            2         417.993    906596352     56662272
   226649088            4         379.642   1813192704    113324544
   249313280            1        1814.279    498626560     31164160
   249313280            2         399.940    997253120     62328320
   249313280            4         346.449   1994506240    124656640
   274244608            1        1922.652    548489216     34280576
   274244608            2         478.256   1096978432     68561152
   274244608            4         417.762   2193956864    137122304
   301668352            1        2172.109    603336704     37708544
   301668352            2         473.497   1206673408     75417088
   301668352            4         438.191   2413346816    150834176
   331834368            1        2347.508    663668736     41479296
   331834368            2         556.843   1327337472     82958592
   331834368            4         526.256   2654674944    165917184
   365017088            1        2534.698    730034176     45627136
   365017088            2         665.637   1460068352     91254272
   401518592            1        2792.141    803037184     50189824
   401518592            2         628.037   1606074368    100379648
   441669632            1        3130.795    883339264     55208704
   441669632            2         790.540   1766678528    110417408
   485835776            1        3481.021    971671552     60729472
   485835776            2         985.125   1943343104    121458944
   534418432            1        3746.598   1068836864     66802304
   534418432            2        1685.959   2137673728    133604608
   587859968            1        4181.433   1175719936     73482496
   587859968            2        2866.079   2351439872    146964992
   646645760            1        6601.066   1293291520     80830720
   646645760            2        5289.368   2586583040    161661440
   711310336            1        4965.812   1422620672     88913792
   782440448            1        5445.201   1564880896     97805056
   860684288            1        6044.533   1721368576    107585536
   946752512            1        6579.556   1893505024    118344064
  1041427456            1        7255.021   2082854912    130178432
  1145569280            1        7988.986   2291138560    143196160
  1260126208            1        8758.187   2520252416    157515776

META_DATA
FLOPS          1
MPI_PROCS      128
ERT_VERSION  1.1.0
HOSTNAME  ('tcn299.local.snellius.surf.nl', [], ['172.18.57.53'])
UNAME  uname_result(system='Linux', node='tcn299.local.snellius.surf.nl', release='4.18.0-372.80.1.el8_6.x86_64', version='#1 SMP Fri Nov 3 14:30:16 EDT 2023', machine='x86_64', processor='x86_64')
TIMESTAMP_DATA  1707396900.487005
CONFIG  {'ERT_RESULTS': ['Results.snellius.01'], 'ERT_DRIVER': ['driver1'], 'ERT_KERNEL': ['kernel1'], 'ERT_MPI': ['True'], 'ERT_MPI_CFLAGS': [], 'ERT_MPI_LDFLAGS': [], 'ERT_OPENMP': ['False'], 'ERT_OPENMP_CFLAGS': ['-fopenmp'], 'ERT_OPENMP_LDFLAGS': ['-fopenmp'], 'ERT_FLOPS': ['1,2,4,8,16,32'], 'ERT_ALIGN': ['32'], 'ERT_CC': ['mpic++'], 'ERT_CFLAGS': ['-Ofast', '-fargument-noalias', '-mavx2'], 'ERT_LD': ['mpic++'], 'ERT_LDFLAGS': [], 'ERT_LDLIBS': [], 'ERT_RUN': ['export', 'OMP_NUM_THREADS=ERT_OPENMP_THREADS;', 'mpirun', '-np', 'ERT_MPI_PROCS', 'ERT_CODE'], 'ERT_PROCS_THREADS': ['32,64,128'], 'ERT_MPI_PROCS': ['32,64,128'], 'ERT_OPENMP_THREADS': [], 'ERT_NUM_EXPERIMENTS': ['5'], 'ERT_MEMORY_MAX': ['1357905920'], 'ERT_WORKING_SET_MIN': ['1'], 'ERT_TRIALS_MIN': ['1'], 'ERT_GNUPLOT': ['gnuplot'], 'ERT_GPU': [False], 'ERT_HIP': [False], 'ERT_PRECISION': ['FP64'], 'ERT_OCL': [False], 'ERT_SYCL': [False], 'ERT_WSS_MULT': [1.1]}
