fp64
 1024 1048576 10023.326 10180.12 10615.916 202.28905805207955 210.94875581034407 214.24860849582268 101.14452902603978 105.47437790517203 107.12430424791134
 2048 524288 4814.619 5366.753 5452.123 393.8802642566942 400.1457954185707 446.033974443253 196.9401321283471 200.07289770928534 223.0169872216265
 3072 262144 2524.179 2594.089 3563.685 451.9514872947525 620.8779791287037 638.0738988795961 225.97574364737625 310.43898956435186 319.03694943979804
 4096 262144 2499.172 2565.757 4316.195 497.54092389245625 836.9785790314515 859.2780520908525 248.77046194622812 418.4892895157258 429.63902604542625
 5120 262144 2504.802 2528.025 3090.44 868.5994745084843 1061.8386131466264 1071.6833346508029 434.29973725424213 530.9193065733132 535.8416673254014
 6144 131072 1250.042 1254.981 1539.864 1045.9447951247644 1283.3761913526978 1288.4468969842615 522.9723975623822 641.6880956763489 644.2234484921307
 7168 131072 1262.034 1268.477 1549.302 1212.835323261701 1481.3419494401553 1488.9045715091668 606.4176616308505 740.6709747200777 744.4522857545834
 8192 131072 1251.044 1257.185 1837.431 1168.7424714179745 1708.168366628619 1716.5532531229915 584.3712357089872 854.0841833143095 858.2766265614957
 9216 131072 1257.616 1279.758 1491.154 1620.1674032326641 1887.7937109984855 1921.0308265798144 810.0837016163321 943.8968554992427 960.5154132899072
 10240 131072 1252.055 1256.274 1292.04 2077.6094857744342 2136.7588280900504 2143.9589794378044 1038.8047428872171 1068.3794140450252 1071.9794897189022
 11264 65536 641.411 644.056 724.667 2037.3426801551607 2292.339498428708 2301.7924669205863 1018.6713400775803 1146.169749214354 1150.8962334602932
 12288 65536 626.885 631.393 652.051 2470.0717213837565 2550.8878558995743 2569.2315751692895 1235.0358606918783 1275.4439279497872 1284.6157875846447
 13312 65536 639.588 642.644 1237.558 1409.897931248475 2715.0809219412304 2728.0537846238517 704.9489656242375 1357.5404609706152 1364.0268923119258
 14336 65536 631.223 640.82 664.495 2827.783793708004 2932.25584719578 2976.837333240392 1413.891896854002 1466.12792359789 1488.418666620196
 15360 65536 641.131 645.439 686.205 2933.9132183531156 3119.2195079627973 3140.1787154263325 1466.9566091765578 1559.6097539813986 1570.0893577131662
 16384 65536 632.235 632.946 731.74 2934.7632328422665 3392.838643422978 3396.654168149502 1467.3816164211332 1696.419321711489 1698.327084074751
 17408 65536 641.461 648.154 703.438 3243.6424759538154 3520.3074824810155 3557.038348395304 1621.8212379769077 1760.1537412405078 1778.519174197652
 18432 65536 637.635 640.029 645.309 3743.8174641915734 3774.702558790305 3788.874675950975 1871.9087320957867 1887.3512793951525 1894.4373379754875
 19456 65536 655.518 659.946 684.281 3726.7392080154214 3864.1598433811255 3890.2621011169795 1863.3696040077107 1932.0799216905627 1945.1310505584897
 20480 65536 635.31 641.151 1499.088 1790.658426990277 4186.774348008504 4225.267286836348 895.3292134951384 2093.387174004252 2112.633643418174
 22528 32768 322.925 330.729 413.134 3573.6468264534024 4464.0627462363445 4571.943974607107 1786.8234132267012 2232.0313731181723 2285.9719873035533
 24576 32768 323.306 324.678 331.501 4858.545633346505 4960.646351154066 4981.697636295027 2429.2728166732527 2480.323175577033 2490.8488181475136
 26624 32768 360.505 369.693 373.8 4667.818255751738 4719.674064696925 4839.961897893233 2333.909127875869 2359.8370323484623 2419.9809489466165
 28672 32768 360.806 364.052 387.716 4846.455116631761 5161.482952984738 5207.918360559414 2423.2275583158803 2580.741476492369 2603.959180279707
 30720 32768 411.992 428.833 458.739 4388.695794340572 4694.7551144618055 4886.66265364376 2194.347897170286 2347.3775572309028 2443.33132682188
 33792 32768 469.83 472.666 515.586 4295.292176280969 4685.322219072241 4713.603882255284 2147.6460881404846 2342.6611095361204 2356.801941127642
 36864 32768 467.796 480.751 515.987 4682.131728124933 5025.302295783056 5164.471487571505 2341.0658640624665 2512.651147891528 2582.2357437857527
 39936 32768 575.829 585.637 628.177 4166.414395942545 4469.05795911119 4545.178683254925 2083.2071979712723 2234.528979555595 2272.5893416274625
 43008 16384 284.874 289.111 316.493 4452.819316698948 4874.550411433671 4947.050780344995 2226.409658349474 2437.2752057168354 2473.5253901724973
 47104 16384 312.827 313.588 593.111 2602.386184036378 4922.075691671876 4934.049401106682 1301.193092018189 2461.037845835938 2467.024700553341
 51200 16384 335.378 340.808 349.504 4800.292986632485 4922.776460646463 5002.479590193751 2400.1464933162424 2461.3882303232317 2501.2397950968757
 56320 16384 392.996 400.35 501.299 3681.4231825716793 4609.700911702261 4695.960671355434 1840.7115912858396 2304.8504558511304 2347.980335677717
 61440 16384 386.103 388.688 624.08 3225.9741058838604 5179.645165273947 5214.323431830366 1612.9870529419302 2589.8225826369735 2607.161715915183
 67584 16384 442.329 442.659 727.262 3045.109619366886 5002.931177271896 5006.663619161302 1522.554809683443 2501.465588635948 2503.331809580651
 73728 16384 467.546 473.306 1069.774 2258.3453177960955 5104.3492032638505 5167.232965312503 1129.1726588980478 2552.1746016319253 2583.6164826562517
 80896 16384 550.632 623.068 1171.324 2263.080179352596 4254.431503463507 4814.104752357292 1131.540089676298 2127.2157517317537 2407.052376178646
 88064 8192 288.36 297.097 304.941 4731.540120875842 4856.4629599087175 5003.60860036066 2365.770060437921 2428.2314799543587 2501.80430018033
 96256 8192 310.472 313.738 345.237 4568.0454412476065 5026.672905417897 5079.550825839367 2284.0227206238033 2513.3364527089484 2539.7754129196833
 105472 8192 348.463 351.389 368.991 4683.185356824421 4917.778439279545 4959.072406539574 2341.5926784122107 2458.8892196397724 2479.536203269787
 115712 8192 378.99 379.471 398.085 4762.363334463746 4995.969146522396 5002.309844586929 2381.181667231873 2497.984573261198 2501.1549222934646
 126976 8192 401.683 407.253 422.391 4925.234638048632 5108.310519505074 5179.145704448532 2462.617319024316 2554.155259752537 2589.572852224266
 139264 8192 436.828 448.861 493.495 4623.555205219911 5083.313934603363 5223.340481837245 2311.7776026099555 2541.6569673016816 2611.6702409186223
 152576 8192 494.817 500.418 513.091 4872.050345845084 4995.434185021322 5051.979184223662 2436.025172922542 2497.717092510661 2525.989592111831
 166912 4096 271.419 275.266 313.187 4365.899938375474 4967.351957742691 5037.757504080408 2182.949969187737 2483.6759788713457 2518.878752040204
 183296 4096 297.307 312.705 633.036 2371.9991153741653 4801.844652308087 5050.539785474274 1185.9995576870826 2400.9223261540433 2525.269892737137
 200704 4096 316.433 321.322 369.062 4454.989047910649 5116.883275966165 5195.940903761619 2227.4945239553244 2558.4416379830823 2597.9704518808094
 220160 4096 354.394 358.782 371.005 4861.257179822374 5026.870690279892 5089.111892413528 2430.628589911187 2513.435345139946 2544.555946206764
 241664 4096 382.065 394.179 660.808 2995.8951586542535 5022.366711570125 5181.609118867208 1497.9475793271267 2511.1833557850623 2590.804559433604
 265216 4096 423.894 429.425 459.651 4726.737181035176 5059.438719217558 5125.454646680538 2363.368590517588 2529.719359608779 2562.727323340269
 290816 4096 457.076 461.004 504.145 4725.554497218062 5167.774405428153 5212.185002056551 2362.777248609031 2583.8872027140765 2606.0925010282754
 319488 4096 506.028 509.434 521.357 5020.064362807059 5137.55598566252 5172.1361189499385 2510.0321814035296 2568.77799283126 2586.0680594749692
 351232 2048 280.726 282.038 287.709 5000.351994550049 5100.895170154376 5124.734695040715 2500.1759972750247 2550.447585077188 2562.3673475203577
 386048 2048 306.324 310.843 328.415 4814.800200965242 5086.981556605747 5162.026507880544 2407.400100482621 2543.4907783028734 2581.013253940272
 423936 2048 334.757 335.118 838.721 2070.3450324959076 5181.583370633628 5187.171159975744 1035.1725162479538 2590.791685316814 2593.585579987872
 465920 2048 370.263 371.716 531.235 3592.3994465726087 5134.049435590612 5154.196665613362 1796.1997232863043 2567.024717795306 2577.098332806681
 512000 2048 400.32 408.956 1008.178 2080.1406100906784 5128.062676669372 5238.689048760991 1040.0703050453392 2564.031338334686 2619.3445243804954
 563200 2048 442.058 446.216 456.015 5058.752891900486 5169.8442010147555 5218.471784245507 2529.376445950243 2584.9221005073778 2609.2358921227533
 619520 2048 491.14 491.961 572.502 4432.393109543723 5158.038787627475 5166.661074235453 2216.1965547718614 2579.0193938137377 2583.3305371177266
 680960 1024 268.803 270.066 847.708 1645.1491315405776 5163.945405937809 5188.208762551013 822.5745657702888 2581.9727029689043 2594.1043812755065
 748544 1024 297.347 310.201 578.183 2651.441000513678 4942.015377126443 5155.6535361042825 1325.720500256839 2471.0076885632216 2577.8267680521412
 823296 1024 322.955 340.668 825.466 2042.616180436263 4949.42350910564 5220.882810298649 1021.3080902181315 2474.71175455282 2610.4414051493245
 905216 1024 353.703 359.273 615.764 3010.7027497547765 5160.093767135299 5241.353248346777 1505.3513748773883 2580.0468835676493 2620.6766241733885
 995328 1024 389.931 398.948 943.126 2161.3567476668018 5109.51739073764 5227.672957523254 1080.6783738334009 2554.75869536882 2613.836478761627
 1094656 1024 429.344 434.143 673.802 3327.1725046823844 5163.864182999611 5221.5833643884625 1663.5862523411922 2581.9320914998057 2610.7916821942313
 1203200 1024 476.803 729.617 993.11 2481.2494084240416 3377.324815622443 5168.074865300764 1240.6247042120208 1688.6624078112216 2584.037432650382
 1323008 1024 518.121 527.628 1030.671 2628.889707772897 5135.285435951087 5229.512766322925 1314.4448538864485 2567.6427179755433 2614.7563831614625
 1455104 512 287.198 297.337 879.177 1694.7969475998577 5011.238076660489 5188.150669572909 847.3984737999289 2505.6190383302446 2594.0753347864543
 1600512 512 314.509 319.158 768.87 2131.601295407546 5135.150264132499 5211.0568791354135 1065.800647703773 2567.5751320662494 2605.5284395677068
 1760256 512 349.885 369.573 860.532 2094.636973407148 4877.256033314122 5151.698826757363 1047.318486703574 2438.628016657061 2575.8494133786817
 1935360 512 379.541 384.3 465.963 4253.145936479935 5156.931147540983 5221.593029475076 2126.5729682399674 2578.4655737704916 2610.796514737538
 2128896 512 421.209 424.024 435.326 5007.71721422566 5141.193668282927 5175.553001004251 2503.85860711283 2570.5968341414637 2587.7765005021256
 2340864 512 461.865 468.538 526.316 4554.383176646729 5116.009237244364 5189.925056022864 2277.1915883233646 2558.004618622182 2594.962528011432
 2574336 512 502.862 509.685 523.912 5031.608483867519 5172.057376614968 5242.233582971074 2515.8042419337594 2586.028688307484 2621.116791485537
 2831360 256 282.76 283.411 306.845 4724.392836774267 5115.031950065453 5126.808318008205 2362.1964183871337 2557.5159750327266 2563.4041590041024
 3113984 256 306.805 309.991 391.313 4074.3849757099815 5143.245474868626 5196.655230521015 2037.1924878549908 2571.622737434313 2598.3276152605076
 3425280 256 336.54 612.818 4609.014 380.50293620284083 2861.768681729323 5211.0993046888925 190.25146810142041 1430.8843408646615 2605.5496523444463
 3767296 256 371.516 374.141 375.854 5131.927695328505 5155.424163617459 5191.850558253211 2565.9638476642526 2577.7120818087296 2595.9252791266053
 4143104 256 409.497 420.027 905.437 2342.812639642515 5050.316403469301 5180.182633816608 1171.4063198212575 2525.1582017346504 2590.091316908304
 4556800 256 450.073 453.921 1023.066 2280.480047230579 5139.8406330617 5183.784852679454 1140.2400236152896 2569.92031653085 2591.892426339727
 5012480 256 494.006 498.364 584.255 4392.585018527869 5149.6291064362595 5195.057873791006 2196.2925092639343 2574.8145532181297 2597.528936895503
 5513216 128 270.747 274.334 783.448 1801.5022005289438 5144.76257408852 5212.92312010844 900.7511002644719 2572.38128704426 2606.46156005422
 6064128 128 301.975 317.905 823.292 1885.6211016261545 4883.272575140372 5140.878443579767 942.8105508130773 2441.636287570186 2570.4392217898835
 6670336 128 326.411 327.523 637.024 2680.599186215904 5213.6980181544495 5231.459773108137 1340.299593107952 2606.8490090772248 2615.7298865540683
 7336960 128 358.892 362.96 380.473 4936.649276032728 5174.845051796342 5233.501331877 2468.324638016364 2587.422525898171 2616.7506659385
 8070144 128 398.566 407.043 466.574 4427.929683179945 5075.524856096285 5183.474917579522 2213.9648415899724 2537.7624280481423 2591.737458789761
 8877056 128 433.141 444.863 22447.399 101.23784657634499 5108.373445307881 5246.620236828192 50.618923288172496 2554.1867226539407 2623.310118414096
 9763840 128 480.86 481.131 533.108 4688.624143700714 5195.1402840390665 5198.068127937445 2344.312071850357 2597.5701420195333 2599.0340639687224
 10739712 64 263.344 263.484 329.016 4178.165001094172 5217.330600719589 5220.104259067987 2089.082500547086 2608.6653003597944 2610.0521295339936
 11812864 64 289.032 293.279 342.612 4413.291396681961 5155.659259612859 5231.415870907027 2206.6456983409803 2577.8296298064297 2615.7079354535135
 12993536 64 317.885 332.302 339.997 4891.7273034762065 5005.003304223266 5231.99461440458 2445.8636517381033 2502.501652111633 2615.99730720229
 14291968 64 348.363 353.483 441.868 4140.086867571311 5175.275484252425 5251.338127183426 2070.0434337856555 2587.6377421262123 2625.669063591713
 15720448 64 384.55 388.087 397.795 5058.427944041529 5184.964567223329 5232.654645689768 2529.2139720207647 2592.4822836116646 2616.327322844884
 17292288 64 425.127 427.28 443.28 4993.261288576069 5180.23980527991 5206.474451164005 2496.6306442880345 2590.119902639955 2603.2372255820023
 19020800 64 462.226 471.874 508.222 4790.549012045917 5159.560391121359 5267.255411854807 2395.2745060229586 2579.7801955606797 2633.6277059274034
 20922368 64 508.242 512.22 551.052 4859.909961310366 5228.345445316465 5269.267600867303 2429.954980655183 2614.1727226582325 2634.6338004336517
 23014400 32 279.785 285.474 576.84 2553.4318008459886 5159.564793991748 5264.47665171471 1276.7159004229943 2579.782396995874 2632.238325857355
 25315328 32 309.009 313.437 362.039 4475.155969384515 5169.080204315381 5243.1514680802175 2237.5779846922574 2584.5401021576904 2621.5757340401087
 27846656 32 338.354 347.641 791.813 2250.766259205141 5126.512649543638 5267.223038592717 1125.3831296025705 2563.256324771819 2633.6115192963584
 30630912 32 370.845 378.459 466.835 4199.296042498956 5179.8962846702025 5286.247267726409 2099.648021249478 2589.9481423351012 2643.1236338632043
 33693696 32 412.162 419.496 435.005 4957.176455443042 5140.446020939414 5231.914984884585 2478.588227721521 2570.223010469707 2615.9574924422923
 37062656 32 448.34 452.567 472.505 5020.073827790182 5241.234964104762 5290.649917473346 2510.036913895091 2620.617482052381 2645.324958736673
 40768512 32 497.342 499.055 626.404 4165.338612141685 5228.250930258188 5246.258646967278 2082.6693060708426 2614.125465129094 2623.129323483639
 44845056 16 271.368 275.426 285.064 5034.103892459237 5210.262618634407 5288.176174051472 2517.0519462296184 2605.1313093172034 2644.088087025736
 49329152 16 297.076 301.474 312.806 5046.36376540092 5236.049755534475 5313.565767682344 2523.18188270046 2618.0248777672373 2656.782883841172
 54261760 16 326.161 327.023 335.128 5181.233200448784 5309.645865887109 5323.678551390264 2590.616600224392 2654.8229329435544 2661.839275695132
 59687936 16 359.253 364.553 509.454 3749.1391803774236 5239.331323566121 5316.626310705826 1874.5695901887118 2619.6656617830604 2658.313155352913
 65655808 16 396.833 403.626 437.089 4806.769001278915 5205.278787788696 5294.382916743314 2403.3845006394577 2602.639393894348 2647.191458371657
 72220672 16 438.471 440.585 468.377 4934.190841992668 5245.438460229014 5270.728289898306 2467.095420996334 2622.719230114507 2635.364144949153
 79441920 16 496.35 501.219 510.546 4979.260321303076 5071.917545025229 5121.671078875793 2489.630160651538 2535.9587725126144 2560.8355394378964
 87386112 8 284.794 290.554 299.401 4669.916907425159 4812.109941697585 4909.435563951488 2334.9584537125793 2406.0549708487924 2454.717781975744
 96123904 8 327.554 329.557 624.199 2463.9297147223883 4666.817770522246 4695.3554650530905 1231.9648573611942 2333.408885261123 2347.6777325265452
 105736192 8 354.444 369.252 627.996 2693.9328785533667 4581.6382091363075 4773.050388777917 1346.9664392766833 2290.8191045681538 2386.5251943889584
 116308992 8 410.208 418.995 519.032 3585.4125988378364 4441.4464898149145 4536.586005148607 1792.7062994189182 2220.7232449074572 2268.2930025743035
 127939584 8 451.666 457.346 464.31 4408.764282483685 4475.896463509028 4532.18383495769 2204.3821412418424 2237.948231754514 2266.091917478845
 140733440 8 477.555 498.283 549.058 4101.087753934921 4518.9882857733455 4715.132372187496 2050.5438769674606 2259.4941428866728 2357.566186093748
 154806272 8 528.62 549.249 598.611 4137.746135637334 4509.612856828141 4685.597124588551 2068.873067818667 2254.8064284140705 2342.7985622942756
 170286080 4 359.122 375.443 385.732 3531.697240571174 3628.483258444025 3793.386759931165 1765.848620285587 1814.2416292220125 1896.6933799655826
 187314176 4 393.837 407.784 422.872 3543.65720123347 3674.772448158829 3804.9076343766587 1771.828600616735 1837.3862240794144 1902.4538171883294
 206045184 4 411.411 439.433 445.144 3702.9848139029164 3751.1098893346652 4006.6052487658326 1851.4924069514582 1875.5549446673326 2003.3026243829163
 226649088 4 454.822 462.997 487.062 3722.7143649063155 3916.208321004239 3986.598502271218 1861.3571824531577 1958.1041605021196 1993.299251135609
 249313280 4 499.396 544.891 592.089 3368.5919515478245 3660.3765523746956 3993.837035138447 1684.2959757739122 1830.1882761873478 1996.9185175692235
 274244608 4 548.017 558.707 625.913 3505.210570798178 3926.8469233426467 4003.4467251928313 1752.605285399089 1963.4234616713234 2001.7233625964157
 301668352 4 622.516 662.231 693.309 3480.9108435055655 3644.2673568588602 3876.7627113198696 1740.4554217527827 1822.1336784294301 1938.3813556599348
 331834368 4 705.772 745.206 753.452 3523.349787378625 3562.337050426325 3761.37753268761 1761.6748936893125 1781.1685252131624 1880.688766343805
 365017088 2 565.59 608.47 616.696 2367.565789302995 2399.5732772363467 2581.4960519103943 1183.7828946514976 1199.7866386181734 1290.7480259551971
 401518592 2 647.172 699.651 712.304 2254.759720568746 2295.5364431695234 2481.680863819819 1127.379860284373 1147.7682215847617 1240.8404319099095
 441669632 2 751.868 788.768 817.751 2160.411333034139 2239.7948801168404 2349.7190038677 1080.2056665170694 1119.8974400584202 1174.85950193385
 485835776 2 1006.526 1054.385 1082.688 1794.9243955784123 1843.1057953214433 1930.7430746945433 897.4621977892061 921.5528976607217 965.3715373472717
 534418432 2 1625.535 1678.314 1712.007 1248.6360908571053 1273.703090124971 1315.058567179421 624.3180454285526 636.8515450624855 657.5292835897105
 587859968 2 2856.341 2981.234 3049.753 771.0263329522095 788.7471671126789 823.2349961016558 385.51316647610474 394.37358355633944 411.6174980508279
 646645760 2 5341.125 5404.914 5485.686 471.51496458236943 478.5613684140025 484.27682183060676 235.75748229118471 239.28068420700126 242.13841091530338
 711310336 1 4988.404 5080.868 10148.451 140.18106526799016 279.99559760261434 285.185536696707 70.09053263399508 139.99779880130717 142.5927683483535
 782440448 1 5496.767 5525.671 5904.12 265.04896512943503 283.201966964736 284.6911459044926 132.52448256471752 141.600983482368 142.3455729522463
 860684288 1 5982.086 6021.74 6167.222 279.1157146605068 285.8590002225271 287.75389989378283 139.5578573302534 142.92950011126354 143.87694994689141
 946752512 1 6589.153 6622.426 6880.959 275.18039622093374 285.9231683374038 287.3669838900387 137.59019811046687 142.9615841687019 143.68349194501934
 1041427456 1 7218.662 7238.63 7269.448 286.52174305394306 287.74159088114743 288.53753119345384 143.26087152697153 143.87079544057372 144.26876559672692
 1145569280 1 7925.757 7934.564 7983.415 286.98728050589875 288.7541848550216 289.07504481906267 143.49364025294938 144.3770924275108 144.53752240953133
 1260126208 1 8721.057 8742.777 8794.444 286.57325193042334 288.26680767449517 288.98474301910875 143.28662596521167 144.13340383724758 144.49237150955437
 
META_DATA
 FLOPS          8
 MPI_PROCS      128
 ERT_VERSION  1.1.0
 HOSTNAME  ('tcn299.local.snellius.surf.nl', [], ['172.18.57.53'])
 UNAME  uname_result(system='Linux', node='tcn299.local.snellius.surf.nl', release='4.18.0-372.80.1.el8_6.x86_64', version='#1 SMP Fri Nov 3 14:30:16 EDT 2023', machine='x86_64', processor='x86_64')
 TIMESTAMP_DATA  1707397658.8283608
 CONFIG  {'ERT_RESULTS': ['Results.snellius.01'], 'ERT_DRIVER': ['driver1'], 'ERT_KERNEL': ['kernel1'], 'ERT_MPI': ['True'], 'ERT_MPI_CFLAGS': [], 'ERT_MPI_LDFLAGS': [], 'ERT_OPENMP': ['False'], 'ERT_OPENMP_CFLAGS': ['-fopenmp'], 'ERT_OPENMP_LDFLAGS': ['-fopenmp'], 'ERT_FLOPS': ['1,2,4,8,16,32'], 'ERT_ALIGN': ['32'], 'ERT_CC': ['mpic++'], 'ERT_CFLAGS': ['-Ofast', '-fargument-noalias', '-mavx2'], 'ERT_LD': ['mpic++'], 'ERT_LDFLAGS': [], 'ERT_LDLIBS': [], 'ERT_RUN': ['export', 'OMP_NUM_THREADS=ERT_OPENMP_THREADS;', 'mpirun', '-np', 'ERT_MPI_PROCS', 'ERT_CODE'], 'ERT_PROCS_THREADS': ['32,64,128'], 'ERT_MPI_PROCS': ['32,64,128'], 'ERT_OPENMP_THREADS': [], 'ERT_NUM_EXPERIMENTS': ['5'], 'ERT_MEMORY_MAX': ['1357905920'], 'ERT_WORKING_SET_MIN': ['1'], 'ERT_TRIALS_MIN': ['1'], 'ERT_GNUPLOT': ['gnuplot'], 'ERT_GPU': [False], 'ERT_HIP': [False], 'ERT_PRECISION': ['FP64'], 'ERT_OCL': [False], 'ERT_SYCL': [False], 'ERT_WSS_MULT': [1.1]}
 TIMESTAMP_DATA  1707397685.4099722
 TIMESTAMP_DATA  1707397712.0516992
 TIMESTAMP_DATA  1707397739.3295581
 TIMESTAMP_DATA  1707397767.0124252
 