fp64
 512 2097152 1225.917 1230.545 1249.971 1718.0267766212176 1745.1484082256238 1751.7365759672148 107.3766735388261 109.07177551410149 109.48353599795092
 1024 1048576 615.543 624.119 642.613 3341.799260207932 3440.8240223418934 3488.763007620914 208.86245376299576 215.05150139636834 218.04768797630712
 1536 524288 306.564 306.955 789.73 2039.4473250351386 5247.064670717206 5253.756918620582 127.46545781469617 327.9415419198254 328.35980741378637
 2048 524288 205.966 206.036 222.016 9672.652637647738 10422.856432856395 10426.398764844684 604.5407898529836 651.4285270535247 651.6499228027927
 2560 524288 306.714 320.601 415.468 6461.038058286077 8372.882679717157 8751.979237987181 403.8148786428798 523.3051674823223 546.9987023741988
 3072 262144 154.93 155.381 205.064 7854.195451176218 10365.570668228418 10395.744762150647 490.8872156985136 647.8481667642761 649.7340476344154
 3584 262144 155.491 155.661 168.566 11147.255033636675 12071.412826591117 12084.610633412865 696.7034396022922 754.4633016619448 755.2881645883041
 4096 262144 155.381 155.461 156.323 13737.477197853163 13813.648747917483 13820.760890971225 858.5923248658227 863.3530467448427 863.7975556857016
 4608 262144 155.702 156.093 205.636 11748.522165379602 15477.433991274433 15516.301036595547 734.2826353362251 967.339624454652 969.7688147872217
 5120 262144 155.852 156.783 205.265 13077.507417241128 17121.464444486966 17223.741498344585 817.3442135775705 1070.0915277804354 1076.4838436465366
 5632 131072 79.679 79.73 105.457 13999.971628246585 18517.43393954597 18529.286361525617 874.9982267654116 1157.339621221623 1158.080397595351
 6144 131072 130.334 207.579 216.395 7442.929531643522 7759.035046897808 12357.579265579203 465.1830957277201 484.939690431113 772.3487040987002
 6656 131072 155.461 179.907 218.349 7991.0165102656765 9698.513476407255 11223.589607682954 499.4385318916048 606.1570922754535 701.4743504801846
 7168 131072 130.164 154.81 216.906 8662.960877061952 12137.770118209419 14436.005285639654 541.435054816372 758.6106323880887 902.2503303524784
 7680 131072 130.264 135.093 206.256 9761.00535257156 14902.814505562834 15455.274826506171 610.0628345357225 931.4259065976771 965.9546766566357
 8192 131072 230.402 331.821 340.418 6308.372788747952 6471.8135621313895 9320.594647615906 394.273299296747 404.48834763321184 582.5371654759941
 8704 131072 180.828 230.502 330.96 6894.190766255741 9898.835480820124 12618.07560775986 430.88692289098384 618.6772175512577 788.6297254849912
 9216 131072 161.422 230.261 241.342 10010.355031449146 10492.089863242147 14966.479810682558 625.6471894655716 655.7556164526342 935.4049881676599
 9728 131072 155.572 231.334 251.561 10137.250336896419 11023.614479497177 16392.00390815828 633.5781460560262 688.9759049685736 1024.5002442598925
 10240 131072 180.949 255.358 255.76 10495.599624648108 10512.12243203659 14834.868167273651 655.9749765405068 657.0076520022869 927.1792604546032
 11264 65536 105.677 129.352 154.94 9528.81765844843 11413.777970189869 13970.826272509627 595.5511036530269 713.3611231368668 873.1766420318517
 12288 65536 117.45 173.565 173.786 9267.793355045862 9279.594019531587 13713.177828863345 579.2370846903664 579.9746262207242 857.0736143039591
 13312 65536 155.291 155.472 172.593 10109.508867682931 11222.795513018422 11235.876283879941 631.8443042301832 701.4247195636514 702.2422677424963
 14336 65536 218.539 242.845 243.586 7714.105868153341 7737.64414338364 8598.22819725541 482.13161675958384 483.6027589614775 537.3892623284631
 15360 65536 155.592 186.46 217.958 9236.9443654282 10797.307304515713 12939.392256671292 577.3090228392625 674.831706532232 808.7120160419557
 16896 65536 168.406 188.964 230.542 9606.026285882832 11719.65301327237 13150.318349702502 600.376642867677 732.4783133295231 821.8948968564064
 18432 65536 193.983 194.896 218.72 11045.716459400146 12395.939906411624 12454.282612393868 690.3572787125091 774.7462441507265 778.3926632746168
 19968 65536 180.478 194.203 229.98 11380.318705974432 13476.855125821949 14501.743680670219 711.269919123402 842.3034453638718 906.3589800418887
 21504 32768 98.634 103.694 128.39 10976.60366072124 13590.816672131463 14288.036011922864 686.0377287950776 849.4260420082164 893.002250745179
 23552 32768 104.656 105.007 134.813 11449.221306550557 14699.056939061205 14748.355297355143 715.5763316594098 918.6910586913253 921.7722060846964
 25600 32768 111.138 123.291 136.255 12313.101170599244 13607.81890000081 15095.841206428044 769.5688231624528 850.4886812500506 943.4900754017527
 28160 32768 117.38 147.356 741.209 2489.8426219865114 12524.048969841746 15722.38677798603 155.61516387415696 782.7530606151091 982.6491736241269
 30720 32768 161.623 161.984 173.445 11607.517772204445 12428.79494271039 12456.555811982205 725.4698607627778 776.7996839193994 778.5347382488878
 33792 32768 136.456 140.824 702.095 3154.2633290366684 15725.959438732032 16229.352406636572 197.14145806479178 982.872464920752 1014.3345254147857
 36864 32768 159.398 176.961 189.956 12718.308997873191 13652.268601556274 15156.520809545917 794.8943123670745 853.2667875972671 947.2825505966198
 40448 32768 161.653 178.996 180.098 14718.653888438517 14809.270195982033 16398.088052804465 919.9158680274073 925.5793872488771 1024.880503300279
 44032 16384 86.412 86.522 98.965 14579.30153084424 16675.996578904786 16697.22464472527 911.206345677765 1042.249786181549 1043.5765402953293
 48128 16384 92.433 92.494 105.277 14980.084006953084 17050.38493307674 17061.637120941654 936.2552504345678 1065.6490583172963 1066.3523200588534
 52736 16384 98.555 103.665 110.517 15636.085380529692 16669.591935561664 17533.89729592613 977.2553362831057 1041.849495972604 1095.8685809953831
 57856 16384 108.623 109.104 110.056 17226.00683288508 17376.31441560346 17453.25951225799 1076.6254270553175 1086.0196509752163 1090.8287195161245
 63488 16384 133.27 133.571 137.818 15095.087608294998 15575.048356304886 15610.22573722518 943.4429755184374 973.4405222690554 975.6391085765738
 69632 16384 142.707 142.768 143.018 15953.94548937896 15981.88232657178 15988.713770172451 997.121593086185 998.8676454107363 999.2946106357782
 76288 16384 142.547 193.072 205.314 12175.522292683401 12947.528300323196 17536.70848211467 760.9701432927126 809.2205187701998 1096.044280132167
 83456 8192 137.939 138.149 153.798 8890.512906539747 9897.596826614741 9912.665047593502 555.6570566587342 618.5998016634213 619.5415654745939
 91648 8192 150.082 153.658 175.258 8567.716349610288 9772.096682242383 10004.936181554083 535.482271850643 610.756042640149 625.3085113471302
 100352 8192 97.182 97.433 111.79 14707.64082654978 16874.84905524822 16918.433125475913 919.2275516593612 1054.6780659530139 1057.4020703422445
 110080 8192 95.879 101.3 113.563 15881.49943203332 17804.054491609084 18810.69598139321 992.5937145020825 1112.7534057255677 1175.6684988370757
 120832 8192 113.092 117.871 125.115 15823.134620149463 16795.577266672888 17505.318572489654 988.9459137593415 1049.7235791670555 1094.0824107806034
 132608 8192 112.931 118.572 119.164 18232.43153972676 18323.461458017067 19238.734023430236 1139.5269712329225 1145.2163411260667 1202.4208764643897
 145408 8192 131.827 132.087 137.298 17351.7798656936 18036.3296312279 18071.902356876817 1084.48624160585 1127.2706019517439 1129.493897304801
 159744 8192 143.649 144.08 183.424 14268.829030006977 18165.225541365904 18219.72792013867 891.801814375436 1135.326596335369 1138.7329950086669
 175616 4096 77.425 80.02 91.872 15659.246255660048 17978.583754061485 18581.15947045528 978.702890978753 1123.6614846288428 1161.322466903455
 193024 4096 99.656 104.556 107.902 14654.52547682156 15123.499445273348 15867.108934735488 915.9078423013475 945.2187153295843 991.694308420968
 211968 4096 105.578 105.758 105.899 16397.15064353771 16419.011857259025 16447.004641118416 1024.8219152211068 1026.188241078689 1027.937790069901
 232960 4096 113.743 114.073 131.116 14555.113944903746 16729.710974551384 16778.248507600467 909.6946215564841 1045.6069359094615 1048.6405317250292
 256000 4096 124.754 125.615 631.352 3321.68425854357 16695.076224973134 16810.298667778185 207.60526615897314 1043.442264060821 1050.6436667361365
 281600 4096 132.879 133.16 724.768 3182.904322486644 17324.025232802644 17360.66045048503 198.93152015541526 1082.7515770501652 1085.0412781553143
 309760 4096 143.419 144.782 148.658 17069.743437958266 17526.722382616623 17693.289731486064 1066.8589648723917 1095.420148913539 1105.830608217879
 340480 2048 79.56 79.879 82.435 16917.64517498635 17458.982711350916 17528.98541980895 1057.352823436647 1091.1864194594323 1095.5615887380593
 374272 2048 86.151 86.562 97.152 15779.583662714096 17710.058824888518 17794.548084177783 986.223978919631 1106.8786765555324 1112.1592552611114
 411648 2048 94.257 94.638 112.15 15034.420044583148 17816.41843656882 17888.434896081988 939.6512527864468 1113.5261522855512 1118.0271810051242
 452608 2048 102.813 103.133 103.615 17892.026907301068 17975.6466698341 18031.594915039925 1118.2516817063167 1123.4779168646312 1126.9746821899953
 497664 2048 111.389 111.709 119.884 17003.367788862564 18247.694850012085 18300.117103125085 1062.7104868039103 1140.4809281257553 1143.7573189453178
 547328 2048 119.484 120.366 133.25 16824.431429643526 18625.321835069703 18762.809145994444 1051.5269643527204 1164.0826146918564 1172.6755716246528
 601600 2048 130.063 137.097 162.444 15169.249710669525 17973.796654923157 18945.84624374342 948.0781069168453 1123.3622909326973 1184.1153902339638
 661504 2048 142.707 143.539 147.176 18410.06946784802 18876.544939006126 18986.597602079786 1150.6293417405013 1179.7840586878829 1186.6623501299866
 727552 1024 79.358 80.51 95.98 15524.343571577412 18507.346863743634 18776.008669573326 970.2714732235883 1156.7091789839772 1173.500541848333
 800256 1024 86.251 86.302 86.702 18902.958270858802 18990.571342494957 19001.80041970528 1181.4348919286751 1186.9107089059348 1187.61252623158
 880128 1024 93.906 94.006 98.615 18278.174152005275 19174.330829947026 19194.74947287713 1142.3858845003297 1198.3956768716891 1199.6718420548207
 967680 1024 102.372 102.482 102.912 19257.313432835817 19338.114400577662 19358.893447427028 1203.5820895522386 1208.632150036104 1209.9308404641893
 1064448 1024 111.969 112.21 115.707 18840.60172677539 19427.76494073612 19469.580901856763 1177.5376079234618 1214.2353087960075 1216.8488063660477
 1170432 1024 122.279 122.58 136.165 17603.97118202181 19554.941556534504 19603.077683003623 1100.2481988763632 1222.1838472834065 1225.1923551877264
 1287168 1024 133.911 134.722 147.536 17867.639518490403 19567.109039355113 19685.61256356834 1116.7274699056502 1222.9443149596946 1230.3507852230211
 1415680 512 75.371 75.471 75.672 19157.103287873982 19208.123915146214 19233.608682384474 1197.318955492124 1200.5077446966384 1202.1005426490296
 1556992 512 82.164 82.555 83.546 19083.616307184067 19312.698298104293 19404.603086509906 1192.7260191990042 1207.0436436315183 1212.787692906869
 1712640 512 89.868 90.339 102.262 17149.51164655493 19412.91535217348 19514.658832955003 1071.844477909683 1213.3072095108425 1219.6661770596877
 1883648 512 98.715 99.095 101.03 19091.908858754825 19464.71115596145 19539.639892620165 1193.2443036721766 1216.5444472475906 1221.2274932887603
 2071552 512 107.582 107.701 146.916 14438.65370688012 19695.910418659067 19717.69671506386 902.4158566800076 1230.9944011661917 1232.3560446914912
 2278400 512 117.611 117.68 117.831 19800.23593112169 19825.642420122364 19837.273724396524 1237.5147456951056 1239.1026512576477 1239.8296077747827
 2506240 512 128.47 128.691 129.172 19868.003592109744 19942.262939910324 19976.568537401727 1241.750224506859 1246.3914337443953 1248.535533587608
 2756608 256 73.177 73.658 78.277 18030.62580323722 19161.30353797279 19287.252770679308 1126.9141127023263 1197.5814711232995 1205.4532981674568
 3032064 256 80.561 85.26 105.077 14774.087269335821 18208.031527093593 19270.078176785293 923.3804543334888 1138.0019704433496 1204.3798860490808
 3335168 256 87.654 87.784 93.254 18311.343384734166 19452.3605212795 19481.210395418348 1144.4589615458854 1215.7725325799688 1217.5756497136467
 3668480 256 95.849 96.0 99.286 18917.689905928328 19565.226666666666 19596.04961971434 1182.3556191205205 1222.8266666666666 1224.7531012321463
 4035072 256 104.957 106.039 109.876 18802.62171902872 19482.990824130742 19683.840658555408 1175.163857439295 1217.6869265081714 1230.240041159713
 4438528 256 114.765 115.015 128.901 17630.013234963266 19758.521375472763 19801.562636692368 1101.8758271852041 1234.9075859670477 1237.597664793273
 4881920 256 125.956 126.096 130.244 19191.23368446915 19822.540286765638 19844.573025500966 1199.4521052793218 1238.9087679228523 1240.2858140938104
 5369856 128 72.826 72.946 73.407 18726.867138011363 18845.21613248156 18876.268585395326 1170.4291961257102 1177.8260082800975 1179.766786587208
 5906432 128 79.569 79.77 97.072 15576.54722268007 18955.07824996866 19002.96085158793 973.5342014175044 1184.6923906230413 1187.6850532242456
 6496768 128 87.113 87.233 87.494 19008.99042220038 19065.865073997225 19092.128706392847 1188.0619013875237 1191.6165671248266 1193.258044149553
 7145984 128 95.319 95.378 95.539 19147.907179267106 19180.229235253413 19192.101301944 1196.744198704194 1198.7643272033383 1199.5063313715
 7860224 128 104.456 104.656 104.866 19188.462838288866 19226.965907353617 19263.77942865896 1199.2789273930541 1201.685369209601 1203.986214291185
 8646144 128 114.485 115.006 119.594 18507.725002926567 19246.0642401266 19333.649508669256 1156.7328126829104 1202.8790150079126 1208.3530942918285
 9510400 128 125.595 130.464 147.836 16468.67068914202 18661.564876134413 19385.02647398384 1029.2919180713764 1166.3478047584008 1211.56415462399
 10461184 128 137.487 137.657 157.154 17041.01139010143 19454.60894832809 19478.664193705587 1065.0632118813394 1215.9130592705055 1217.4165121065992
 11507200 64 81.172 81.383 85.641 17198.79029903901 18098.639765061504 18145.6857044301 1074.9243936899381 1131.164985316344 1134.1053565268812
 12657664 64 88.796 89.628 90.119 17978.239794050092 18076.728165305485 18246.103337988196 1123.6399871281308 1129.7955103315928 1140.3814586242622
 13923328 64 97.523 98.214 119.514 14911.943236775609 18145.946443480563 18274.51969279042 931.9964522984756 1134.1216527175352 1142.1574807994014
 15315456 64 106.81 106.95 122.64 15984.820352250488 18329.858513323983 18353.88416814905 999.0512720156555 1145.616157082749 1147.1177605093155
 16846848 64 117.641 117.71 123.782 17420.92181415715 18319.569654234987 18330.314635203715 1088.807613384822 1144.9731033896867 1145.6446647002322
 18531328 64 128.371 133.631 141.855 16721.370300659124 17750.447007056748 18477.771334647234 1045.0856437911953 1109.4029379410467 1154.860708415452
 20384256 64 141.085 141.365 141.896 18388.00789310481 18457.077551020408 18493.70782152603 1149.2504933190505 1153.5673469387755 1155.8567388453769
 22422528 32 87.013 87.043 87.483 16403.66462055485 16486.58469951633 16492.268879362855 1025.229038784678 1030.4115437197706 1030.7668049601784
 24664576 32 95.248 95.699 105.728 14930.130750605329 16494.768639170736 16572.871493364688 933.1331719128331 1030.923039948171 1035.804468335293
 27130880 32 105.267 105.288 113.102 15352.304291701295 16491.683002811336 16494.972973486467 959.519018231331 1030.7301876757085 1030.9358108429042
 29843968 32 114.504 114.905 115.106 16593.522075304503 16622.54864453244 16680.761824914414 1037.0951297065315 1038.9092902832774 1042.547614057151
 32827904 32 125.665 135.994 137.057 15329.285304654268 15449.106990014263 16718.942076154854 958.0803315408917 965.5691868758914 1044.9338797596783
 36110336 32 137.728 138.079 156.393 14777.269468582354 16737.241028686476 16779.895910780666 923.5793417863971 1046.0775642929048 1048.7434944237916
 39720960 32 151.675 152.336 186.84 13605.980732177264 16687.72607919336 16760.451227954505 850.373795761079 1042.982879949585 1047.5282017471566
 43693056 16 102.792 117.049 117.47 11902.424380692943 11945.234833274952 13602.0098062106 743.9015237933089 746.5771770796845 850.1256128881626
 48061952 16 110.487 116.248 125.635 12241.672018147809 13230.184295643796 13920.03099007123 765.104501134238 826.8865184777372 870.0019368794518
 52868096 16 137.878 148.418 287.859 5877.110224102774 11398.745920306163 12270.116131652621 367.31938900642336 712.4216200191352 766.8822582282888
 58154496 16 146.094 149.28 168.736 11028.730513938935 12466.129903536978 12737.989732637892 689.2956571211835 779.1331189710611 796.1243582898683
 63969792 16 158.086 174.547 181.249 11294.039382286246 11727.691361066074 12948.859127310448 705.8774613928904 732.9807100666296 809.303695456903
 70366720 16 178.955 193.642 263.513 8545.062444737072 11628.340132822424 12582.68860886815 534.066402796067 726.7712583014015 786.4180380542593
 77403136 16 197.801 208.701 295.123 8392.773020062821 11868.176731304593 12522.183163886937 524.5483137539263 741.7610457065371 782.6364477429336
 85143040 8 145.333 168.947 217.047 6276.468414675162 8063.408287806235 9373.567187080705 392.27927591719765 503.9630179878897 585.8479491925441
 93657088 8 180.488 187.532 212.799 7041.919407516012 7990.707761875306 8302.565311821285 440.11996296975076 499.4192351172066 518.9103319888303
 103022592 8 197.4 203.943 223.839 7364.049481993754 8082.461628984568 8350.3620668693 460.2530926246096 505.1538518115355 521.8976291793313
 113324544 8 197.52 218.7 237.676 7628.842222184824 8290.77596707819 9179.792952612393 476.8026388865515 518.1734979423869 573.7370595382746
 124656640 8 225.903 248.355 256.48 7776.45913911416 8030.868071913188 8829.038304050855 486.028696194635 501.92925449457425 551.8148940031784
 137122304 8 233.067 289.422 342.252 6410.355130138027 7580.4771717423 9413.417017424174 400.64719563362667 473.77982323389375 588.3385635890108
 150834176 8 252.774 289.833 337.442 7151.88629749705 8326.680591927074 9547.448772421214 446.9928935935656 520.4175369954421 596.7155482763259
 165917184 8 294.101 304.34 336.46 7890.016477441599 8722.727686140503 9026.405704162855 493.12602984009993 545.1704803837814 564.1503565101784
 182508544 4 275.145 326.772 373.57 3908.419712503681 4468.156243496996 5306.541467226372 244.27623203148005 279.2597652185622 331.65884170164827
 200759296 4 298.339 303.378 346.84 4630.59153500173 5293.9711119461535 5383.387247393066 289.41197093760815 330.8731944966346 336.4617029620666
 220834816 4 308.177 332.784 373.3 4732.597181891239 5308.784460791384 5732.67481998981 295.78732386820246 331.7990287994615 358.29217624936314
 242917888 4 404.678 426.759 513.963 3781.0953395477886 4553.724945461021 4802.196076880878 236.3184587217368 284.6078090913138 300.13725480505485
 267209216 4 543.468 653.063 680.114 3143.110901995842 3273.3039967047594 3933.393921997248 196.44443137474013 204.58149979404746 245.837120124828
 293929984 4 1282.933 1343.998 1447.01 1625.0336017028214 1749.5858416455974 1832.8625672579938 101.56460010642634 109.34911510284984 114.55391045362461
 323322880 4 2641.138 2685.161 2705.919 955.8981772920771 963.2878773377089 979.3441463490359 59.74363608075482 60.205492333606806 61.20900914681474
 355655168 2 4290.778 4302.981 4351.211 326.94821556573555 330.61281748629614 331.55308244798493 20.434263472858472 20.66330109289351 20.72206765299906
 391220224 2 5114.461 5141.963 5148.835 303.92912105359756 304.335308519334 305.97181130132776 18.995570065849847 19.020956782458374 19.123238206332985
 430342144 2 5956.679 5992.656 6045.785 284.7220958072442 287.2463522017616 288.98125549488225 17.795130987952763 17.9528970126101 18.06132846843014
 473376256 2 6754.774 6805.118 6838.26 276.8986590155975 278.24719924033644 280.321003189744 17.306166188474844 17.390449952521028 17.520062699359
 520713728 2 7532.301 7581.783 7608.213 273.76401160167313 274.71834949641794 276.5230587572111 17.11025072510457 17.16989684352612 17.282691172325695
 572784640 2 8343.109 8378.987 8445.572 271.28281660496174 273.43861018044305 274.6144824429358 16.95517603781011 17.08991313627769 17.163405152683488
 630063104 2 9169.227 9184.425 9286.667 271.3839546524065 274.40502981950425 274.8598563433973 16.961497165775405 17.150314363719016 17.178741021462333
 693069312 1 5039.851 5050.24 5112.828 271.1099657567201 274.4698517298188 275.0356357757402 16.944372859795006 17.154365733113675 17.189727235983764
 762376192 1 5546.821 5572.739 5600.903 272.2333138067201 273.60915054518074 274.88761292278946 17.014582112920007 17.100571909073796 17.18047580767434
 838613504 1 6107.371 6133.74 6160.912 272.2368064987781 273.44279477121626 274.6234030976667 17.01480040617363 17.090174673201016 17.16396269360417
 922474496 1 6692.808 6728.886 6788.818 271.76291837548155 274.18342233766475 275.6614252194296 16.985182398467597 17.136463896104047 17.22883907621435
 1014721536 1 7380.416 7391.948 7461.688 271.981764984009 274.5478014726294 274.9767861323806 16.99886031150056 17.159237592039336 17.186049133273787
 1116193280 1 8084.975 8135.841 8176.197 273.0348302517662 274.3891578018794 276.11545613932014 17.064676890735388 17.14932236261746 17.25721600870751
 1227812352 1 8911.043 8948.113 8994.51 273.0137277072347 274.42933543642107 275.5709633541214 17.06335798170217 17.151833464776317 17.223185209632586
 1350593536 1 9835.515 9857.477 9877.504 273.46858801575786 274.0241820498288 274.63605840670266 17.091786750984866 17.1265113781143 17.164753650418916
 
META_DATA
 FLOPS          1
 MPI_PROCS      64
 ERT_VERSION  1.1.0
 HOSTNAME  ('tcn299.local.snellius.surf.nl', [], ['172.18.57.53'])
 UNAME  uname_result(system='Linux', node='tcn299.local.snellius.surf.nl', release='4.18.0-372.80.1.el8_6.x86_64', version='#1 SMP Fri Nov 3 14:30:16 EDT 2023', machine='x86_64', processor='x86_64')
 TIMESTAMP_DATA  1707396800.1000729
 CONFIG  {'ERT_RESULTS': ['Results.snellius.01'], 'ERT_DRIVER': ['driver1'], 'ERT_KERNEL': ['kernel1'], 'ERT_MPI': ['True'], 'ERT_MPI_CFLAGS': [], 'ERT_MPI_LDFLAGS': [], 'ERT_OPENMP': ['False'], 'ERT_OPENMP_CFLAGS': ['-fopenmp'], 'ERT_OPENMP_LDFLAGS': ['-fopenmp'], 'ERT_FLOPS': ['1,2,4,8,16,32'], 'ERT_ALIGN': ['32'], 'ERT_CC': ['mpic++'], 'ERT_CFLAGS': ['-Ofast', '-fargument-noalias', '-mavx2'], 'ERT_LD': ['mpic++'], 'ERT_LDFLAGS': [], 'ERT_LDLIBS': [], 'ERT_RUN': ['export', 'OMP_NUM_THREADS=ERT_OPENMP_THREADS;', 'mpirun', '-np', 'ERT_MPI_PROCS', 'ERT_CODE'], 'ERT_PROCS_THREADS': ['32,64,128'], 'ERT_MPI_PROCS': ['32,64,128'], 'ERT_OPENMP_THREADS': [], 'ERT_NUM_EXPERIMENTS': ['5'], 'ERT_MEMORY_MAX': ['1357905920'], 'ERT_WORKING_SET_MIN': ['1'], 'ERT_TRIALS_MIN': ['1'], 'ERT_GNUPLOT': ['gnuplot'], 'ERT_GPU': [False], 'ERT_HIP': [False], 'ERT_PRECISION': ['FP64'], 'ERT_OCL': [False], 'ERT_SYCL': [False], 'ERT_WSS_MULT': [1.1]}
 TIMESTAMP_DATA  1707396814.932428
 TIMESTAMP_DATA  1707396829.8905795
 TIMESTAMP_DATA  1707396844.7277617
 TIMESTAMP_DATA  1707396859.4782512
 