fp64
 512 2097152 1599.674 1700.038 1830.358 1173.2588094788014 1263.1974391160668 1342.4508043513868 146.65735118485017 157.89967988950835 167.80635054392334
 1024 1048576 791.066 792.709 968.667 2216.947256384289 2709.04411076448 2714.6706444215783 277.11840704803615 338.63051384556 339.3338305526973
 1536 524288 413.452 568.576 614.248 2622.0886938174804 2832.7131922557405 3895.5253233749017 327.76108672718505 354.08914903196757 486.9406654218627
 2048 524288 265.589 265.799 311.501 6893.986369225139 8079.351871150758 8085.740177492291 861.7482961531424 1009.9189838938447 1010.7175221865364
 2560 524288 266.043 269.476 310.435 8647.07446003189 9961.386394335674 10089.92741774826 1080.8843075039863 1245.1732992919592 1261.2409272185325
 3072 262144 213.899 223.829 225.765 7134.023147963591 7195.728596383846 7529.781513705067 891.7528934954489 899.4660745479807 941.2226892131333
 3584 262144 134.267 134.299 134.649 13955.158909460893 13991.527799909158 13994.862415932432 1744.3948636826117 1748.9409749886447 1749.357801991554
 4096 262144 199.856 200.304 314.372 6831.027088926496 10721.122134355779 10745.154751421025 853.878386115812 1340.1402667944724 1343.1443439276281
 4608 262144 200.256 200.384 313.471 7706.993961163871 12056.447141488343 12064.153403643335 963.3742451454839 1507.0558926860429 1508.0191754554169
 5120 262144 278.354 298.923 306.848 8748.15726353113 8980.087045827857 9643.671583666843 1093.5196579413912 1122.510880728482 1205.4589479583553
 5632 131072 101.394 101.515 101.895 14489.3763972717 14543.61432300645 14560.970156025009 1811.1720496589626 1817.9517903758062 1820.121269503126
 6144 131072 169.254 170.246 193.751 8312.797022983106 9460.502660855467 9515.950795845298 1039.0996278728883 1182.5628326069334 1189.4938494806622
 6656 131072 232.045 239.469 246.686 7073.082639468797 7286.247756494578 7519.362468486717 884.1353299335997 910.7809695618223 939.9203085608397
 7168 131072 166.98 167.561 210.964 8906.961339375437 11214.114215121655 11253.13326146844 1113.3701674219296 1401.764276890207 1406.641657683555
 7680 131072 167.15 167.31 211.866 9502.5436832715 12033.147570378338 12044.665988632963 1187.8179604089376 1504.1434462972923 1505.5832485791204
 8192 131072 286.883 295.687 296.509 7242.558060632224 7262.692130529919 7485.57303151459 905.319757579028 907.8365163162399 935.6966289393238
 8704 131072 167.612 200.274 296.248 7701.9975696038455 11392.898608905798 13612.995346395246 962.7496962004807 1424.1123261132248 1701.6244182994058
 9216 131072 199.953 200.196 296.167 8157.286611945288 12067.76910627585 12082.434892199666 1019.660826493161 1508.4711382844812 1510.3043615249583
 9728 131072 201.429 202.367 299.864 8504.31139449884 12601.54487638795 12660.226839233675 1063.038924312355 1575.1931095484938 1582.5283549042094
 10240 131072 395.889 461.83 527.371 5090.068585492945 5812.430028365417 6780.573746681519 636.2585731866182 726.5537535456771 847.5717183351899
 11264 65536 202.287 234.439 235.071 6280.634395565595 6297.565712189525 7298.516503779283 785.0792994456993 787.1957140236906 912.3145629724104
 12288 65536 292.671 294.077 315.845 5099.377023540027 5476.840201715877 5503.151101407382 637.4221279425034 684.6050252144846 687.8938876759228
 13312 65536 281.941 304.794 314.777 5543.068470695128 5724.622085736596 6188.636856647314 692.883558836891 715.5777607170745 773.5796070809142
 14336 65536 200.344 263.695 265.769 7070.230884715674 7125.839291605833 9379.108892704548 883.7788605894592 890.7299114507291 1172.3886115880684
 15360 65536 199.893 232.936 265.198 7591.557704055083 8643.000309097777 10071.717969113475 948.9447130068854 1080.3750386372221 1258.9647461391844
 16896 65536 216.515 296.979 322.662 6863.505811034457 7457.0677118584135 10228.3560584717 857.9382263793071 932.1334639823017 1278.5445073089625
 18432 65536 248.275 261.712 322.628 7488.249947307735 9231.212569542093 9730.819067566206 936.0312434134669 1153.9015711927616 1216.3523834457758
 19968 65536 235.13 235.674 237.535 11018.35811985602 11105.364596858371 11131.058121039425 1377.2947649820026 1388.1705746072964 1391.382265129928
 21504 32768 126.203 166.068 167.15 8431.266192043075 8486.199291856346 11166.819679405402 1053.9082740053843 1060.7749114820433 1395.8524599256752
 23552 32768 198.09 199.663 203.761 7575.070165537076 7730.545328879161 7791.932313594831 946.8837706921345 966.3181661098952 973.9915391993538
 25600 32768 142.604 156.309 177.622 9445.460584837463 10733.365321254692 11764.898600319766 1180.682573104683 1341.6706651568365 1470.6123250399708
 28160 32768 150.931 157.131 182.16 10131.169082125603 11744.937408913582 12227.400335252532 1266.3961352657004 1468.1171761141977 1528.4250419065665
 30720 32768 167.01 167.251 169.715 11862.628052912234 12037.392422167877 12054.762708819831 1482.8285066140293 1504.6740527709846 1506.845338602479
 33792 32768 222.646 235.552 241.213 9181.066161442377 9401.713897568265 9946.697951007429 1147.6332701802971 1175.214237196033 1243.3372438759286
 36864 32768 226.937 227.165 305.896 7897.844705390067 10635.08508793168 10645.76998902779 987.2305881737584 1329.38563599146 1330.7212486284739
 40448 32768 232.646 284.618 314.953 8416.494295974322 9313.536487502548 11394.135845877428 1052.0617869967903 1164.1920609378185 1424.2669807346786
 44032 16384 130.17 150.528 172.4 8369.14487238979 9585.197278911566 11084.278835369134 1046.1431090487238 1198.1496598639458 1385.5348544211417
 48128 16384 157.792 182.55 187.82 8396.647343200937 8639.048501780333 9994.539038734536 1049.5809179001171 1079.8810627225416 1249.317379841817
 52736 16384 146.603 166.96 176.157 9809.733635336659 10350.10330618112 11787.297995266126 1226.2167044170824 1293.76291327264 1473.4122494082658
 57856 16384 158.894 187.822 198.861 9533.419866137654 10093.734535890364 11931.384495323928 1191.6774832672068 1261.7168169862955 1491.423061915491
 63488 16384 173.924 194.262 219.1 9495.092578731173 10709.118530644182 11961.401439709298 1186.8865723413967 1338.6398163305228 1495.1751799636622
 69632 16384 230.484 240.03 254.668 8959.513468515872 9505.900829063034 9899.608545495565 1119.939183564484 1188.2376036328792 1237.4510681869456
 76288 16384 195.074 195.855 216.585 11541.91280097883 12763.550504199537 12814.65076842634 1442.7391001223536 1595.443813024942 1601.8313460532925
 83456 8192 104.53 105.443 115.953 11792.218433330745 12967.604335991957 13080.867731751649 1474.0273041663431 1620.9505419989946 1635.108466468956
 91648 8192 112.806 113.648 124.188 12091.029986794214 13212.38237364494 13311.00147155293 1511.3787483492767 1651.5477967056174 1663.8751839441163
 100352 8192 179.314 181.127 194.573 8450.130120828688 9077.42726374312 9169.206910782204 1056.266265103586 1134.67840796789 1146.1508638477756
 110080 8192 131.112 132.275 142.563 12650.903249791321 13634.857078057079 13755.802062358902 1581.3629062239152 1704.3571347571349 1719.4752577948627
 120832 8192 143.355 144.548 154.926 12778.432851813124 13695.876027340397 13809.85307802309 1597.3041064766405 1711.9845034175496 1726.2316347528863
 132608 8192 153.596 154.777 212.928 10203.681394649833 14037.28895120076 14145.22169848173 1275.4601743312292 1754.661118900095 1768.1527123102162
 145408 8192 233.88 246.713 249.257 9557.864661774795 9656.421315455611 10186.269334701556 1194.7330827218493 1207.0526644319514 1273.2836668376945
 159744 8192 182.449 193.982 256.264 10213.083757375205 13492.209050324258 14345.081069230306 1276.6354696719006 1686.5261312905322 1793.1351336537882
 175616 4096 99.151 100.523 139.417 10319.016131461729 14311.612984093192 14509.649645490212 1289.8770164327161 1788.951623011649 1813.7062056862765
 193024 4096 152.702 154.075 198.48 7966.81080209593 10262.875924062957 10355.15322654582 995.8513502619912 1282.8594905078696 1294.3941533182276
 211968 4096 132.696 133.937 139.658 12433.529450514829 12964.616618260821 13085.86435160065 1554.1911813143536 1620.5770772826027 1635.7330439500813
 232960 4096 245.59 267.803 281.954 6768.509473176476 7126.164830117661 7770.708579339549 846.0636841470595 890.7706037647076 971.3385724174436
 256000 4096 151.282 155.989 161.149 13013.745043407032 13444.230041861925 13862.534868655886 1626.718130425879 1680.5287552327407 1732.8168585819858
 281600 4096 168.244 168.323 174.014 13256.79083292149 13705.002881364995 13711.438149354508 1657.0988541151862 1713.1253601706244 1713.9297686693135
 309760 4096 182.352 182.67 183.272 13845.835261251037 13891.465046258281 13915.690093884357 1730.7294076563796 1736.4331307822852 1739.4612617355447
 340480 2048 101.033 103.299 103.789 13436.935320698723 13500.673578640644 13803.470945136736 1679.6169150873404 1687.5841973300805 1725.433868142092
 374272 2048 168.393 176.769 204.221 7506.662449013568 8672.437542781821 9103.811393585243 938.332806126696 1084.0546928477277 1137.9764241981554
 411648 2048 117.916 118.817 172.832 9755.775597111648 14190.816196335543 14299.248685504937 1219.471949638956 1773.852024541943 1787.4060856881172
 452608 2048 128.276 129.259 186.858 9921.343308822743 14342.385195615008 14452.293242695438 1240.1679136028429 1792.798149451876 1806.5366553369297
 497664 2048 139.337 140.239 193.333 10543.630647639047 14535.412716861927 14629.507912471205 1317.953830954881 1816.9265896077409 1828.6884890589006
 547328 2048 151.791 151.822 152.031 14746.041846728627 14766.341426143774 14769.35712921056 1843.2552308410784 1845.7926782679717 1846.16964115132
 601600 2048 236.733 260.412 295.257 8345.792309750488 9462.519392347513 10408.999167838872 1043.224038718811 1182.814924043439 1301.124895979859
 661504 2048 183.732 184.283 215.704 12561.28947075622 14703.040345555479 14747.133781812641 1570.1611838445276 1837.8800431944348 1843.3917227265802
 727552 1024 99.691 99.751 99.952 14907.420521850489 14937.459233491394 14946.449488920765 1863.427565231311 1867.1824041864243 1868.3061861150957
 800256 1024 109.321 110.021 110.161 14877.536405806046 14896.467837958207 14991.852324804933 1859.6920507257557 1862.058479744776 1873.9815406006167
 880128 1024 119.441 119.96 120.08 15010.843970686208 15025.85981993998 15091.150810860592 1876.355496335776 1878.2324774924975 1886.393851357574
 967680 1024 209.982 221.307 222.095 8923.247439158918 8955.020130407082 9437.99297082607 1115.4059298948648 1119.3775163008852 1179.7491213532587
 1064448 1024 142.834 143.606 175.146 12446.698777020314 15180.351127390219 15262.399036643936 1555.8373471275393 1897.5438909237773 1907.799879580492
 1170432 1024 156.299 156.641 185.024 12955.317883085436 15302.792602192274 15336.27685397859 1619.4147353856795 1912.8490752740342 1917.0346067473238
 1287168 1024 173.162 173.675 177.82 14824.654504555168 15178.465893191305 15223.432762384356 1853.081813069396 1897.3082366489132 1902.9290952980446
 1415680 512 95.593 95.934 96.515 15020.010568305444 15110.975462296998 15164.879436778843 1877.5013210381805 1888.8719327871247 1895.6099295973554
 1556992 512 104.371 104.701 153.455 10389.754703333225 15227.741931786708 15275.888972990584 1298.719337916653 1903.4677414733385 1909.486121623823
 1712640 512 186.206 189.262 194.646 9009.912148207517 9266.220160412551 9418.29672513238 1126.2390185259396 1158.277520051569 1177.2870906415476
 1883648 512 125.011 125.47 125.621 15354.562947277924 15373.041778911293 15429.486621177337 1919.3203684097405 1921.6302223639116 1928.6858276471671
 2071552 512 137.264 137.793 138.175 15352.048112900306 15394.608202158308 15453.93728872829 1919.0060141125382 1924.3260252697885 1931.7421610910362
 2278400 512 149.687 149.726 150.137 15539.684421561638 15582.34107636616 15586.400956662901 1942.4605526952048 1947.79263454577 1948.3001195828626
 2506240 512 167.341 168.132 249.368 10291.57614449328 15264.136273880045 15336.28793899881 1286.44701806166 1908.0170342350057 1917.0359923748513
 2756608 256 93.07 93.338 93.569 15083.877096046766 15121.20782532302 15164.750145052112 1885.4846370058458 1890.1509781653774 1895.593768131514
 3032064 256 158.614 161.099 162.411 9558.5691116981 9636.41467668949 9787.388048974239 1194.8211389622625 1204.5518345861863 1223.4235061217798
 3335168 256 111.754 111.835 112.075 15236.27942003123 15268.976760405956 15280.043810512374 1904.5349275039036 1908.6220950507445 1910.0054763140467
 3668480 256 122.747 123.046 123.336 15228.820133618734 15264.712058904799 15301.895443473159 1903.6025167023417 1908.0890073630999 1912.7369304341448
 4035072 256 134.209 134.508 174.614 11831.564845888646 15359.36051387278 15393.579148939338 1478.9456057360808 1919.9200642340975 1924.1973936174172
 4438528 256 147.302 147.472 147.825 15373.085310333163 15409.883476185309 15427.667893171852 1921.6356637916454 1926.2354345231636 1928.4584866464816
 4881920 256 164.045 164.195 164.457 15198.763445763938 15223.015560766164 15236.935231186566 1899.8454307204922 1902.8769450957705 1904.6169038983207
 5369856 128 92.348 92.938 135.069 10177.636141527666 14791.400030127612 14885.900463464286 1272.2045176909583 1848.9250037659515 1860.7375579330358
 5906432 128 147.954 159.425 163.574 9243.807646692016 9484.375675082325 10219.707422577287 1155.475955836502 1185.5469593852906 1277.4634278221608
 6496768 128 111.223 111.463 138.155 12038.453968368862 14921.297722114065 14953.495302230653 1504.8067460461077 1865.162215264258 1869.1869127788316
 7145984 128 120.631 121.142 179.065 10216.244961326893 15101.054167836093 15165.023120093509 1277.0306201658616 1887.6317709795117 1895.6278900116886
 7860224 128 133.657 134.167 134.188 14995.50886815513 14997.85598545097 15055.083863920336 1874.4386085193912 1874.7319981813712 1881.885482990042
 8646144 128 146.533 146.901 149.216 14833.616126956895 15067.377785038901 15105.217691578007 1854.2020158696118 1883.4222231298627 1888.152211447251
 9510400 128 163.403 163.553 164.337 14815.059298879742 14886.076073199516 14899.741130823793 1851.8824123599677 1860.7595091499395 1862.4676413529742
 10461184 128 176.579 177.012 182.37 14684.77876843779 15129.27430908639 15166.37371374852 1835.5973460547239 1891.1592886357987 1895.796714218565
 11507200 64 149.418 153.083 154.786 9515.858023335444 9621.718936785926 9857.725307526536 1189.4822529169305 1202.7148670982408 1232.215663440817
 12657664 64 113.838 113.969 114.159 14192.31941415044 14215.97971378182 14232.338867513487 1774.039926768805 1776.9974642227276 1779.0423584391858
 13923328 64 124.899 125.07 126.142 14128.410711737568 14249.508147437436 14269.017237928245 1766.051338967196 1781.1885184296796 1783.6271547410306
 15315456 64 137.113 137.283 137.414 14266.220094022445 14279.833395249232 14297.53829323259 1783.2775117528056 1784.979174406154 1787.1922866540738
 16846848 64 150.609 150.749 150.891 14291.087897886555 14304.549575784917 14317.84650319702 1786.3859872358194 1788.0686969731146 1789.7308128996276
 18531328 64 165.056 165.657 214.071 11080.482568867337 14318.80321386962 14370.940674680107 1385.0603211084172 1789.8504017337025 1796.3675843350134
 20384256 64 181.467 182.32 264.968 9847.169348751546 14311.017814831066 14378.287887053842 1230.8961685939432 1788.8772268538833 1797.2859858817303
 22422528 32 114.019 114.439 116.744 12292.210237785239 12539.796677706028 12585.988230031837 1536.5262797231549 1567.4745847132535 1573.2485287539796
 24664576 32 122.976 123.907 125.051 12623.112682025734 12739.658485799833 12836.105126203485 1577.8890852532168 1592.4573107249792 1604.5131407754357
 27130880 32 197.762 200.424 207.588 8364.531283118484 8663.514948309583 8780.131268898978 1045.5664103898105 1082.9393685386979 1097.5164086123723
 29843968 32 146.833 150.88 153.184 12468.756214748275 12659.159278897137 13008.070065993339 1558.5945268435344 1582.3949098621422 1626.0087582491674
 32827904 32 165.026 167.962 232.956 9018.809800992462 12508.697538728999 12731.241477100577 1127.3512251240577 1563.5871923411248 1591.4051846375721
 36110336 32 185.688 192.278 255.34 9050.918398997415 12019.375612394555 12445.938908276248 1131.364799874677 1502.4219515493194 1555.742363534531
 39720960 32 207.708 225.031 280.788 9053.597162271892 11296.849945118673 12239.01554104801 1131.6996452839865 1412.106243139834 1529.8769426310012
 43693056 16 170.789 193.351 209.351 6678.629631575679 7231.293305956525 8186.579885121408 834.8287039469599 903.9116632445656 1023.322485640176
 48061952 16 171.148 208.709 226.394 6793.388800056538 7369.027995917761 8986.271905017878 849.1736000070672 921.1284994897201 1123.2839881272348
 52868096 16 249.618 263.073 266.812 6340.71582987272 6430.835060990677 6777.47226562187 792.58947873409 803.8543826238347 847.1840332027338
 58154496 16 213.209 256.221 287.672 6468.978113963123 7263.041952064819 8728.261339812108 808.6222642453904 907.8802440081024 1091.0326674765136
 63969792 16 232.716 233.748 269.867 7585.341460793649 8757.436829406028 8796.272469447738 948.1676825992062 1094.6796036757535 1099.5340586809673
 70366720 16 257.894 267.506 335.864 6704.306028630636 8417.51228009839 8731.24244844781 838.0382535788295 1052.1890350122987 1091.4053060559763
 77403136 16 289.275 326.967 345.993 7158.816369117294 7575.383301678762 8562.441801054361 894.8520461396618 946.9229127098453 1070.3052251317952
 85143040 8 262.163 262.807 297.61 4577.428984241121 5183.60865578162 5196.342123030329 572.1786230301401 647.9510819727025 649.5427653787912
 93657088 8 259.618 262.713 288.683 5190.861283830361 5703.994122864114 5771.9934981395745 648.8576604787951 712.9992653580142 721.4991872674468
 103022592 8 288.837 315.815 332.678 4954.825603135765 5219.389427354622 5706.891679390105 619.3532003919706 652.4236784193278 713.3614599237632
 113324544 8 317.599 348.558 358.778 5053.8012475681335 5201.982751794536 5709.063013422586 631.7251559460167 650.247843974317 713.6328766778232
 124656640 8 355.712 385.719 404.39 4932.135413833181 5170.878904072654 5607.081684059014 616.5169267291476 646.3598630090818 700.8852105073768
 137122304 8 387.102 421.628 444.391 4936.996617843295 5203.536918800459 5667.645385453964 617.1245772304119 650.4421148500574 708.4556731817455
 150834176 8 433.07 438.245 490.219 4922.997305286005 5506.843925201656 5572.648338605768 615.3746631607506 688.355490650207 696.581042325721
 165917184 8 472.476 473.998 505.168 5255.033858043265 5600.603681872075 5618.645061336449 656.8792322554082 700.0754602340094 702.3306326670561
 182508544 4 435.159 437.569 487.184 2996.9546454727574 3336.7728335416814 3355.2525674523563 374.6193306840947 417.0966041927102 419.40657093154454
 200759296 4 479.204 483.266 523.904 3065.5890544832646 3323.375466099415 3351.5462475271493 383.1986318104081 415.4219332624269 418.94328094089366
 220834816 4 473.597 557.698 635.909 2778.1939365538146 3167.8050270935164 3730.341467534634 347.27424206922683 395.97562838668955 466.29268344182924
 242917888 4 459.786 523.243 630.819 3080.6667269058166 3714.035551359502 4226.625221298604 385.0833408632271 464.2544439199377 528.3281526623255
 267209216 4 908.291 1060.262 1190.562 1795.5165106899099 2016.1749907098438 2353.511955970058 224.43956383623873 252.02187383873047 294.18899449625724
 293929984 4 1574.788 1654.771 1693.816 1388.249887827249 1421.0062129442683 1493.1786830989313 173.53123597840613 177.62577661803354 186.6473353873664
 323322880 4 3197.057 3410.756 3475.009 744.3385153822624 758.3606215161682 809.0512743438732 93.0423144227828 94.79507768952102 101.13140929298415
 355655168 2 8135.637 8273.274 8373.205 169.90156959013905 171.9537721100498 174.86284995262204 21.23769619876738 21.494221513756226 21.857856244077755
 391220224 2 9732.571 9802.876 9824.036 159.2910384286051 159.63487613226974 160.7880277472417 19.911379803575638 19.954359516533717 20.098503468405212
 430342144 2 11319.015 11345.622 11362.789 151.4917311234064 151.7209524519678 152.07759473770466 18.9364663904258 18.965119056495976 19.009699342213082
 473376256 2 12859.343 12882.127 12971.18 145.9778542892782 146.98698623294118 147.24741567279136 18.247231786159777 18.373373279117647 18.40592695909892
 520713728 2 14333.477 14377.412 14444.451 144.19758231032804 144.8699468304866 145.31400245732422 18.024697788791006 18.108743353810826 18.164250307165528
 572784640 2 15835.105 15850.893 15890.031 144.18716741332975 144.54318504326537 144.6872982528376 18.02339592666622 18.06789813040817 18.0859122816047
 630063104 2 17384.962 17445.732 17475.405 144.21711061918165 144.46240581937175 144.96738134946742 18.027138827397707 18.05780072742147 18.120922668683427
 693069312 1 9612.775 9636.216 9641.997 143.76053259506304 143.84677802988227 144.1975521116431 17.97006657438288 17.980847253735284 18.024694013955386
 762376192 1 10561.159 10571.364 10597.177 143.88288352643352 144.2342146197974 144.3735847552338 17.98536044080419 18.029276827474675 18.046698094404224
 838613504 1 11603.216 11634.415 11664.421 143.78999249084032 144.16083730896653 144.548460357887 17.97374906135504 18.020104663620817 18.068557544735874
 922474496 1 12772.115 12787.685 12857.311 143.49415612642488 144.2754487618361 144.45132947832053 17.93676951580311 18.03443109522951 18.056416184790066
 1014721536 1 14034.651 14075.935 14121.972 143.70819259519845 144.17820713153336 144.6023183618887 17.963524074399807 18.02227589144167 18.07528979523609
 1116193280 1 15417.214 15477.88 15534.654 143.7036550669233 144.2307706223333 144.79831180912453 17.96295688336541 18.028846327791662 18.099788976140566
 1227812352 1 16960.142 16986.541 17054.212 143.98933846958158 144.56296334845334 144.78798019497714 17.998667308697698 18.070370418556667 18.098497524372142
 1350593536 1 18658.265 18700.607 18827.103 143.47332523755782 144.4438178931839 144.77161043644733 17.934165654694727 18.055477236647988 18.096451304555917
 
META_DATA
 FLOPS          2
 MPI_PROCS      64
 ERT_VERSION  1.1.0
 HOSTNAME  ('nid004033', [], ['10.253.33.94'])
 UNAME  uname_result(system='Linux', node='nid004033', release='5.14.21-150400.24.46_12.0.63-cray_shasta_c', version='#1 SMP Fri Mar 3 22:39:37 UTC 2023 (6e164f9)', machine='x86_64')
 TIMESTAMP_DATA  1710934341.2981973
 CONFIG  {'ERT_RESULTS': ['Results.archer.01'], 'ERT_DRIVER': ['driver1'], 'ERT_KERNEL': ['kernel1'], 'ERT_MPI': ['True'], 'ERT_MPI_CFLAGS': [], 'ERT_MPI_LDFLAGS': [], 'ERT_OPENMP': ['False'], 'ERT_OPENMP_CFLAGS': ['-fopenmp'], 'ERT_OPENMP_LDFLAGS': ['-fopenmp'], 'ERT_FLOPS': ['1,2,4,8,16,32'], 'ERT_ALIGN': ['32'], 'ERT_CC': ['mpic++'], 'ERT_CFLAGS': ['-Ofast', '-fargument-noalias', '-mavx2'], 'ERT_LD': ['mpic++'], 'ERT_LDFLAGS': [], 'ERT_LDLIBS': [], 'ERT_RUN': ['export', 'OMP_NUM_THREADS=ERT_OPENMP_THREADS;', 'srun', '--distribution=block:block', '--hint=nomultithread', '--ntasks', 'ERT_MPI_PROCS', 'ERT_CODE'], 'ERT_PROCS_THREADS': ['32,64,128'], 'ERT_MPI_PROCS': ['32,64,128'], 'ERT_OPENMP_THREADS': [], 'ERT_NUM_EXPERIMENTS': ['5'], 'ERT_MEMORY_MAX': ['1357905920'], 'ERT_WORKING_SET_MIN': ['1'], 'ERT_TRIALS_MIN': ['1'], 'ERT_GNUPLOT': ['gnuplot'], 'ERT_GPU': [False], 'ERT_HIP': [False], 'ERT_PRECISION': ['FP64'], 'ERT_OCL': [False], 'ERT_SYCL': [False], 'ERT_WSS_MULT': [1.1]}
 TIMESTAMP_DATA  1710934346.633979
 TIMESTAMP_DATA  1710934352.5492358
 TIMESTAMP_DATA  1710934357.8931055
 TIMESTAMP_DATA  1710934362.1610408
 