fp64
        1024            1           4.048         2048         4096
        1024            2           4.749         4096         8192
        1024            4         292.341         8192        16384
        1024            8           5.030        16384        32768
        1024           16           5.049        32768        65536
        1024           32           5.951        65536       131072
        1024           64           6.312       131072       262144
        1024          128          10.640       262144       524288
        1024          256          16.842       524288      1048576
        1024          512          33.584      1048576      2097152
        1024         1024          53.603      2097152      4194304
        1024         2048         102.927      4194304      8388608
        1024         4096         201.146      8388608     16777216
        1024         8192         397.002     16777216     33554432
        1024        16384         792.602     33554432     67108864
        1024        32768        1583.019     67108864    134217728
        1024        65536        3317.658    134217728    268435456
        1024       131072        6462.987    268435456    536870912
        1024       262144       13421.925    536870912   1073741824
        1024       524288       25721.796   1073741824   2147483648
        1024      1048576       50861.484   2147483648   4294967296
        2048            1           9.388         4096         8192
        2048            2           4.990         8192        16384
        2048            4          15.650        16384        32768
        2048            8           3.957        32768        65536
        2048           16           5.220        65536       131072
        2048           32           5.852       131072       262144
        2048           64           6.473       262144       524288
        2048          128           9.869       524288      1048576
        2048          256          16.592      1048576      2097152
        2048          512          33.233      2097152      4194304
        2048         1024          53.612      4194304      8388608
        2048         2048         102.607      8388608     16777216
        2048         4096         200.305     16777216     33554432
        2048         8192         395.099     33554432     67108864
        2048        16384         791.519     67108864    134217728
        2048        32768        1601.624    134217728    268435456
        2048        65536        3147.963    268435456    536870912
        2048       131072        6327.437    536870912   1073741824
        2048       262144       12583.666   1073741824   2147483648
        2048       524288       25198.462   2147483648   4294967296
        3072            1           8.556         6144        12288
        3072            2           7.585        12288        24576
        3072            4           5.380        24576        49152
        3072            8           9.378        49152        98304
        3072           16           5.210        98304       196608
        3072           32           6.022       196608       393216
        3072           64           7.384       393216       786432
        3072          128           9.648       786432      1572864
        3072          256          17.023      1572864      3145728
        3072          512          29.347      3145728      6291456
        3072         1024          58.472      6291456     12582912
        3072         2048         103.208     12582912     25165824
        3072         4096         202.308     25165824     50331648
        3072         8192         399.657     50331648    100663296
        3072        16384         793.794    100663296    201326592
        3072        32768        1616.383    201326592    402653184
        3072        65536        3171.327    402653184    805306368
        3072       131072        6356.993    805306368   1610612736
        3072       262144       12883.411   1610612736   3221225472
        4096            1           9.769         8192        16384
        4096            2           4.780        16384        32768
        4096            4           8.106        32768        65536
        4096            8           5.160        65536       131072
        4096           16           5.240       131072       262144
        4096           32          10.721       262144       524288
        4096           64           7.524       524288      1048576
        4096          128          10.800      1048576      2097152
        4096          256          16.602      2097152      4194304
        4096          512          27.934      4194304      8388608
        4096         1024          54.094      8388608     16777216
        4096         2048         102.978     16777216     33554432
        4096         4096         206.026     33554432     67108864
        4096         8192         416.389     67108864    134217728
        4096        16384         795.407    134217728    268435456
        4096        32768        1583.169    268435456    536870912
        4096        65536        3169.585    536870912   1073741824
        4096       131072        6377.452   1073741824   2147483648
        4096       262144       12677.647   2147483648   4294967296
        5120            1          18.104        10240        20480
        5120            2           5.050        20480        40960
        5120            4           8.937        40960        81920
        5120            8           3.867        81920       163840
        5120           16           4.209       163840       327680
        5120           32           5.601       327680       655360
        5120           64           7.875       655360      1310720
        5120          128          15.450      1310720      2621440
        5120          256          16.692      2621440      5242880
        5120          512          28.455      5242880     10485760
        5120         1024          53.603     10485760     20971520
        5120         2048         101.796     20971520     41943040
        5120         4096         201.627     41943040     83886080
        5120         8192         433.662     83886080    167772160
        5120        16384         798.372    167772160    335544320
        5120        32768        1588.860    335544320    671088640
        5120        65536        3184.172    671088640   1342177280
        5120       131072        6356.332   1342177280   2684354560
        5120       262144       12670.553   2684354560   5368709120
        6144            1          11.382        12288        24576
        6144            2           6.483        24576        49152
        6144            4          16.161        49152        98304
        6144            8           4.198        98304       196608
        6144           16           5.570       196608       393216
        6144           32           6.072       393216       786432
        6144           64           6.583       786432      1572864
        6144          128          10.100      1572864      3145728
        6144          256          16.962      3145728      6291456
        6144          512          33.495      6291456     12582912
        6144         1024          53.763     12582912     25165824
        6144         2048         105.713     25165824     50331648
        6144         4096         201.116     50331648    100663296
        6144         8192         397.443    100663296    201326592
        6144        16384         792.852    201326592    402653184
        6144        32768        1639.878    402653184    805306368
        6144        65536        3183.742    805306368   1610612736
        6144       131072        6371.912   1610612736   3221225472
        7168            1          11.863        14336        28672
        7168            2           5.400        28672        57344
        7168            4           9.659        57344       114688
        7168            8           5.921       114688       229376
        7168           16           6.552       229376       458752
        7168           32          11.983       458752       917504
        7168           64           9.548       917504      1835008
        7168          128          14.147      1835008      3670016
        7168          256          23.245      3670016      7340032
        7168          512          40.086      7340032     14680064
        7168         1024          77.478     14680064     29360128
        7168         2048         151.281     29360128     58720256
        7168         4096         304.224     58720256    117440512
        7168         8192         586.276    117440512    234881024
        7168        16384        1172.551    234881024    469762048
        7168        32768        2343.568    469762048    939524096
        7168        65536        4660.035    939524096   1879048192
        7168       131072        9342.865   1879048192   3758096384
        8192            1          10.460        16384        32768
        8192            2          12.053        32768        65536
        8192            4           5.190        65536       131072
        8192            8           5.631       131072       262144
        8192           16           5.741       262144       524288
        8192           32           5.390       524288      1048576
        8192           64           7.825      1048576      2097152
        8192          128          10.851      2097152      4194304
        8192          256          21.492      4194304      8388608
        8192          512          29.837      8388608     16777216
        8192         1024          59.284     16777216     33554432
        8192         2048         103.609     33554432     67108864
        8192         4096         202.909     67108864    134217728
        8192         8192         403.425    134217728    268435456
        8192        16384         806.428    268435456    536870912
        8192        32768        1633.235    536870912   1073741824
        8192        65536        3197.067   1073741824   2147483648
        8192       131072        6415.055   2147483648   4294967296
        9216            1           9.488        18432        36864
        9216            2           3.376        36864        73728
        9216            4           9.118        73728       147456
        9216            8           5.230       147456       294912
        9216           16          10.560       294912       589824
        9216           32           6.874       589824      1179648
        9216           64           9.167      1179648      2359296
        9216          128          13.406      2359296      4718592
        9216          256          21.441      4718592      9437184
        9216          512          40.377      9437184     18874368
        9216         1024          76.697     18874368     37748736
        9216         2048         153.134     37748736     75497472
        9216         4096         337.047     75497472    150994944
        9216         8192         588.510    150994944    301989888
        9216        16384        1165.898    301989888    603979776
        9216        32768        2335.323    603979776   1207959552
        9216        65536        4644.155   1207959552   2415919104
        9216       131072        9294.752   2415919104   4831838208
       10240            1          18.586        20480        40960
       10240            2           3.907        40960        81920
       10240            4           9.578        81920       163840
       10240            8           4.268       163840       327680
       10240           16           4.709       327680       655360
       10240           32           6.462       655360      1310720
       10240           64           9.118      1310720      2621440
       10240          128          17.264      2621440      5242880
       10240          256          21.882      5242880     10485760
       10240          512          39.546     10485760     20971520
       10240         1024          74.523     20971520     41943040
       10240         2048         150.569     41943040     83886080
       10240         4096         335.794     83886080    167772160
       10240         8192         587.498    167772160    335544320
       10240        16384        1129.548    335544320    671088640
       10240        32768        2265.118    671088640   1342177280
       10240        65536        4535.676   1342177280   2684354560
       10240       131072        9026.067   2684354560   5368709120
       11264            1           9.038        22528        45056
       11264            2           5.230        45056        90112
       11264            4           9.007        90112       180224
       11264            8           9.849       180224       360448
       11264           16           6.342       360448       720896
       11264           32           8.035       720896      1441792
       11264           64          10.631      1441792      2883584
       11264          128          15.820      2883584      5767168
       11264          256          29.106      5767168     11534336
       11264          512          52.781     11534336     23068672
       11264         1024         105.202     23068672     46137344
       11264         2048         195.786     46137344     92274688
       11264         4096         431.789     92274688    184549376
       11264         8192         767.503    184549376    369098752
       11264        16384        1533.553    369098752    738197504
       11264        32768        3142.061    738197504   1476395008
       11264        65536        6134.486   1476395008   2952790016
       12288            1          18.004        24576        49152
       12288            2           5.150        49152        98304
       12288            4           4.398        98304       196608
       12288            8           4.348       196608       393216
       12288           16           4.449       393216       786432
       12288           32           6.974       786432      1572864
       12288           64           9.077      1572864      3145728
       12288          128          17.814      3145728      6291456
       12288          256          21.973      6291456     12582912
       12288          512          39.296     12582912     25165824
       12288         1024          73.832     25165824     50331648
       12288         2048         143.345     50331648    100663296
       12288         4096         284.045    100663296    201326592
       12288         8192         569.112    201326592    402653184
       12288        16384        1131.913    402653184    805306368
       12288        32768        2276.580    805306368   1610612736
       12288        65536        4506.882   1610612736   3221225472
       13312            1           9.889        26624        53248
       13312            2           4.058        53248       106496
       13312            4           8.706       106496       212992
       13312            8           5.571       212992       425984
       13312           16          10.831       425984       851968
       13312           32           7.494       851968      1703936
       13312           64          34.997      1703936      3407872
       13312          128          15.951      3407872      6815744
       13312          256          27.163      6815744     13631488
       13312          512          51.910     13631488     27262976
       13312         1024         100.061     27262976     54525952
       13312         2048         200.034     54525952    109051904
       13312         4096         389.177    109051904    218103808
       13312         8192         772.503    218103808    436207616
       13312        16384        1530.468    436207616    872415232
       13312        32768        3073.289    872415232   1744830464
       13312        65536        6131.691   1744830464   3489660928
       14336            1          11.011        28672        57344
       14336            2          11.462        57344       114688
       14336            4           8.777       114688       229376
       14336            8           4.939       229376       458752
       14336           16           5.451       458752       917504
       14336           32           6.232       917504      1835008
       14336           64          10.430      1835008      3670016
       14336          128          16.271      3670016      7340032
       14336          256          31.681      7340032     14680064
       14336          512          51.689     14680064     29360128
       14336         1024         101.564     29360128     58720256
       14336         2048         201.036     58720256    117440512
       14336         4096         399.947    117440512    234881024
       14336         8192         756.422    234881024    469762048
       14336        16384        1572.067    469762048    939524096
       14336        32768        3066.717    939524096   1879048192
       14336        65536        6010.878   1879048192   3758096384
       15360            1          12.114        30720        61440
       15360            2           4.349        61440       122880
       15360            4           8.958       122880       245760
       15360            8           5.731       245760       491520
       15360           16           5.882       491520       983040
       15360           32          12.474       983040      1966080
       15360           64          11.863      1966080      3932160
       15360          128          18.796      3932160      7864320
       15360          256          33.585      7864320     15728640
       15360          512          62.910     15728640     31457280
       15360         1024         123.597     31457280     62914560
       15360         2048         277.764     62914560    125829120
       15360         4096         488.157    125829120    251658240
       15360         8192         959.933    251658240    503316480
       15360        16384        1914.115    503316480   1006632960
       15360        32768        3842.786   1006632960   2013265920
       15360        65536        7662.690   2013265920   4026531840
       16384            1          10.721        32768        65536
       16384            2           6.933        65536       131072
       16384            4          11.522       131072       262144
       16384            8           4.609       262144       524288
       16384           16           5.731       524288      1048576
       16384           32           7.074      1048576      2097152
       16384           64           9.448      2097152      4194304
       16384          128          15.960      4194304      8388608
       16384          256          27.532      8388608     16777216
       16384          512          54.715     16777216     33554432
       16384         1024          97.217     33554432     67108864
       16384         2048         190.776     67108864    134217728
       16384         4096         377.424    134217728    268435456
       16384         8192         750.390    268435456    536870912
       16384        16384        1503.707    536870912   1073741824
       16384        32768        3016.751   1073741824   2147483648
       16384        65536        6016.770   2147483648   4294967296
       17408            1          12.224        34816        69632
       17408            2           4.659        69632       139264
       17408            4           9.157       139264       278528
       17408            8           4.419       278528       557056
       17408           16           5.812       557056      1114112
       17408           32           7.835      1114112      2228224
       17408           64          15.751      2228224      4456448
       17408          128          19.257      4456448      8912896
       17408          256          33.975      8912896     17825792
       17408          512          63.371     17825792     35651584
       17408         1024         122.325     35651584     71303168
       17408         2048         242.626     71303168    142606336
       17408         4096         499.629    142606336    285212672
       17408         8192        1043.022    285212672    570425344
       17408        16384        1913.934    570425344   1140850688
       17408        32768        3825.373   1140850688   2281701376
       17408        65536        7664.713   2281701376   4563402752
       18432            1           9.267        36864        73728
       18432            2           5.681        73728       147456
       18432            4          10.461       147456       294912
       18432            8          11.112       294912       589824
       18432           16           6.392       589824      1179648
       18432           32           8.086      1179648      2359296
       18432           64          11.001      2359296      4718592
       18432          128          18.215      4718592      9437184
       18432          256          33.885      9437184     18874368
       18432          512          63.131     18874368     37748736
       18432         1024         127.174     37748736     75497472
       18432         2048         237.155     75497472    150994944
       18432         4096         512.433    150994944    301989888
       18432         8192         941.398    301989888    603979776
       18432        16384        1875.551    603979776   1207959552
       18432        32768        3776.570   1207959552   2415919104
       18432        65536        7535.576   2415919104   4831838208
       19456            1          17.783        38912        77824
       19456            2           5.681        77824       155648
       19456            4           9.238       155648       311296
       19456            8           4.869       311296       622592
       19456           16           5.561       622592      1245184
       19456           32           9.228      1245184      2490368
       19456           64          13.526      2490368      4980736
       19456          128          26.591      4980736      9961472
       19456          256          80.515      9961472     19922944
       19456          512          76.908     19922944     39845888
       19456         1024         150.499     39845888     79691776
       19456         2048         292.491     79691776    159383552
       19456         4096         572.359    159383552    318767104
       19456         8192        1143.324    318767104    637534208
       19456        16384        2319.643    637534208   1275068416
       19456        32768        4577.017   1275068416   2550136832
       19456        65536        9179.011   2550136832   5100273664
       20480            1          12.253        40960        81920
       20480            2           4.077        81920       163840
       20480            4           6.552       163840       327680
       20480            8           5.650       327680       655360
       20480           16          11.362       655360      1310720
       20480           32           8.447      1310720      2621440
       20480           64          11.763      2621440      5242880
       20480          128          18.696      5242880     10485760
       20480          256          33.104     10485760     20971520
       20480          512         106.675     20971520     41943040
       20480         1024         123.426     41943040     83886080
       20480         2048         242.054     83886080    167772160
       20480         4096         471.805    167772160    335544320
       20480         8192         943.321    335544320    671088640
       20480        16384        1874.599    671088640   1342177280
       20480        32768        3764.577   1342177280   2684354560
       20480        65536        7523.923   2684354560   5368709120
       22528            1           9.348        45056        90112
       22528            2          13.125        90112       180224
       22528            4           9.698       180224       360448
       22528            8           5.812       360448       720896
       22528           16           7.143       720896      1441792
       22528           32           8.136      1441792      2883584
       22528           64          13.606      2883584      5767168
       22528          128          22.704      5767168     11534336
       22528          256          45.447     11534336     23068672
       22528          512          78.722     23068672     46137344
       22528         1024         153.024     46137344     92274688
       22528         2048         302.801     92274688    184549376
       22528         4096         600.342    184549376    369098752
       22528         8192        1183.322    369098752    738197504
       22528        16384        2289.185    738197504   1476395008
       22528        32768        4521.069   1476395008   2952790016
       24576            1          10.590        49152        98304
       24576            2           6.553        98304       196608
       24576            4           7.825       196608       393216
       24576            8           4.308       393216       786432
       24576           16           6.132       786432      1572864
       24576           32           8.396      1572864      3145728
       24576           64          17.183      3145728      6291456
       24576          128          21.120      6291456     12582912
       24576          256          39.065     12582912     25165824
       24576          512          73.662     25165824     50331648
       24576         1024         148.174     50331648    100663296
       24576         2048         322.510    100663296    201326592
       24576         4096         582.008    201326592    402653184
       24576         8192        1133.797    402653184    805306368
       24576        16384        2279.867    805306368   1610612736
       24576        32768        4556.205   1610612736   3221225472
       26624            1          10.080        53248       106496
       26624            2           3.507       106496       212992
       26624            4           9.428       212992       425984
       26624            8           5.460       425984       851968
       26624           16          11.692       851968      1703936
       26624           32           9.529      1703936      3407872
       26624           64          14.278      3407872      6815744
       26624          128          24.096      6815744     13631488
       26624          256          44.254     13631488     27262976
       26624          512          85.765     27262976     54525952
       26624         1024         167.431     54525952    109051904
       26624         2048         335.524    109051904    218103808
       26624         4096         661.048    218103808    436207616
       26624         8192        1348.399    436207616    872415232
       26624        16384        2621.533    872415232   1744830464
       26624        32768        5267.882   1744830464   3489660928
       28672            1           9.709        57344       114688
       28672            2           4.960       114688       229376
       28672            4          14.428       229376       458752
       28672            8           5.120       458752       917504
       28672           16           6.663       917504      1835008
       28672           32           8.947      1835008      3670016
       28672           64          13.807      3670016      7340032
       28672          128          24.698      7340032     14680064
       28672          256          45.667     14680064     29360128
       28672          512          89.712     29360128     58720256
       28672         1024         167.201     58720256    117440512
       28672         2048         330.735    117440512    234881024
       28672         4096         660.658    234881024    469762048
       28672         8192        1438.722    469762048    939524096
       28672        16384        2621.683    939524096   1879048192
       28672        32768        5260.659   1879048192   3758096384
       30720            1          17.303        61440       122880
       30720            2           5.049       122880       245760
       30720            4           9.608       245760       491520
       30720            8           5.510       491520       983040
       30720           16           6.152       983040      1966080
       30720           32          10.480      1966080      3932160
       30720           64          16.331      3932160      7864320
       30720          128          31.230      7864320     15728640
       30720          256          50.898     15728640     31457280
       30720          512          97.358     31457280     62914560
       30720         1024         190.516     62914560    125829120
       30720         2048         376.543    125829120    251658240
       30720         4096         754.057    251658240    503316480
       30720         8192        1540.728    503316480   1006632960
       30720        16384        3024.455   1006632960   2013265920
       30720        32768        6017.231   2013265920   4026531840
       33792            1          11.092        67584       135168
       33792            2           4.399       135168       270336
       33792            4           9.809       270336       540672
       33792            8           6.503       540672      1081344
       33792           16           8.236      1081344      2162688
       33792           32          15.780      2162688      4325376
       33792           64          17.974      4325376      8650752
       33792          128          30.999      8650752     17301504
       33792          256          57.771     17301504     34603008
       33792          512         109.750     34603008     69206016
       33792         1024         216.996     69206016    138412032
       33792         2048         429.454    138412032    276824064
       33792         4096         862.786    276824064    553648128
       33792         8192        1706.075    553648128   1107296256
       33792        16384        3430.276   1107296256   2214592512
       33792        32768        6827.727   2214592512   4429185024
       36864            1           9.147        73728       147456
       36864            2           4.919       147456       294912
       36864            4           7.715       294912       589824
       36864            8          10.060       589824      1179648
       36864           16           7.544      1179648      2359296
       36864           32          11.081      2359296      4718592
       36864           64          16.842      4718592      9437184
       36864          128          29.457      9437184     18874368
       36864          256          56.438     18874368     37748736
       36864          512         109.009     37748736     75497472
       36864         1024         218.851     75497472    150994944
       36864         2048         524.477    150994944    301989888
       36864         4096         849.201    301989888    603979776
       36864         8192        1690.044    603979776   1207959552
       36864        16384        3389.096   1207959552   2415919104
       36864        32768        6766.800   2415919104   4831838208
       39936            1          11.001        79872       159744
       39936            2          12.343       159744       319488
       39936            4           9.427       319488       638976
       39936            8           5.781       638976      1277952
       39936           16           7.875      1277952      2555904
       39936           32          11.222      2555904      5111808
       39936           64          20.089      5111808     10223616
       39936          128          36.951     10223616     20447232
       39936          256          72.529     20447232     40894464
       39936          512         133.076     40894464     81788928
       39936         1024         263.135     81788928    163577856
       39936         2048         561.899    163577856    327155712
       39936         4096        1102.126    327155712    654311424
       39936         8192        2079.913    654311424   1308622848
       39936        16384        4167.620   1308622848   2617245696
       39936        32768        8370.869   2617245696   5234491392
       43008            1          10.360        86016       172032
       43008            2           4.899       172032       344064
       43008            4           9.307       344064       688128
       43008            8           5.029       688128      1376256
       43008           16           7.985      1376256      2752512
       43008           32          12.083      2752512      5505024
       43008           64          24.426      5505024     11010048
       43008          128          35.789     11010048     22020096
       43008          256          73.621     22020096     44040192
       43008          512         132.084     44040192     88080384
       43008         1024         260.039     88080384    176160768
       43008         2048         520.649    176160768    352321536
       43008         4096        1030.919    352321536    704643072
       43008         8192        2090.382    704643072   1409286144
       43008        16384        4136.451   1409286144   2818572288
       47104            1          10.120        94208       188416
       47104            2           4.138       188416       376832
       47104            4          10.079       376832       753664
       47104            8           6.653       753664      1507328
       47104           16           8.847      1507328      3014656
       47104           32          17.474      3014656      6029312
       47104           64          21.842      6029312     12058624
       47104          128          38.904     12058624     24117248
       47104          256          73.571     24117248     48234496
       47104          512         142.865     48234496     96468992
       47104         1024         284.616     96468992    192937984
       47104         2048         564.544    192937984    385875968
       47104         4096        1175.627    385875968    771751936
       47104         8192        2249.848    771751936   1543503872
       47104        16384        4559.883   1543503872   3087007744
       51200            1          10.520       102400       204800
       51200            2           3.797       204800       409600
       51200            4           9.769       409600       819200
       51200            8           6.823       819200      1638400
       51200           16          13.316      1638400      3276800
       51200           32          13.876      3276800      6553600
       51200           64          23.194      6553600     13107200
       51200          128          42.101     13107200     26214400
       51200          256          78.961     26214400     52428800
       51200          512         156.220     52428800    104857600
       51200         1024         308.142    104857600    209715200
       51200         2048         615.290    209715200    419430400
       51200         4096        1222.527    419430400    838860800
       51200         8192        2481.273    838860800   1677721600
       51200        16384        4880.959   1677721600   3355443200
       56320            1           9.839       112640       225280
       56320            2           6.973       225280       450560
       56320            4          10.069       450560       901120
       56320            8          11.422       901120      1802240
       56320           16           9.929      1802240      3604480
       56320           32          14.969      3604480      7208960
       56320           64          26.110      7208960     14417920
       56320          128          47.451     14417920     28835840
       56320          256          92.207     28835840     57671680
       56320          512         180.115     57671680    115343360
       56320         1024         364.199    115343360    230686720
       56320         2048         709.352    230686720    461373440
       56320         4096        1451.947    461373440    922746880
       56320         8192        2858.408    922746880   1845493760
       56320        16384        5702.107   1845493760   3690987520
       61440            1          10.380       122880       245760
       61440            2           7.915       245760       491520
       61440            4          15.850       491520       983040
       61440            8           6.262       983040      1966080
       61440           16           9.448      1966080      3932160
       61440           32          14.658      3932160      7864320
       61440           64          24.978      7864320     15728640
       61440          128          48.142     15728640     31457280
       61440          256          91.856     31457280     62914560
       61440          512         183.883     62914560    125829120
       61440         1024         354.310    125829120    251658240
       61440         2048         704.412    251658240    503316480
       61440         4096        1507.523    503316480   1006632960
       61440         8192        2808.421   1006632960   2013265920
       61440        16384        5665.786   2013265920   4026531840
       67584            1          11.112       135168       270336
       67584            2          12.144       270336       540672
       67584            4          10.571       540672      1081344
       67584            8           7.695      1081344      2162688
       67584           16           9.969      2162688      4325376
       67584           32          15.500      4325376      8650752
       67584           64          28.595      8650752     17301504
       67584          128          53.993     17301504     34603008
       67584          256         107.377     34603008     69206016
       67584          512         202.900     69206016    138412032
       67584         1024         400.699    138412032    276824064
       67584         2048         832.708    276824064    553648128
       67584         4096        1594.481    553648128   1107296256
       67584         8192        3215.774   1107296256   2214592512
       67584        16384        6417.229   2214592512   4429185024
       73728            1          19.107       147456       294912
       73728            2           4.429       294912       589824
       73728            4           9.879       589824      1179648
       73728            8           7.454      1179648      2359296
       73728           16           9.899      2359296      4718592
       73728           32          17.764      4718592      9437184
       73728           64          30.769      9437184     18874368
       73728          128          61.358     18874368     37748736
       73728          256         109.130     37748736     75497472
       73728          512         214.451     75497472    150994944
       73728         1024         424.315    150994944    301989888
       73728         2048         847.667    301989888    603979776
       73728         4096        1729.750    603979776   1207959552
       73728         8192        3379.748   1207959552   2415919104
       73728        16384        6751.070   2415919104   4831838208
       80896            1          11.412       161792       323584
       80896            2           6.423       323584       647168
       80896            4          10.290       647168      1294336
       80896            8           6.883      1294336      2588672
       80896           16          11.853      2588672      5177344
       80896           32          19.417      5177344     10354688
       80896           64          39.426     10354688     20709376
       80896          128          66.788     20709376     41418752
       80896          256         127.806     41418752     82837504
       80896          512         252.675     82837504    165675008
       80896         1024         495.581    165675008    331350016
       80896         2048         992.264    331350016    662700032
       80896         4096        2033.524    662700032   1325400064
       80896         8192        3964.380   1325400064   2650800128
       80896        16384        7938.599   2650800128   5301600256
       88064            1          11.442       176128       352256
       88064            2           4.769       352256       704512
       88064            4          10.490       704512      1409024
       88064            8           8.215      1409024      2818048
       88064           16          12.323      2818048      5636096
       88064           32          25.839      5636096     11272192
       88064           64          36.250     11272192     22544384
       88064          128          67.931     22544384     45088768
       88064          256         131.843     45088768     90177536
       88064          512         264.307     90177536    180355072
       88064         1024         521.300    180355072    360710144
       88064         2048        1080.504    360710144    721420288
       88064         4096        2083.650    721420288   1442840576
       88064         8192        4160.737   1442840576   2885681152
       96256            1          11.612       192512       385024
       96256            2           5.521       385024       770048
       96256            4          10.961       770048      1540096
       96256            8           8.356      1540096      3080192
       96256           16          12.845      3080192      6160384
       96256           32          25.820      6160384     12320768
       96256           64          39.205     12320768     24641536
       96256          128          73.731     24641536     49283072
       96256          256         182.069     49283072     98566144
       96256          512         291.299     98566144    197132288
       96256         1024         564.013    197132288    394264576
       96256         2048        1124.158    394264576    788529152
       96256         4096        2273.113    788529152   1577058304
       96256         8192        4505.048   1577058304   3154116608
      105472            1          12.534       210944       421888
      105472            2           7.474       421888       843776
      105472            4          12.213       843776      1687552
      105472            8           9.719      1687552      3375104
      105472           16          14.178      3375104      6750208
      105472           32          28.445      6750208     13500416
      105472           64          43.383     13500416     27000832
      105472          128          83.180     27000832     54001664
      105472          256         161.951     54001664    108003328
      105472          512         319.794    108003328    216006656
      105472         1024         637.324    216006656    432013312
      105472         2048        1337.899    432013312    864026624
      105472         4096        2543.633    864026624   1728053248
      105472         8192        5095.902   1728053248   3456106496
      115712            1          12.284       231424       462848
      115712            2           4.860       462848       925696
      115712            4          11.632       925696      1851392
      115712            8           9.498      1851392      3702784
      115712           16          14.158      3702784      7405568
      115712           32          28.585      7405568     14811136
      115712           64          45.928     14811136     29622272
      115712          128          88.490     29622272     59244544
      115712          256         173.162     59244544    118489088
      115712          512         342.778    118489088    236978176
      115712         1024         683.041    236978176    473956352
      115712         2048        1398.574    473956352    947912704
      115712         4096        2757.674    947912704   1895825408
      115712         8192        5496.601   1895825408   3791650816
      126976            1          10.520       253952       507904
      126976            2           6.332       507904      1015808
      126976            4          12.063      1015808      2031616
      126976            8          10.590      2031616      4063232
      126976           16          16.071      4063232      8126464
      126976           32          31.220      8126464     16252928
      126976           64          49.996     16252928     32505856
      126976          128          98.388     32505856     65011712
      126976          256         194.383     65011712    130023424
      126976          512         386.392    130023424    260046848
      126976         1024         760.901    260046848    520093696
      126976         2048        1456.275    520093696   1040187392
      126976         4096        2934.283   1040187392   2080374784
      126976         8192        5828.308   2080374784   4160749568
      139264            1          10.029       278528       557056
      139264            2           5.440       557056      1114112
      139264            4          10.451      1114112      2228224
      139264            8          10.510      2228224      4456448
      139264           16          16.151      4456448      8912896
      139264           32          33.074      8912896     17825792
      139264           64          53.202     17825792     35651584
      139264          128         102.707     35651584     71303168
      139264          256         202.008     71303168    142606336
      139264          512         399.878    142606336    285212672
      139264         1024         802.401    285212672    570425344
      139264         2048        1593.589    570425344   1140850688
      139264         4096        3215.122   1140850688   2281701376
      139264         8192        6410.225   2281701376   4563402752
      152576            1          13.136       305152       610304
      152576            2           5.581       610304      1220608
      152576            4          12.814      1220608      2441216
      152576            8          11.021      2441216      4882432
      152576           16          17.434      4882432      9764864
      152576           32          35.828      9764864     19529728
      152576           64          59.564     19529728     39059456
      152576          128         114.680     39059456     78118912
      152576          256         225.503     78118912    156237824
      152576          512         447.078    156237824    312475648
      152576         1024         924.454    312475648    624951296
      152576         2048        1786.389    624951296   1249902592
      152576         4096        3589.962   1249902592   2499805184
      152576         8192        7244.847   2499805184   4999610368
      166912            1          12.754       333824       667648
      166912            2           8.837       667648      1335296
      166912            4          12.474      1335296      2670592
      166912            8          11.802      2670592      5341184
      166912           16          18.785      5341184     10682368
      166912           32          39.005     10682368     21364736
      166912           64          65.195     21364736     42729472
      166912          128         126.293     42729472     85458944
      166912          256         248.777     85458944    170917888
      166912          512         493.898    170917888    341835776
      166912         1024        1022.833    341835776    683671552
      166912         2048        1973.489    683671552   1367343104
      166912         4096        3970.532   1367343104   2734686208
      183296            1          12.193       366592       733184
      183296            2           8.366       733184      1466368
      183296            4          12.734      1466368      2932736
      183296            8          11.792      2932736      5865472
      183296           16          46.881      5865472     11730944
      183296           32          37.652     11730944     23461888
      183296           64          76.597     23461888     46923776
      183296          128         144.918     46923776     93847552
      183296          256         286.580     93847552    187695104
      183296          512         558.663    187695104    375390208
      183296         1024        1083.810    375390208    750780416
      183296         2048        2251.061    750780416   1501560832
      183296         4096        4335.753   1501560832   3003121664
      200704            1          18.215       401408       802816
      200704            2           6.883       802816      1605632
      200704            4          12.634      1605632      3211264
      200704            8          12.504      3211264      6422528
      200704           16          21.201      6422528     12845056
      200704           32          39.587     12845056     25690112
      200704           64          76.026     25690112     51380224
      200704          128         151.230     51380224    102760448
      200704          256         290.077    102760448    205520896
      200704          512         575.765    205520896    411041792
      200704         1024        1189.313    411041792    822083584
      200704         2048        2323.130    822083584   1644167168
      200704         4096        4622.664   1644167168   3288334336
      220160            1          12.774       440320       880640
      220160            2          13.015       880640      1761280
      220160            4          12.304      1761280      3522560
      220160            8          13.976      3522560      7045120
      220160           16          23.615      7045120     14090240
      220160           32          42.822     14090240     28180480
      220160           64          83.620     28180480     56360960
      220160          128         164.666     56360960    112721920
      220160          256         329.282    112721920    225443840
      220160          512         646.120    225443840    450887680
      220160         1024        1294.545    450887680    901775360
      220160         2048        2611.904    901775360   1803550720
      220160         4096        5180.545   1803550720   3607101440
      241664            1          12.444       483328       966656
      241664            2           6.372       966656      1933312
      241664            4          21.772      1933312      3866624
      241664            8          13.837      3866624      7733248
      241664           16          25.489      7733248     15466496
      241664           32          49.555     15466496     30932992
      241664           64          89.011     30932992     61865984
      241664          128         175.347     61865984    123731968
      241664          256         347.657    123731968    247463936
      241664          512         697.468    247463936    494927872
      241664         1024        1384.408    494927872    989855744
      241664         2048        2795.386    989855744   1979711488
      241664         4096        5668.712   1979711488   3959422976
      265216            1          11.552       530432      1060864
      265216            2           6.442      1060864      2121728
      265216            4          13.846      2121728      4243456
      265216            8          20.299      4243456      8486912
      265216           16          27.653      8486912     16973824
      265216           32          51.339     16973824     33947648
      265216           64          99.190     33947648     67895296
      265216          128         195.135     67895296    135790592
      265216          256         389.397    135790592    271581184
      265216          512         779.326    271581184    543162368
      265216         1024        1600.052    543162368   1086324736
      265216         2048        3111.412   1086324736   2172649472
      265216         4096        6223.537   2172649472   4345298944
      290816            1          14.628       581632      1163264
      290816            2           5.891      1163264      2326528
      290816            4          12.865      2326528      4653056
      290816            8          70.946      4653056      9306112
      290816           16          32.712      9306112     18612224
      290816           32          56.579     18612224     37224448
      290816           64         111.674     37224448     74448896
      290816          128         220.704     74448896    148897792
      290816          256         439.224    148897792    297795584
      290816          512         831.787    297795584    595591168
      290816         1024        1660.568    595591168   1191182336
      290816         2048        3353.016   1191182336   2382364672
      290816         4096        6687.217   2382364672   4764729344
      319488            1          13.706       638976      1277952
      319488            2           6.403      1277952      2555904
      319488            4          14.137      2555904      5111808
      319488            8          18.025      5111808     10223616
      319488           16          31.931     10223616     20447232
      319488           32          64.003     20447232     40894464
      319488           64         116.675     40894464     81788928
      319488          128         233.659     81788928    163577856
      319488          256         463.120    163577856    327155712
      319488          512         959.101    327155712    654311424
      319488         1024        1823.710    654311424   1308622848
      319488         2048        3730.942   1308622848   2617245696
      319488         4096        7352.975   2617245696   5234491392
      351232            1          11.662       702464      1404928
      351232            2           6.874      1404928      2809856
      351232            4          15.079      2809856      5619712
      351232            8          17.905      5619712     11239424
      351232           16          34.606     11239424     22478848
      351232           32          66.327     22478848     44957696
      351232           64         135.620     44957696     89915392
      351232          128         257.113     89915392    179830784
      351232          256         555.256    179830784    359661568
      351232          512        1024.005    359661568    719323136
      351232         1024        2040.016    719323136   1438646272
      351232         2048        4099.750   1438646272   2877292544
      386048            1          13.766       772096      1544192
      386048            2          14.588      1544192      3088384
      386048            4          16.341      3088384      6176768
      386048            8          19.988      6176768     12353536
      386048           16          37.762     12353536     24707072
      386048           32          71.618     24707072     49414144
      386048           64         141.672     49414144     98828288
      386048          128         280.899     98828288    197656576
      386048          256         562.109    197656576    395313152
      386048          512        1113.267    395313152    790626304
      386048         1024        2283.954    790626304   1581252608
      386048         2048        4463.909   1581252608   3162505216
      423936            1          10.420       847872      1695744
      423936            2           8.817      1695744      3391488
      423936            4          17.083      3391488      6782976
      423936            8          27.643      6782976     13565952
      423936           16          40.929     13565952     27131904
      423936           32          78.460     27131904     54263808
      423936           64         154.106     54263808    108527616
      423936          128         346.926    108527616    217055232
      423936          256         631.343    217055232    434110464
      423936          512        1255.680    434110464    868220928
      423936         1024        2455.864    868220928   1736441856
      423936         2048        4894.075   1736441856   3472883712
      465920            1          14.557       931840      1863680
      465920            2           7.906      1863680      3727360
      465920            4          19.217      3727360      7454720
      465920            8          24.086      7454720     14909440
      465920           16          45.087     14909440     29818880
      465920           32          91.315     29818880     59637760
      465920           64         170.919     59637760    119275520
      465920          128         341.064    119275520    238551040
      465920          256         717.798    238551040    477102080
      465920          512        1345.343    477102080    954204160
      465920         1024        2718.138    954204160   1908408320
      465920         2048        5408.011   1908408320   3816816640
      512000            1          23.876      1024000      2048000
      512000            2           8.716      2048000      4096000
      512000            4          18.115      4096000      8192000
      512000            8          25.098      8192000     16384000
      512000           16          47.782     16384000     32768000
      512000           32          96.977     32768000     65536000
      512000           64         184.815     65536000    131072000
      512000          128         471.305    131072000    262144000
      512000          256         735.181    262144000    524288000
      512000          512        1494.018    524288000   1048576000
      512000         1024        2990.350   1048576000   2097152000
      512000         2048        5873.736   2097152000   4194304000
      563200            1          14.418      1126400      2252800
      563200            2           8.917      2252800      4505600
      563200            4          26.080      4505600      9011200
      563200            8          26.922      9011200     18022400
      563200           16          52.611     18022400     36044800
      563200           32         102.717     36044800     72089600
      563200           64         202.679     72089600    144179200
      563200          128         404.717    144179200    288358400
      563200          256         807.540    288358400    576716800
      563200          512        1643.906    576716800   1153433600
      563200         1024        3235.651   1153433600   2306867200
      563200         2048        6540.976   2306867200   4613734400
      619520            1          13.556      1239040      2478080
      619520            2           8.005      2478080      4956160
      619520            4          20.500      4956160      9912320
      619520            8          30.137      9912320     19824640
      619520           16          63.382     19824640     39649280
      619520           32         113.337     39649280     79298560
      619520           64         224.261     79298560    158597120
      619520          128         491.102    158597120    317194240
      619520          256         900.358    317194240    634388480
      619520          512        1777.332    634388480   1268776960
      619520         1024        3577.848   1268776960   2537553920
      619520         2048        7151.297   2537553920   5075107840
      680960            1          15.360      1361920      2723840
      680960            2          10.871      2723840      5447680
      680960            4          20.769      5447680     10895360
      680960            8          31.931     10895360     21790720
      680960           16          63.050     21790720     43581440
      680960           32         124.169     43581440     87162880
      680960           64         249.980     87162880    174325760
      680960          128         563.883    174325760    348651520
      680960          256         977.567    348651520    697303040
      680960          512        1956.776    697303040   1394606080
      680960         1024        3929.894   1394606080   2789212160
      748544            1          17.193      1497088      2994176
      748544            2          10.140      2994176      5988352
      748544            4          29.306      5988352     11976704
      748544            8          35.287     11976704     23953408
      748544           16          70.987     23953408     47906816
      748544           32         142.093     47906816     95813632
      748544           64         285.338     95813632    191627264
      748544          128         546.058    191627264    383254528
      748544          256        1081.547    383254528    766509056
      748544          512        2193.110    766509056   1533018112
      748544         1024        4326.345   1533018112   3066036224
      823296            1          15.831      1646592      3293184
      823296            2          12.725      3293184      6586368
      823296            4          23.926      6586368     13172736
      823296            8          38.664     13172736     26345472
      823296           16          75.175     26345472     52690944
      823296           32         154.937     52690944    105381888
      823296           64         297.110    105381888    210763776
      823296          128         626.222    210763776    421527552
      823296          256        1187.589    421527552    843055104
      823296          512        2351.424    843055104   1686110208
      823296         1024        4733.436   1686110208   3372220416
      905216            1          17.523      1810432      3620864
      905216            2          18.195      3620864      7241728
      905216            4          24.738      7241728     14483456
      905216            8          41.279     14483456     28966912
      905216           16          81.707     28966912     57933824
      905216           32         161.580     57933824    115867648
      905216           64         323.962    115867648    231735296
      905216          128         649.377    231735296    463470592
      905216          256        1342.697    463470592    926941184
      905216          512        2588.269    926941184   1853882368
      905216         1024        5271.239   1853882368   3707764736
      995328            1          17.193      1990656      3981312
      995328            2          11.142      3981312      7962624
      995328            4          26.230      7962624     15925248
      995328            8          45.087     15925248     31850496
      995328           16          94.241     31850496     63700992
      995328           32         178.393     63700992    127401984
      995328           64         355.463    127401984    254803968
      995328          128         712.528    254803968    509607936
      995328          256        1457.879    509607936   1019215872
      995328          512        2842.356   1019215872   2038431744
      995328         1024        5711.404   2038431744   4076863488
     1094656            1          25.919      2189312      4378624
     1094656            2          13.446      4378624      8757248
     1094656            4          29.868      8757248     17514496
     1094656            8          49.455     17514496     35028992
     1094656           16          97.437     35028992     70057984
     1094656           32         195.936     70057984    140115968
     1094656           64         392.253    140115968    280231936
     1094656          128         855.422    280231936    560463872
     1094656          256        1570.395    560463872   1120927744
     1094656          512        3155.267   1120927744   2241855488
     1094656         1024        6271.459   2241855488   4483710976
     1203200            1          18.045      2406400      4812800
     1203200            2          14.708      4812800      9625600
     1203200            4          31.761      9625600     19251200
     1203200            8          59.183     19251200     38502400
     1203200           16         108.428     38502400     77004800
     1203200           32         216.205     77004800    154009600
     1203200           64         455.935    154009600    308019200
     1203200          128         875.630    308019200    616038400
     1203200          256        1758.325    616038400   1232076800
     1203200          512        3447.187   1232076800   2464153600
     1203200         1024        7022.069   2464153600   4928307200
     1323008            1          19.197      2646016      5292032
     1323008            2          14.989      5292032     10584064
     1323008            4          33.314     10584064     21168128
     1323008            8          57.962     21168128     42336256
     1323008           16         117.476     42336256     84672512
     1323008           32         235.362     84672512    169345024
     1323008           64         478.669    169345024    338690048
     1323008          128         942.159    338690048    677380096
     1323008          256        1913.804    677380096   1354760192
     1323008          512        3791.658   1354760192   2709520384
     1323008         1024        7591.222   2709520384   5419040768
     1455104            1          20.780      2910208      5820416
     1455104            2          18.094      5820416     11640832
     1455104            4          43.424     11640832     23281664
     1455104            8          63.712     23281664     46563328
     1455104           16         128.987     46563328     93126656
     1455104           32         259.127     93126656    186253312
     1455104           64         521.991    186253312    372506624
     1455104          128        1043.242    372506624    745013248
     1455104          256        2118.747    745013248   1490026496
     1455104          512        4185.716   1490026496   2980052992
     1600512            1          22.163      3201024      6402048
     1600512            2          18.916      6402048     12804096
     1600512            4          38.323     12804096     25608192
     1600512            8          69.423     25608192     51216384
     1600512           16         141.512     51216384    102432768
     1600512           32         290.408    102432768    204865536
     1600512           64         610.152    204865536    409731072
     1600512          128        1144.407    409731072    819462144
     1600512          256        2291.599    819462144   1638924288
     1600512          512        4936.806   1638924288   3277848576
     1760256            1          21.632      3520512      7041024
     1760256            2          18.355      7041024     14082048
     1760256            4          43.353     14082048     28164096
     1760256            8          81.767     28164096     56328192
     1760256           16         156.150     56328192    112656384
     1760256           32         313.101    112656384    225312768
     1760256           64         627.124    225312768    450625536
     1760256          128        1293.222    450625536    901251072
     1760256          256        2517.512    901251072   1802502144
     1760256          512        5061.466   1802502144   3605004288
     1935360            1          31.510      3870720      7741440
     1935360            2          21.502      7741440     15482880
     1935360            4          46.860     15482880     30965760
     1935360            8          88.740     30965760     61931520
     1935360           16         180.045     61931520    123863040
     1935360           32         363.728    123863040    247726080
     1935360           64         731.945    247726080    495452160
     1935360          128        1492.705    495452160    990904320
     1935360          256        2943.020    990904320   1981808640
     1935360          512        5633.725   1981808640   3963617280
     2128896            1          25.829      4257792      8515584
     2128896            2          20.118      8515584     17031168
     2128896            4          49.094     17031168     34062336
     2128896            8          92.527     34062336     68124672
     2128896           16         202.128     68124672    136249344
     2128896           32         399.427    136249344    272498688
     2128896           64         797.210    272498688    544997376
     2128896          128        1524.566    544997376   1089994752
     2128896          256        3064.623   1089994752   2179989504
     2128896          512        6111.652   2179989504   4359979008
     2340864            1          28.094      4681728      9363456
     2340864            2          29.807      9363456     18726912
     2340864            4          52.671     18726912     37453824
     2340864            8         101.014     37453824     74907648
     2340864           16         210.454     74907648    149815296
     2340864           32         412.782    149815296    299630592
     2340864           64         830.695    299630592    599261184
     2340864          128        1665.287    599261184   1198522368
     2340864          256        3363.727   1198522368   2397044736
     2340864          512        6723.276   2397044736   4794089472
     2574336            1          27.643      5148672     10297344
     2574336            2          26.150     10297344     20594688
     2574336            4          57.401     20594688     41189376
     2574336            8         110.512     41189376     82378752
     2574336           16         225.283     82378752    164757504
     2574336           32         543.634    164757504    329515008
     2574336           64         913.193    329515008    659030016
     2574336          128        1835.554    659030016   1318060032
     2574336          256        3692.809   1318060032   2636120064
     2574336          512        7376.470   2636120064   5272240128
     2831360            1          32.823      5662720     11325440
     2831360            2          26.381     11325440     22650880
     2831360            4          69.093     22650880     45301760
     2831360            8         120.441     45301760     90603520
     2831360           16         284.517     90603520    181207040
     2831360           32         510.840    181207040    362414080
     2831360           64        1003.437    362414080    724828160
     2831360          128        2019.507    724828160   1449656320
     2831360          256        4086.424   1449656320   2899312640
     3113984            1          38.964      6227968     12455936
     3113984            2          29.757     12455936     24911872
     3113984            4          67.379     24911872     49823744
     3113984            8         131.802     49823744     99647488
     3113984           16         270.459     99647488    199294976
     3113984           32         549.294    199294976    398589952
     3113984           64        1104.550    398589952    797179904
     3113984          128        2261.281    797179904   1594359808
     3113984          256        4451.254   1594359808   3188719616
     3425280            1          32.943      6850560     13701120
     3425280            2          33.344     13701120     27402240
     3425280            4          74.022     27402240     54804480
     3425280            8         145.490     54804480    109608960
     3425280           16         364.350    109608960    219217920
     3425280           32         633.476    219217920    438435840
     3425280           64        1219.030    438435840    876871680
     3425280          128        2463.038    876871680   1753743360
     3425280          256        4909.074   1753743360   3507486720
     3767296            1          33.875      7534592     15069184
     3767296            2          35.157     15069184     30138368
     3767296            4          80.013     30138368     60276736
     3767296            8         164.306     60276736    120553472
     3767296           16         330.895    120553472    241106944
     3767296           32         696.407    241106944    482213888
     3767296           64        1338.399    482213888    964427776
     3767296          128        2697.918    964427776   1928855552
     3767296          256        5421.798   1928855552   3857711104
     4143104            1          36.180      8286208     16572416
     4143104            2          45.688     16572416     33144832
     4143104            4          86.486     33144832     66289664
     4143104            8         175.317     66289664    132579328
     4143104           16         360.301    132579328    265158656
     4143104           32         775.519    265158656    530317312
     4143104           64        1471.985    530317312   1060634624
     4143104          128        2964.090   1060634624   2121269248
     4143104          256        5930.765   2121269248   4242538496
     4556800            1          40.818      9113600     18227200
     4556800            2          41.629     18227200     36454400
     4556800            4          94.432     36454400     72908800
     4556800            8         191.177     72908800    145817600
     4556800           16         395.309    145817600    291635200
     4556800           32         804.544    291635200    583270400
     4556800           64        1621.282    583270400   1166540800
     4556800          128        3337.707   1166540800   2333081600
     4556800          256        6536.197   2333081600   4666163200
     5012480            1          45.287     10024960     20049920
     5012480            2          42.301     20049920     40099840
     5012480            4         103.479     40099840     80199680
     5012480            8         211.295     80199680    160399360
     5012480           16         440.566    160399360    320798720
     5012480           32         928.322    320798720    641597440
     5012480           64        1778.584    641597440   1283194880
     5012480          128        3590.793   1283194880   2566389760
     5012480          256        7179.402   2566389760   5132779520
     5513216            1          46.530     11026432     22052864
     5513216            2          47.440     22052864     44105728
     5513216            4         117.806     44105728     88211456
     5513216            8         230.933     88211456    176422912
     5513216           16         476.695    176422912    352845824
     5513216           32        1009.628    352845824    705691648
     5513216           64        1953.590    705691648   1411383296
     5513216          128        3933.090   1411383296   2822766592
     6064128            1          54.875     12128256     24256512
     6064128            2          58.462     24256512     48513024
     6064128            4         158.525     48513024     97026048
     6064128            8         259.729     97026048    194052096
     6064128           16         524.176    194052096    388104192
     6064128           32        1067.680    388104192    776208384
     6064128           64        2172.139    776208384   1552416768
     6064128          128        4377.082   1552416768   3104833536
     6670336            1          64.254     13340672     26681344
     6670336            2          56.769     26681344     53362688
     6670336            4         134.828     53362688    106725376
     6670336            8         278.144    106725376    213450752
     6670336           16         579.703    213450752    426901504
     6670336           32        1213.680    426901504    853803008
     6670336           64        2363.477    853803008   1707606016
     6670336          128        4760.348   1707606016   3415212032
     7336960            1          61.979     14673920     29347840
     7336960            2          61.468     29347840     58695680
     7336960            4         146.411     58695680    117391360
     7336960            8         305.476    117391360    234782720
     7336960           16         633.516    234782720    469565440
     7336960           32        1289.945    469565440    939130880
     7336960           64        2667.822    939130880   1878261760
     7336960          128        5258.764   1878261760   3756523520
     8070144            1          67.911     16140288     32280576
     8070144            2          66.768     32280576     64561152
     8070144            4         161.430     64561152    129122304
     8070144            8         336.266    129122304    258244608
     8070144           16         698.912    258244608    516489216
     8070144           32        1421.699    516489216   1032978432
     8070144           64        2896.820   1032978432   2065956864
     8070144          128        5778.332   2065956864   4131913728
     8877056            1          71.838     17754112     35508224
     8877056            2          72.289     35508224     71016448
     8877056            4         175.888     71016448    142032896
     8877056            8         369.489    142032896    284065792
     8877056           16         772.753    284065792    568131584
     8877056           32        1589.701    568131584   1136263168
     8877056           64        3142.022   1136263168   2272526336
     8877056          128        6331.985   2272526336   4545052672
     9763840            1          75.956     19527680     39055360
     9763840            2          80.515     39055360     78110720
     9763840            4         192.871     78110720    156221440
     9763840            8         468.429    156221440    312442880
     9763840           16         841.044    312442880    624885760
     9763840           32        1716.294    624885760   1249771520
     9763840           64        3511.371   1249771520   2499543040
     9763840          128        6971.693   2499543040   4999086080
    10739712            1          87.849     21479424     42958848
    10739712            2          88.219     42958848     85917696
    10739712            4         217.417     85917696    171835392
    10739712            8         450.505    171835392    343670784
    10739712           16         982.275    343670784    687341568
    10739712           32        1880.650    687341568   1374683136
    10739712           64        3814.281   1374683136   2749366272
    11812864            1          96.515     23625728     47251456
    11812864            2          96.505     47251456     94502912
    11812864            4         272.844     94502912    189005824
    11812864            8         505.771    189005824    378011648
    11812864           16        1016.401    378011648    756023296
    11812864           32        2071.396    756023296   1512046592
    11812864           64        4186.877   1512046592   3024093184
    12993536            1         106.394     25987072     51974144
    12993536            2         104.992     51974144    103948288
    12993536            4         263.746    103948288    207896576
    12993536            8         541.409    207896576    415793152
    12993536           16        1118.086    415793152    831586304
    12993536           32        2310.306    831586304   1663172608
    12993536           64        4618.054   1663172608   3326345216
    14291968            1         113.167     28583936     57167872
    14291968            2         116.744     57167872    114335744
    14291968            4         320.224    114335744    228671488
    14291968            8         591.586    228671488    457342976
    14291968           16        1233.979    457342976    914685952
    14291968           32        2525.789    914685952   1829371904
    14291968           64        5075.002   1829371904   3658743808
    15720448            1         125.110     31440896     62881792
    15720448            2         126.372     62881792    125763584
    15720448            4         314.112    125763584    251527168
    15720448            8         681.558    251527168    503054336
    15720448           16        1357.025    503054336   1006108672
    15720448           32        2812.920   1006108672   2012217344
    15720448           64        5574.982   2012217344   4024434688
    17292288            1         135.811     34584576     69169152
    17292288            2         150.779     69169152    138338304
    17292288            4         389.909    138338304    276676608
    17292288            8         737.906    276676608    553353216
    17292288           16        1488.757    553353216   1106706432
    17292288           32        3056.016   1106706432   2213412864
    17292288           64        6137.101   2213412864   4426825728
    19020800            1         141.080     38041600     76083200
    19020800            2         165.298     76083200    152166400
    19020800            4         398.726    152166400    304332800
    19020800            8         841.095    304332800    608665600
    19020800           16        1712.598    608665600   1217331200
    19020800           32        3332.738   1217331200   2434662400
    19020800           64        6767.520   2434662400   4869324800
    20922368            1         161.930     41844736     83689472
    20922368            2         166.740     83689472    167378944
    20922368            4         494.459    167378944    334757888
    20922368            8         864.900    334757888    669515776
    20922368           16        1802.119    669515776   1339031552
    20922368           32        3689.913   1339031552   2678063104
    20922368           64        7436.725   2678063104   5356126208
    23014400            1         179.163     46028800     92057600
    23014400            2         182.350     92057600    184115200
    23014400            4         492.796    184115200    368230400
    23014400            8         953.831    368230400    736460800
    23014400           16        1977.927    736460800   1472921600
    23014400           32        4055.044   1472921600   2945843200
    25315328            1         186.548     50630656    101261312
    25315328            2         203.571    101261312    202522624
    25315328            4         486.864    202522624    405045248
    25315328            8        1050.757    405045248    810090496
    25315328           16        2212.116    810090496   1620180992
    25315328           32        4452.917   1620180992   3240361984
    27846656            1         209.462     55693312    111386624
    27846656            2         219.331    111386624    222773248
    27846656            4         534.586    222773248    445546496
    27846656            8        1185.435    445546496    891092992
    27846656           16        2400.237    891092992   1782185984
    27846656           32        4894.466   1782185984   3564371968
    30630912            1         231.565     61261824    122523648
    30630912            2         242.366    122523648    245047296
    30630912            4         586.476    245047296    490094592
    30630912            8        1268.395    490094592    980189184
    30630912           16        2665.056    980189184   1960378368
    30630912           32        5378.554   1960378368   3920756736
    33693696            1         257.915     67387392    134774784
    33693696            2         268.736    134774784    269549568
    33693696            4         643.946    269549568    539099136
    33693696            8        1393.956    539099136   1078198272
    33693696           16        3002.985   1078198272   2156396544
    33693696           32        5932.849   2156396544   4312793088
    37062656            1         282.131     74125312    148250624
    37062656            2         293.673    148250624    296501248
    37062656            4         708.700    296501248    593002496
    37062656            8        1577.238    593002496   1186004992
    37062656           16        3183.452   1186004992   2372009984
    37062656           32        6545.135   2372009984   4744019968
    40768512            1         301.038     81537024    163074048
    40768512            2         330.214    163074048    326148096
    40768512            4         803.613    326148096    652296192
    40768512            8        1685.455    652296192   1304592384
    40768512           16        3551.488   1304592384   2609184768
    40768512           32        7175.785   2609184768   5218369536
    44845056            1         336.156     89690112    179380224
    44845056            2         389.779    179380224    358760448
    44845056            4         868.948    358760448    717520896
    44845056            8        1950.755    717520896   1435041792
    44845056           16        3875.239   1435041792   2870083584
    49329152            1         366.353     98658304    197316608
    49329152            2         385.460    197316608    394633216
    49329152            4         960.184    394633216    789266432
    49329152            8        2037.101    789266432   1578532864
    49329152           16        4254.076   1578532864   3157065728
    54261760            1         471.586    108523520    217047040
    54261760            2         427.571    217047040    434094080
    54261760            4        1033.604    434094080    868188160
    54261760            8        2252.535    868188160   1736376320
    54261760           16        4682.318   1736376320   3472752640
    59687936            1         433.452    119375872    238751744
    59687936            2         475.563    238751744    477503488
    59687936            4        1136.301    477503488    955006976
    59687936            8        2491.523    955006976   1910013952
    59687936           16        5137.552   1910013952   3820027904
    65655808            1         472.316    131311616    262623232
    65655808            2         565.005    262623232    525246464
    65655808            4        1342.657    525246464   1050492928
    65655808            8        2794.604   1050492928   2100985856
    65655808           16        5641.600   2100985856   4201971712
    72220672            1         509.428    144441344    288882688
    72220672            2         568.862    288882688    577765376
    72220672            4        1371.452    577765376   1155530752
    72220672            8        3073.981   1155530752   2311061504
    72220672           16        6292.589   2311061504   4622123008
    79441920            1         590.163    158883840    317767680
    79441920            2         622.725    317767680    635535360
    79441920            4        1512.373    635535360   1271070720
    79441920            8        3289.595   1271070720   2542141440
    79441920           16        6876.330   2542141440   5084282880
    87386112            1         631.331    174772224    349544448
    87386112            2         681.728    349544448    699088896
    87386112            4        1685.566    699088896   1398177792
    87386112            8        3614.178   1398177792   2796355584
    96123904            1         689.293    192247808    384495616
    96123904            2         773.424    384495616    768991232
    96123904            4        1842.357    768991232   1537982464
    96123904            8        4003.175   1537982464   3075964928
   105736192            1         769.677    211472384    422944768
   105736192            2         905.668    422944768    845889536
   105736192            4        2035.868    845889536   1691779072
   105736192            8        4374.297   1691779072   3383558144
   116308992            1         831.627    232617984    465235968
   116308992            2         952.779    465235968    930471936
   116308992            4        2206.645    930471936   1860943872
   116308992            8        4814.051   1860943872   3721887744
   127939584            1         938.041    255879168    511758336
   127939584            2         995.080    511758336   1023516672
   127939584            4        2433.161   1023516672   2047033344
   127939584            8        5276.729   2047033344   4094066688
   140733440            1         992.405    281466880    562933760
   140733440            2        1114.198    562933760   1125867520
   140733440            4        2666.759   1125867520   2251735040
   140733440            8        5873.295   2251735040   4503470080
   154806272            1        1100.844    309612544    619225088
   154806272            2        1206.436    619225088   1238450176
   154806272            4        2969.110   1238450176   2476900352
   154806272            8        6430.915   2476900352   4953800704
   170286080            1        1209.261    340572160    681144320
   170286080            2        1324.733    681144320   1362288640
   170286080            4        3289.495   1362288640   2724577280
   187314176            1        1354.811    374628352    749256704
   187314176            2        1456.155    749256704   1498513408
   187314176            4        3552.599   1498513408   2997026816
   206045184            1        1470.122    412090368    824180736
   206045184            2        1929.414    824180736   1648361472
   206045184            4        4027.321   1648361472   3296722944
   226649088            1        1615.601    453298176    906596352
   226649088            2        1795.597    906596352   1813192704
   226649088            4        4334.851   1813192704   3626385408
   249313280            1        1766.100    498626560    997253120
   249313280            2        2024.796    997253120   1994506240
   249313280            4        4743.485   1994506240   3989012480
   274244608            1        1943.160    548489216   1096978432
   274244608            2        2148.545   1096978432   2193956864
   274244608            4        5202.427   2193956864   4387913728
   301668352            1        2119.338    603336704   1206673408
   301668352            2        2373.998   1206673408   2413346816
   301668352            4        5794.273   2413346816   4826693632
   331834368            1        2357.917    663668736   1327337472
   331834368            2        2585.283   1327337472   2654674944
   331834368            4        6289.153   2654674944   5309349888
   365017088            1        2617.385    730034176   1460068352
   365017088            2        2834.912   1460068352   2920136704
   401518592            1        2860.150    803037184   1606074368
   401518592            2        3122.604   1606074368   3212148736
   441669632            1        3172.019    883339264   1766678528
   441669632            2        3437.909   1766678528   3533357056
   485835776            1        3472.836    971671552   1943343104
   485835776            2        3819.162   1943343104   3886686208
   534418432            1        3837.577   1068836864   2137673728
   534418432            2        4199.372   2137673728   4275347456
   587859968            1        4137.212   1175719936   2351439872
   587859968            2        4671.187   2351439872   4702879744
   646645760            1        4631.190   1293291520   2586583040
   646645760            2        5738.446   2586583040   5173166080
   711310336            1        5024.936   1422620672   2845241344
   782440448            1        5513.804   1564880896   3129761792
   860684288            1        6076.624   1721368576   3442737152
   946752512            1        6644.234   1893505024   3787010048
  1041427456            1        7308.000   2082854912   4165709824
  1145569280            1        8113.896   2291138560   4582277120
  1260126208            1        8881.168   2520252416   5040504832

META_DATA
FLOPS          32
MPI_PROCS      128
ERT_VERSION  1.1.0
HOSTNAME  ('nid004033', [], ['10.253.33.94'])
UNAME  uname_result(system='Linux', node='nid004033', release='5.14.21-150400.24.46_12.0.63-cray_shasta_c', version='#1 SMP Fri Mar 3 22:39:37 UTC 2023 (6e164f9)', machine='x86_64')
TIMESTAMP_DATA  1710934803.2896104
CONFIG  {'ERT_RESULTS': ['Results.archer.01'], 'ERT_DRIVER': ['driver1'], 'ERT_KERNEL': ['kernel1'], 'ERT_MPI': ['True'], 'ERT_MPI_CFLAGS': [], 'ERT_MPI_LDFLAGS': [], 'ERT_OPENMP': ['False'], 'ERT_OPENMP_CFLAGS': ['-fopenmp'], 'ERT_OPENMP_LDFLAGS': ['-fopenmp'], 'ERT_FLOPS': ['1,2,4,8,16,32'], 'ERT_ALIGN': ['32'], 'ERT_CC': ['mpic++'], 'ERT_CFLAGS': ['-Ofast', '-fargument-noalias', '-mavx2'], 'ERT_LD': ['mpic++'], 'ERT_LDFLAGS': [], 'ERT_LDLIBS': [], 'ERT_RUN': ['export', 'OMP_NUM_THREADS=ERT_OPENMP_THREADS;', 'srun', '--distribution=block:block', '--hint=nomultithread', '--ntasks', 'ERT_MPI_PROCS', 'ERT_CODE'], 'ERT_PROCS_THREADS': ['32,64,128'], 'ERT_MPI_PROCS': ['32,64,128'], 'ERT_OPENMP_THREADS': [], 'ERT_NUM_EXPERIMENTS': ['5'], 'ERT_MEMORY_MAX': ['1357905920'], 'ERT_WORKING_SET_MIN': ['1'], 'ERT_TRIALS_MIN': ['1'], 'ERT_GNUPLOT': ['gnuplot'], 'ERT_GPU': [False], 'ERT_HIP': [False], 'ERT_PRECISION': ['FP64'], 'ERT_OCL': [False], 'ERT_SYCL': [False], 'ERT_WSS_MULT': [1.1]}
