fp64
        1024            1           7.735         2048          256
        1024            2           4.348         4096          512
        1024            4         302.844         8192         1024
        1024            8           5.400        16384         2048
        1024           16           4.700        32768         4096
        1024           32           5.000        65536         8192
        1024           64           3.206       131072        16384
        1024          128           4.909       262144        32768
        1024          256           4.719       524288        65536
        1024          512           9.047      1048576       131072
        1024         1024           5.281      2097152       262144
        1024         2048           5.961      4194304       524288
        1024         4096           8.547      8388608      1048576
        1024         8192          11.452     16777216      2097152
        1024        16384          21.762     33554432      4194304
        1024        32768          39.497     67108864      8388608
        1024        65536          78.822    134217728     16777216
        1024       131072         144.909    268435456     33554432
        1024       262144         286.211    536870912     67108864
        1024       524288         569.779   1073741824    134217728
        1024      1048576        1683.686   2147483648    268435456
        2048            1           7.655         4096          512
        2048            2           4.599         8192         1024
        2048            4          11.722        16384         2048
        2048            8           3.958        32768         4096
        2048           16           4.528        65536         8192
        2048           32           3.978       131072        16384
        2048           64           3.497       262144        32768
        2048          128           4.228       524288        65536
        2048          256           4.239      1048576       131072
        2048          512           9.018      2097152       262144
        2048         1024           5.340      4194304       524288
        2048         2048           5.751      8388608      1048576
        2048         4096           8.566     16777216      2097152
        2048         8192          11.142     33554432      4194304
        2048        16384          21.692     67108864      8388608
        2048        32768          39.416    134217728     16777216
        2048        65536          78.531    268435456     33554432
        2048       131072         145.009    536870912     67108864
        2048       262144         287.304   1073741824    134217728
        2048       524288         569.208   2147483648    268435456
        3072            1           7.154         6144          768
        3072            2           4.770        12288         1536
        3072            4           4.539        24576         3072
        3072            8           8.506        49152         6144
        3072           16           4.899        98304        12288
        3072           32           5.090       196608        24576
        3072           64           4.799       393216        49152
        3072          128           3.567       786432        98304
        3072          256           5.330      1572864       196608
        3072          512           5.400      3145728       393216
        3072         1024           9.809      6291456       786432
        3072         2048           6.252     12582912      1572864
        3072         4096           8.396     25165824      3145728
        3072         8192          13.075     50331648      6291456
        3072        16384          20.400    100663296     12582912
        3072        32768          39.446    201326592     25165824
        3072        65536          74.684    402653184     50331648
        3072       131072         149.178    805306368    100663296
        3072       262144         286.192   1610612736    201326592
        4096            1           9.649         8192         1024
        4096            2           5.410        16384         2048
        4096            4           4.168        32768         4096
        4096            8           5.280        65536         8192
        4096           16           4.939       131072        16384
        4096           32           9.448       262144        32768
        4096           64           5.029       524288        65536
        4096          128           5.070      1048576       131072
        4096          256           5.199      2097152       262144
        4096          512           4.087      4194304       524288
        4096         1024           5.440      8388608      1048576
        4096         2048           6.372     16777216      2097152
        4096         4096          11.091     33554432      4194304
        4096         8192          10.371     67108864      8388608
        4096        16384          17.113    134217728     16777216
        4096        32768          29.788    268435456     33554432
        4096        65536          56.529    536870912     67108864
        4096       131072         122.807   1073741824    134217728
        4096       262144         253.980   2147483648    268435456
        5120            1          17.824        10240         1280
        5120            2           5.410        20480         2560
        5120            4           4.799        40960         5120
        5120            8           3.997        81920        10240
        5120           16           3.226       163840        20480
        5120           32           4.279       327680        40960
        5120           64           4.259       655360        81920
        5120          128           9.168      1310720       163840
        5120          256           4.679      2621440       327680
        5120          512           4.448      5242880       655360
        5120         1024           5.220     10485760      1310720
        5120         2048           4.709     20971520      2621440
        5120         4096           7.946     41943040      5242880
        5120         8192          11.832     83886080     10485760
        5120        16384          20.399    167772160     20971520
        5120        32768          28.355    335544320     41943040
        5120        65536          52.782    671088640     83886080
        5120       131072         100.725   1342177280    167772160
        5120       262144         197.852   2684354560    335544320
        6144            1           8.827        12288         1536
        6144            2           6.292        24576         3072
        6144            4           9.719        49152         6144
        6144            8           3.827        98304        12288
        6144           16           4.889       196608        24576
        6144           32           4.830       393216        49152
        6144           64           3.397       786432        98304
        6144          128           4.158      1572864       196608
        6144          256           3.997      3145728       393216
        6144          512           9.629      6291456       786432
        6144         1024           5.170     12582912      1572864
        6144         2048           5.711     25165824      3145728
        6144         4096           7.364     50331648      6291456
        6144         8192           9.187    100663296     12582912
        6144        16384          16.892    201326592     25165824
        6144        32768          29.707    402653184     50331648
        6144        65536          59.284    805306368    100663296
        6144       131072         106.506   1610612736    201326592
        7168            1           8.607        14336         1792
        7168            2           4.700        28672         3584
        7168            4           3.337        57344         7168
        7168            8           5.070       114688        14336
        7168           16           4.699       229376        28672
        7168           32           9.488       458752        57344
        7168           64           4.339       917504       114688
        7168          128           4.839      1835008       229376
        7168          256           4.800      3670016       458752
        7168          512           3.777      7340032       917504
        7168         1024           4.809     14680064      1835008
        7168         2048           5.281     29360128      3670016
        7168         4096          10.440     58720256      7340032
        7168         8192          10.119    117440512     14680064
        7168        16384          17.133    234881024     29360128
        7168        32768          29.286    469762048     58720256
        7168        65536          56.008    939524096    117440512
        7168       131072         118.629   1879048192    234881024
        8192            1          10.080        16384         2048
        8192            2          10.059        32768         4096
        8192            4           5.040        65536         8192
        8192            8           4.258       131072        16384
        8192           16           4.900       262144        32768
        8192           32           3.397       524288        65536
        8192           64           4.508      1048576       131072
        8192          128           4.899      2097152       262144
        8192          256           9.138      4194304       524288
        8192          512           4.819      8388608      1048576
        8192         1024           5.470     16777216      2097152
        8192         2048           6.262     33554432      4194304
        8192         4096           6.603     67108864      8388608
        8192         8192          10.380    134217728     16777216
        8192        16384          16.522    268435456     33554432
        8192        32768          32.743    536870912     67108864
        8192        65536          53.854   1073741824    134217728
        8192       131072         102.718   2147483648    268435456
        9216            1          10.630        18432         2304
        9216            2           4.178        36864         4608
        9216            4           5.511        73728         9216
        9216            8           4.879       147456        18432
        9216           16           9.598       294912        36864
        9216           32           4.269       589824        73728
        9216           64           5.240      1179648       147456
        9216          128           4.850      2359296       294912
        9216          256           4.328      4718592       589824
        9216          512           4.969      9437184      1179648
        9216         1024           6.002     18874368      2359296
        9216         2048          10.420     37748736      4718592
        9216         4096           7.384     75497472      9437184
        9216         8192          10.821    150994944     18874368
        9216        16384          16.812    301989888     37748736
        9216        32768          28.745    603979776     75497472
        9216        65536          54.855   1207959552    150994944
        9216       131072         103.610   2415919104    301989888
       10240            1          16.372        20480         2560
       10240            2           5.991        40960         5120
       10240            4           4.209        81920        10240
       10240            8           4.378       163840        20480
       10240           16           3.467       327680        40960
       10240           32           4.358       655360        81920
       10240           64           4.379      1310720       163840
       10240          128           9.318      2621440       327680
       10240          256           4.940      5242880       655360
       10240          512           4.990     10485760      1310720
       10240         1024           5.140     20971520      2621440
       10240         2048           4.980     41943040      5242880
       10240         4096           7.805     83886080     10485760
       10240         8192          13.747    167772160     20971520
       10240        16384          29.958    335544320     41943040
       10240        32768          43.754    671088640     83886080
       10240        65536          73.612   1342177280    167772160
       10240       131072         173.344   2684354560    335544320
       11264            1           7.585        22528         2816
       11264            2           6.182        45056         5632
       11264            4           4.449        90112        11264
       11264            8           8.316       180224        22528
       11264           16           4.699       360448        45056
       11264           32           4.218       720896        90112
       11264           64           4.258      1441792       180224
       11264          128           3.677      2883584       360448
       11264          256           4.568      5767168       720896
       11264          512           4.749     11534336      1441792
       11264         1024           8.977     23068672      2883584
       11264         2048           5.520     46137344      5767168
       11264         4096           7.946     92274688     11534336
       11264         8192          10.530    184549376     23068672
       11264        16384          15.911    369098752     46137344
       11264        32768          28.947    738197504     92274688
       11264        65536          53.343   1476395008    184549376
       12288            1          17.253        24576         3072
       12288            2           5.009        49152         6144
       12288            4           4.880        98304        12288
       12288            8           4.329       196608        24576
       12288           16           3.507       393216        49152
       12288           32           4.208       786432        98304
       12288           64           4.479      1572864       196608
       12288          128           8.537      3145728       393216
       12288          256           4.919      6291456       786432
       12288          512           4.830     12582912      1572864
       12288         1024           5.240     25165824      3145728
       12288         2048           6.102     50331648      6291456
       12288         4096           9.839    100663296     12582912
       12288         8192          14.368    201326592     25165824
       12288        16384          28.815    402653184     50331648
       12288        32768          42.642    805306368    100663296
       12288        65536          86.818   1610612736    201326592
       13312            1           8.727        26624         3328
       13312            2           3.557        53248         6656
       13312            4           4.649       106496        13312
       13312            8           4.319       212992        26624
       13312           16           9.488       425984        53248
       13312           32           4.619       851968       106496
       13312           64           4.629      1703936       212992
       13312          128           4.899      3407872       425984
       13312          256           3.817      6815744       851968
       13312          512           5.330     13631488      1703936
       13312         1024           5.892     27262976      3407872
       13312         2048          11.562     54525952      6815744
       13312         4096          10.910    109051904     13631488
       13312         8192          17.383    218103808     27262976
       13312        16384          32.693    436207616     54525952
       13312        32768          57.190    872415232    109051904
       13312        65536         111.805   1744830464    218103808
       14336            1           9.839        28672         3584
       14336            2          11.001        57344         7168
       14336            4           4.810       114688        14336
       14336            8           4.719       229376        28672
       14336           16           4.879       458752        57344
       14336           32           3.657       917504       114688
       14336           64           4.047      1835008       229376
       14336          128           4.950      3670016       458752
       14336          256           9.488      7340032       917504
       14336          512           5.099     14680064      1835008
       14336         1024           5.240     29360128      3670016
       14336         2048           7.274     58720256      7340032
       14336         4096           8.497    117440512     14680064
       14336         8192          14.548    234881024     29360128
       14336        16384          25.629    469762048     58720256
       14336        32768          61.960    939524096    117440512
       14336        65536         115.483   1879048192    234881024
       15360            1          10.700        30720         3840
       15360            2           4.598        61440         7680
       15360            4           3.878       122880        15360
       15360            8           4.739       245760        30720
       15360           16           4.789       491520        61440
       15360           32           9.338       983040       122880
       15360           64           4.629      1966080       245760
       15360          128           4.789      3932160       491520
       15360          256           5.220      7864320       983040
       15360          512           4.278     15728640      1966080
       15360         1024           6.001     31457280      3932160
       15360         2048           6.802     62914560      7864320
       15360         4096          13.426    125829120     15728640
       15360         8192          14.447    251658240     31457280
       15360        16384          24.838    503316480     62914560
       15360        32768          44.616   1006632960    125829120
       15360        65536          85.425   2013265920    251658240
       16384            1           9.778        32768         4096
       16384            2           4.970        65536         8192
       16384            4          10.741       131072        16384
       16384            8           4.088       262144        32768
       16384           16           5.280       524288        65536
       16384           32           4.760      1048576       131072
       16384           64           3.687      2097152       262144
       16384          128           4.078      4194304       524288
       16384          256           4.629      8388608      1048576
       16384          512           9.177     16777216      2097152
       16384         1024           5.430     33554432      4194304
       16384         2048           7.775     67108864      8388608
       16384         4096          10.310    134217728     16777216
       16384         8192          14.167    268435456     33554432
       16384        16384          27.222    536870912     67108864
       16384        32768          52.150   1073741824    134217728
       16384        65536         106.015   2147483648    268435456
       17408            1          10.180        34816         4352
       17408            2           5.181        69632         8704
       17408            4           4.890       139264        17408
       17408            8           3.307       278528        34816
       17408           16           4.479       557056        69632
       17408           32           4.569      1114112       139264
       17408           64           9.178      2228224       278528
       17408          128           4.869      4456448       557056
       17408          256           5.300      8912896      1114112
       17408          512           5.260     17825792      2228224
       17408         1024           4.649     35651584      4456448
       17408         2048           7.545     71303168      8912896
       17408         4096          10.260    142606336     17825792
       17408         8192          25.970    285212672     35651584
       17408        16384          41.640    570425344     71303168
       17408        32768          61.749   1140850688    142606336
       17408        65536         138.437   2281701376    285212672
       18432            1           7.154        36864         4608
       18432            2           5.841        73728         9216
       18432            4           4.318       147456        18432
       18432            8           9.227       294912        36864
       18432           16           4.569       589824        73728
       18432           32           4.739      1179648       147456
       18432           64           4.999      2359296       294912
       18432          128           3.758      4718592       589824
       18432          256           4.559      9437184      1179648
       18432          512           5.571     18874368      2359296
       18432         1024          10.400     37748736      4718592
       18432         2048           7.575     75497472      9437184
       18432         4096          11.732    150994944     18874368
       18432         8192          18.396    301989888     37748736
       18432        16384          31.241    603979776     75497472
       18432        32768          62.250   1207959552    150994944
       18432        65536         120.412   2415919104    301989888
       19456            1          17.605        38912         4864
       19456            2           5.851        77824         9728
       19456            4           4.289       155648        19456
       19456            8           4.419       311296        38912
       19456           16           3.396       622592        77824
       19456           32           4.238      1245184       155648
       19456           64           4.970      2490368       311296
       19456          128           9.298      4980736       622592
       19456          256           4.990      9961472      1245184
       19456          512           4.599     19922944      2490368
       19456         1024           6.132     39845888      4980736
       19456         2048           6.182     79691776      9961472
       19456         4096          65.737    159383552     19922944
       19456         8192          18.586    318767104     39845888
       19456        16384          37.753    637534208     79691776
       19456        32768          66.168   1275068416    159383552
       19456        65536         127.295   2550136832    318767104
       20480            1           9.759        40960         5120
       20480            2           3.546        81920        10240
       20480            4           4.600       163840        20480
       20480            8           4.619       327680        40960
       20480           16           9.579       655360        81920
       20480           32           4.709      1310720       163840
       20480           64           4.889      2621440       327680
       20480          128           4.980      5242880       655360
       20480          256           4.128     10485760      1310720
       20480          512           6.031     20971520      2621440
       20480         1024           8.006     41943040      5242880
       20480         2048          16.622     83886080     10485760
       20480         4096          20.170    167772160     20971520
       20480         8192          36.660    335544320     41943040
       20480        16384          69.614    671088640     83886080
       20480        32768         133.588   1342177280    167772160
       20480        65536         264.971   2684354560    335544320
       22528            1           9.207        45056         5632
       22528            2          13.667        90112        11264
       22528            4          39.666       180224        22528
       22528            8           4.589       360448        45056
       22528           16           4.389       720896        90112
       22528           32           3.376      1441792       180224
       22528           64           4.439      2883584       360448
       22528          128           5.380      5767168       720896
       22528          256          11.292     11534336      1441792
       22528          512           6.292     23068672      2883584
       22528         1024           7.935     46137344      5767168
       22528         2048          11.171     92274688     11534336
       22528         4096          17.244    184549376     23068672
       22528         8192          31.501    369098752     46137344
       22528        16384          60.206    738197504     92274688
       22528        32768         123.739   1476395008    184549376
       24576            1           8.577        49152         6144
       24576            2           6.362        98304        12288
       24576            4           4.919       196608        24576
       24576            8           3.736       393216        49152
       24576           16           4.379       786432        98304
       24576           32           4.488      1572864       196608
       24576           64           8.817      3145728       393216
       24576          128           5.080      6291456       786432
       24576          256           5.370     12582912      1572864
       24576          512           6.212     25165824      3145728
       24576         1024           7.825     50331648      6291456
       24576         2048          14.337    100663296     12582912
       24576         4096          23.205    201326592     25165824
       24576         8192          47.953    402653184     50331648
       24576        16384          78.592    805306368    100663296
       24576        32768         159.899   1610612736    201326592
       26624            1          10.260        53248         6656
       26624            2           3.366       106496        13312
       26624            4           4.368       212992        26624
       26624            8           4.408       425984        53248
       26624           16          10.651       851968       106496
       26624           32           4.639      1703936       212992
       26624           64           4.920      3407872       425984
       26624          128           5.160      6815744       851968
       26624          256           4.168     13631488      1703936
       26624          512           6.993     27262976      3407872
       26624         1024           9.479     54525952      6815744
       26624         2048          19.488    109051904     13631488
       26624         4096          22.003    218103808     27262976
       26624         8192          43.112    436207616     54525952
       26624        16384         183.183    872415232    109051904
       26624        32768         159.027   1744830464    218103808
       28672            1          11.733        57344         7168
       28672            2           7.094       114688        14336
       28672            4          11.111       229376        28672
       28672            8           4.568       458752        57344
       28672           16           5.290       917504       114688
       28672           32           5.009      1835008       229376
       28672           64           4.188      3670016       458752
       28672          128           5.000      7340032       917504
       28672          256           5.601     14680064      1835008
       28672          512          10.199     29360128      3670016
       28672         1024           8.596     58720256      7340032
       28672         2048          11.883    117440512     14680064
       28672         4096          18.836    234881024     29360128
       28672         8192          32.423    469762048     58720256
       28672        16384          62.500    939524096    117440512
       28672        32768         119.831   1879048192    234881024
       30720            1          18.976        61440         7680
       30720            2           4.980       122880        15360
       30720            4           5.110       245760        30720
       30720            8           4.779       491520        61440
       30720           16           4.158       983040       122880
       30720           32           4.860      1966080       245760
       30720           64           4.749      3932160       491520
       30720          128           9.167      7864320       983040
       30720          256           5.641     15728640      1966080
       30720          512           6.403     31457280      3932160
       30720         1024           8.176     62914560      7864320
       30720         2048          10.871    125829120     15728640
       30720         4096          19.047    251658240     31457280
       30720         8192          33.164    503316480     62914560
       30720        16384          66.307   1006632960    125829120
       30720        32768         166.081   2013265920    251658240
       33792            1           9.819        67584         8448
       33792            2           6.502       135168        16896
       33792            4           3.957       270336        33792
       33792            8           5.049       540672        67584
       33792           16           4.328      1081344       135168
       33792           32           9.067      2162688       270336
       33792           64           4.238      4325376       540672
       33792          128           5.370      8650752      1081344
       33792          256           5.391     17301504      2162688
       33792          512           4.959     34603008      4325376
       33792         1024           7.324     69206016      8650752
       33792         2048          11.282    138412032     17301504
       33792         4096          25.439    276824064     34603008
       33792         8192          39.065    553648128     69206016
       33792        16384          76.056   1107296256    138412032
       33792        32768         150.110   2214592512    276824064
       36864            1           7.875        73728         9216
       36864            2           6.402       147456        18432
       36864            4           4.539       294912        36864
       36864            8           9.068       589824        73728
       36864           16           4.629      1179648       147456
       36864           32           4.770      2359296       294912
       36864           64           4.469      4718592       589824
       36864          128           3.868      9437184      1179648
       36864          256           5.560     18874368      2359296
       36864          512           6.593     37748736      4718592
       36864         1024          12.504     75497472      9437184
       36864         2048          11.192    150994944     18874368
       36864         4096          18.936    301989888     37748736
       36864         8192          33.495    603979776     75497472
       36864        16384          61.038   1207959552    150994944
       36864        32768         119.160   2415919104    301989888
       39936            1          10.480        79872         9984
       39936            2          10.961       159744        19968
       39936            4           4.769       319488        39936
       39936            8           4.358       638976        79872
       39936           16           4.559      1277952       159744
       39936           32           3.638      2555904       319488
       39936           64           4.469      5111808       638976
       39936          128           5.270     10223616      1277952
       39936          256           8.766     20447232      2555904
       39936          512           6.462     40894464      5111808
       39936         1024           8.246     81788928     10223616
       39936         2048          11.382    163577856     20447232
       39936         4096          23.074    327155712     40894464
       39936         8192          47.141    654311424     81788928
       39936        16384          82.018   1308622848    163577856
       39936        32768         169.837   2617245696    327155712
       43008            1           9.739        86016        10752
       43008            2           6.412       172032        21504
       43008            4           4.409       344064        43008
       43008            8           3.527       688128        86016
       43008           16           4.177      1376256       172032
       43008           32           4.509      2752512       344064
       43008           64           8.586      5505024       688128
       43008          128           5.140     11010048      1376256
       43008          256           6.102     22020096      2752512
       43008          512           6.222     44040192      5505024
       43008         1024           7.233     88080384     11010048
       43008         2048          12.534    176160768     22020096
       43008         4096          19.628    352321536     44040192
       43008         8192          39.727    704643072     88080384
       43008        16384          66.178   1409286144    176160768
       47104            1           9.979        94208        11776
       47104            2           4.499       188416        23552
       47104            4           3.767       376832        47104
       47104            8           4.488       753664        94208
       47104           16           4.268      1507328       188416
       47104           32           8.286      3014656       376832
       47104           64           4.198      6029312       753664
       47104          128           4.479     12058624      1507328
       47104          256           5.240     24117248      3014656
       47104          512           5.540     48234496      6029312
       47104         1024           8.837     96468992     12058624
       47104         2048          12.685    192937984     24117248
       47104         4096          26.341    385875968     48234496
       47104         8192          37.532    771751936     96468992
       47104        16384          70.205   1543503872    192937984
       51200            1          10.490       102400        12800
       51200            2           3.497       204800        25600
       51200            4           5.380       409600        51200
       51200            8           4.209       819200       102400
       51200           16           8.186      1638400       204800
       51200           32           4.208      3276800       409600
       51200           64           4.889      6553600       819200
       51200          128           4.669     13107200      1638400
       51200          256           4.579     26214400      3276800
       51200          512           6.292     52428800      6553600
       51200         1024           8.527    104857600     13107200
       51200         2048          16.863    209715200     26214400
       51200         4096          23.085    419430400     52428800
       51200         8192          44.636    838860800    104857600
       51200        16384          87.589   1677721600    209715200
       56320            1           7.194       112640        14080
       56320            2           5.881       225280        28160
       56320            4           4.720       450560        56320
       56320            8           8.506       901120       112640
       56320           16           5.070      1802240       225280
       56320           32           5.210      3604480       450560
       56320           64           5.320      7208960       901120
       56320          128           4.198     14417920      1802240
       56320          256           5.630     28835840      3604480
       56320          512           7.675     57671680      7208960
       56320         1024          14.508    115343360     14417920
       56320         2048          15.801    230686720     28835840
       56320         4096          29.267    461373440     57671680
       56320         8192          64.284    922746880    115343360
       56320        16384         103.700   1845493760    230686720
       61440            1           9.979       122880        15360
       61440            2           4.859       245760        30720
       61440            4           9.628       491520        61440
       61440            8           4.088       983040       122880
       61440           16           5.160      1966080       245760
       61440           32           4.488      3932160       491520
       61440           64           4.048      7864320       983040
       61440          128           4.739     15728640      1966080
       61440          256           5.590     31457280      3932160
       61440          512          11.933     62914560      7864320
       61440         1024           9.679    125829120     15728640
       61440         2048          15.120    251658240     31457280
       61440         4096          24.648    503316480     62914560
       61440         8192          44.676   1006632960    125829120
       61440        16384          86.748   2013265920    251658240
       67584            1           9.539       135168        16896
       67584            2          11.602       270336        33792
       67584            4           4.900       540672        67584
       67584            8           4.719      1081344       135168
       67584           16           4.609      2162688       270336
       67584           32           3.657      4325376       540672
       67584           64           4.509      8650752      1081344
       67584          128           5.009     17301504      2162688
       67584          256          10.250     34603008      4325376
       67584          512           6.984     69206016      8650752
       67584         1024          10.331    138412032     17301504
       67584         2048          16.512    276824064     34603008
       67584         4096          27.263    553648128     69206016
       67584         8192          52.973   1107296256    138412032
       67584        16384         102.237   2214592512    276824064
       73728            1          17.103       147456        18432
       73728            2           4.468       294912        36864
       73728            4           4.709       589824        73728
       73728            8           4.960      1179648       147456
       73728           16           3.748      2359296       294912
       73728           32           5.230      4718592       589824
       73728           64           5.220      9437184      1179648
       73728          128           9.328     18874368      2359296
       73728          256           6.242     37748736      4718592
       73728          512           7.735     75497472      9437184
       73728         1024          12.234    150994944     18874368
       73728         2048          18.486    301989888     37748736
       73728         4096          35.539    603979776     75497472
       73728         8192          67.369   1207959552    150994944
       73728        16384         135.332   2415919104    301989888
       80896            1          10.200       161792        20224
       80896            2           6.493       323584        40448
       80896            4           4.239       647168        80896
       80896            8           3.747      1294336       161792
       80896           16           4.338      2588672       323584
       80896           32           4.539      5177344       647168
       80896           64           8.857     10354688      1294336
       80896          128           5.370     20709376      2588672
       80896          256           6.603     41418752      5177344
       80896          512           8.316     82837504     10354688
       80896         1024          16.963    165675008     20709376
       80896         2048          20.740    331350016     41418752
       80896         4096          40.959    662700032     82837504
       80896         8192          85.144   1325400064    165675008
       80896        16384         145.931   2650800128    331350016
       88064            1          10.240       176128        22016
       88064            2           5.370       352256        44032
       88064            4           4.098       704512        88064
       88064            8           5.631      1409024       176128
       88064           16           4.889      2818048       352256
       88064           32           8.867      5636096       704512
       88064           64           5.601     11272192      1409024
       88064          128           5.821     22544384      2818048
       88064          256           6.853     45088768      5636096
       88064          512           7.785     90177536     11272192
       88064         1024          13.275    180355072     22544384
       88064         2048          22.383    360710144     45088768
       88064         4096          45.608    721420288     90177536
       88064         8192          77.409   1442840576    180355072
       96256            1          10.681       192512        24064
       96256            2           6.873       385024        48128
       96256            4           3.617       770048        96256
       96256            8           4.639      1540096       192512
       96256           16           4.960      3080192       385024
       96256           32           9.508      6160384       770048
       96256           64           4.559     12320768      1540096
       96256          128           5.751     24641536      3080192
       96256          256           6.182     49283072      6160384
       96256          512           7.545     98566144     12320768
       96256         1024          13.566    197132288     24641536
       96256         2048          23.285    394264576     49283072
       96256         4096          47.171    788529152     98566144
       96256         8192          82.048   1577058304    197132288
      105472            1          10.210       210944        26368
      105472            2           4.980       421888        52736
      105472            4           3.406       843776       105472
      105472            8           4.910      1687552       210944
      105472           16           4.909      3375104       421888
      105472           32           9.449      6750208       843776
      105472           64           5.050     13500416      1687552
      105472          128           5.771     27000832      3375104
      105472          256           6.984     54001664      6750208
      105472          512           7.795    108003328     13500416
      105472         1024          14.057    216006656     27000832
      105472         2048          24.718    432013312     54001664
      105472         4096          49.234    864026624    108003328
      105472         8192          85.825   1728053248    216006656
      115712            1          11.712       231424        28928
      115712            2           4.959       462848        57856
      115712            4           3.967       925696       115712
      115712            8           4.529      1851392       231424
      115712           16           4.438      3702784       462848
      115712           32           8.747      7405568       925696
      115712           64           5.261     14811136      1851392
      115712          128           5.250     29622272      3702784
      115712          256           6.623     59244544      7405568
      115712          512           8.477    118489088     14811136
      115712         1024          15.460    236978176     29622272
      115712         2048          25.439    473956352     59244544
      115712         4096          54.826    947912704    118489088
      115712         8192          97.768   1895825408    236978176
      126976            1           9.678       253952        31744
      126976            2           5.631       507904        63488
      126976            4           4.369      1015808       126976
      126976            8           4.479      2031616       253952
      126976           16           4.579      4063232       507904
      126976           32           8.757      8126464      1015808
      126976           64           4.649     16252928      2031616
      126976          128           5.561     32505856      4063232
      126976          256           7.424     65011712      8126464
      126976          512          10.621    130023424     16252928
      126976         1024          17.053    260046848     32505856
      126976         2048          30.449    520093696     65011712
      126976         4096          59.445   1040187392    130023424
      126976         8192         120.101   2080374784    260046848
      139264            1          10.600       278528        34816
      139264            2           4.499       557056        69632
      139264            4           4.479      1114112       139264
      139264            8           5.050      2228224       278528
      139264           16           4.419      4456448       557056
      139264           32          10.179      8912896      1114112
      139264           64           5.290     17825792      2228224
      139264          128           6.222     35651584      4456448
      139264          256           7.935     71303168      8912896
      139264          512          11.051    142606336     17825792
      139264         1024          19.317    285212672     35651584
      139264         2048          33.776    570425344     71303168
      139264         4096          69.353   1140850688    142606336
      139264         8192         121.545   2281701376    285212672
      152576            1           9.949       305152        38144
      152576            2           6.683       610304        76288
      152576            4           3.958      1220608       152576
      152576            8           5.471      2441216       305152
      152576           16           5.361      4882432       610304
      152576           32           9.058      9764864      1220608
      152576           64           5.740     19529728      2441216
      152576          128           6.182     39059456      4882432
      152576          256           7.214     78118912      9764864
      152576          512           9.318    156237824     19529728
      152576         1024          17.093    312475648     39059456
      152576         2048          30.408    624951296     78118912
      152576         4096          61.328   1249902592    156237824
      152576         8192         110.754   2499805184    312475648
      166912            1          10.350       333824        41728
      166912            2           6.052       667648        83456
      166912            4           3.728      1335296       166912
      166912            8           4.850      2670592       333824
      166912           16           4.969      5341184       667648
      166912           32           9.889     10682368      1335296
      166912           64           5.451     21364736      2670592
      166912          128           6.362     42729472      5341184
      166912          256           8.195     85458944     10682368
      166912          512           9.849    170917888     21364736
      166912         1024          17.835    341835776     42729472
      166912         2048          32.493    683671552     85458944
      166912         4096          65.266   1367343104    170917888
      183296            1          47.882       366592        45824
      183296            2           7.064       733184        91648
      183296            4           4.589      1466368       183296
      183296            8           3.907      2932736       366592
      183296           16           4.859      5865472       733184
      183296           32           5.401     11730944      1466368
      183296           64          10.009     23461888      2932736
      183296          128           6.403     46923776      5865472
      183296          256           8.066     93847552     11730944
      183296          512          13.436    187695104     23461888
      183296         1024          25.469    375390208     46923776
      183296         2048          45.408    750780416     93847552
      183296         4096          89.232   1501560832    187695104
      200704            1          18.866       401408        50176
      200704            2           5.030       802816       100352
      200704            4           4.769      1605632       200704
      200704            8           4.599      3211264       401408
      200704           16           3.887      6422528       802816
      200704           32           4.599     12845056      1605632
      200704           64           5.711     25690112      3211264
      200704          128          10.290     51380224      6422528
      200704          256           8.256    102760448     12845056
      200704          512          12.475    205520896     25690112
      200704         1024          20.710    411041792     51380224
      200704         2048          35.659    822083584    102760448
      200704         4096          69.935   1644167168    205520896
      220160            1          11.953       440320        55040
      220160            2          11.542       880640       110080
      220160            4           4.128      1761280       220160
      220160            8           4.378      3522560       440320
      220160           16           4.819      7045120       880640
      220160           32           3.878     14090240      1761280
      220160           64           5.200     28180480      3522560
      220160          128           6.151     56360960      7045120
      220160          256          12.855    112721920     14090240
      220160          512          12.274    225443840     28180480
      220160         1024          21.682    450887680     56360960
      220160         2048          38.715    901775360    112721920
      220160         4096          72.440   1803550720    225443840
      241664            1          12.083       483328        60416
      241664            2           6.994       966656       120832
      241664            4          10.560      1933312       241664
      241664            8           4.698      3866624       483328
      241664           16           5.781      7733248       966656
      241664           32           5.451     15466496      1933312
      241664           64           5.230     30932992      3866624
      241664          128           6.813     61865984      7733248
      241664          256           9.388    123731968     15466496
      241664          512          18.245    247463936     30932992
      241664         1024          22.724    494927872     61865984
      241664         2048          41.951    989855744    123731968
      241664         4096          79.984   1979711488    247463936
      265216            1           6.783       530432        66304
      265216            2           4.258      1060864       132608
      265216            4           5.070      2121728       265216
      265216            8          10.861      4243456       530432
      265216           16           5.150      8486912      1060864
      265216           32           5.340     16973824      2121728
      265216           64           6.022     33947648      4243456
      265216          128           5.530     67895296      8486912
      265216          256           9.418    135790592     16973824
      265216          512          14.348    271581184     33947648
      265216         1024          30.038    543162368     67895296
      265216         2048          44.616   1086324736    135790592
      265216         4096          84.923   2172649472    271581184
      290816            1          12.144       581632        72704
      290816            2           3.537      1163264       145408
      290816            4           5.330      2326528       290816
      290816            8           4.780      4653056       581632
      290816           16          10.510      9306112      1163264
      290816           32           5.250     18612224      2326528
      290816           64           6.102     37224448      4653056
      290816          128           6.612     74448896      9306112
      290816          256          11.462    148897792     18612224
      290816          512          16.411    297795584     37224448
      290816         1024          27.985    595591168     74448896
      290816         2048          63.343   1191182336    148897792
      290816         4096         133.878   2382364672    297795584
      319488            1          12.013       638976        79872
      319488            2           4.569      1277952       159744
      319488            4           3.838      2555904       319488
      319488            8           4.769      5111808       638976
      319488           16           5.170     10223616      1277952
      319488           32           9.769     20447232      2555904
      319488           64           6.072     40894464      5111808
      319488          128           7.724     81788928     10223616
      319488          256          10.621    163577856     20447232
      319488          512          17.724    327155712     40894464
      319488         1024          28.264    654311424     81788928
      319488         2048          52.040   1308622848    163577856
      319488         4096         104.251   2617245696    327155712
      351232            1          11.993       702464        87808
      351232            2           4.308      1404928       175616
      351232            4           5.069      2809856       351232
      351232            8           3.998      5619712       702464
      351232           16           4.850     11239424      1404928
      351232           32           5.941     22478848      2809856
      351232           64          10.400     44957696      5619712
      351232          128           7.955     89915392     11239424
      351232          256          10.701    179830784     22478848
      351232          512          18.316    359661568     44957696
      351232         1024          34.626    719323136     89915392
      351232         2048          67.189   1438646272    179830784
      386048            1          13.687       772096        96512
      386048            2          11.632      1544192       193024
      386048            4           5.150      3088384       386048
      386048            8           4.980      6176768       772096
      386048           16           6.102     12353536      1544192
      386048           32           4.519     24707072      3088384
      386048           64           6.563     49414144      6176768
      386048          128           9.759     98828288     12353536
      386048          256          19.758    197656576     24707072
      386048          512          28.796    395313152     49414144
      386048         1024          52.882    790626304     98828288
      386048         2048         110.072   1581252608    197656576
      423936            1           9.068       847872       105984
      423936            2           5.851      1695744       211968
      423936            4           5.059      3391488       423936
      423936            8           9.689      6782976       847872
      423936           16           5.511     13565952      1695744
      423936           32           6.172     27131904      3391488
      423936           64           7.113     54263808      6782976
      423936          128           9.839    108527616     13565952
      423936          256          15.199    217055232     27131904
      423936          512          28.986    434110464     54263808
      423936         1024          55.928    868220928    108527616
      423936         2048          91.988   1736441856    217055232
      465920            1          13.115       931840       116480
      465920            2           4.809      1863680       232960
      465920            4           3.878      3727360       465920
      465920            8           4.869      7454720       931840
      465920           16           5.491     14909440      1863680
      465920           32          10.891     29818880      3727360
      465920           64           6.463     59637760      7454720
      465920          128          10.761    119275520     14909440
      465920          256          19.046    238551040     29818880
      465920          512          32.533    477102080     59637760
      465920         1024          65.366    954204160    119275520
      465920         2048         120.692   1908408320    238551040
      512000            1          20.359      1024000       128000
      512000            2           4.669      2048000       256000
      512000            4           5.401      4096000       512000
      512000            8           5.330      8192000      1024000
      512000           16           4.648     16384000      2048000
      512000           32           6.171     32768000      4096000
      512000           64           8.556     65536000      8192000
      512000          128          18.495    131072000     16384000
      512000          256          19.899    262144000     32768000
      512000          512          36.150    524288000     65536000
      512000         1024          66.469   1048576000    131072000
      512000         2048         157.053   2097152000    262144000
      563200            1          14.017      1126400       140800
      563200            2           5.440      2252800       281600
      563200            4          11.362      4505600       563200
      563200            8           5.130      9011200      1126400
      563200           16           6.473     18022400      2252800
      563200           32           7.304     36044800      4505600
      563200           64           8.095     72089600      9011200
      563200          128          14.298    144179200     18022400
      563200          256          22.343    288358400     36044800
      563200          512          42.272    576716800     72089600
      563200         1024          70.125   1153433600    144179200
      563200         2048         143.167   2306867200    288358400
      619520            1          16.101      1239040       154880
      619520            2           3.767      2478080       309760
      619520            4           5.551      4956160       619520
      619520            8           5.561      9912320      1239040
      619520           16          10.570     19824640      2478080
      619520           32           7.495     39649280      4956160
      619520           64          10.770     79298560      9912320
      619520          128          14.649    158597120     19824640
      619520          256          24.467    317194240     39649280
      619520          512          45.728    634388480     79298560
      619520         1024          63.182   1268776960    158597120
      619520         2048         120.332   2537553920    317194240
      680960            1          14.127      1361920       170240
      680960            2           5.049      2723840       340480
      680960            4           4.399      5447680       680960
      680960            8           4.108     10895360      1361920
      680960           16           5.080     21790720      2723840
      680960           32           7.024     43581440      5447680
      680960           64          11.964     87162880     10895360
      680960          128          12.444    174325760     21790720
      680960          256          22.013    348651520     43581440
      680960          512          36.842    697303040     87162880
      680960         1024          69.855   1394606080    174325760
      748544            1          16.873      1497088       187136
      748544            2           5.420      2994176       374272
      748544            4          10.811      5988352       748544
      748544            8           5.180     11976704      1497088
      748544           16           5.701     23953408      2994176
      748544           32           7.224     47906816      5988352
      748544           64           8.797     95813632     11976704
      748544          128          14.177    191627264     23953408
      748544          256          21.762    383254528     47906816
      748544          512          42.643    766509056     95813632
      748544         1024          85.796   1533018112    191627264
      823296            1          14.267      1646592       205824
      823296            2           7.034      3293184       411648
      823296            4           4.309      6586368       823296
      823296            8           5.380     13172736      1646592
      823296           16           6.091     26345472      3293184
      823296           32          11.462     52690944      6586368
      823296           64          10.480    105381888     13172736
      823296          128          16.482    210763776     26345472
      823296          256          28.685    421527552     52690944
      823296          512          52.882    843055104    105381888
      823296         1024         107.957   1686110208    210763776
      905216            1          14.758      1810432       226304
      905216            2          11.653      3620864       452608
      905216            4           6.172      7241728       905216
      905216            8           5.881     14483456      1810432
      905216           16           6.593     28966912      3620864
      905216           32           7.123     57933824      7241728
      905216           64          11.602    115867648     14483456
      905216          128          18.486    231735296     28966912
      905216          256          36.751    463470592     57933824
      905216          512          59.425    926941184    115867648
      905216         1024         108.780   1853882368    231735296
      995328            1          16.492      1990656       248832
      995328            2           4.138      3981312       497664
      995328            4           5.350      7962624       995328
      995328            8           5.181     15925248      1990656
      995328           16          10.631     31850496      3981312
      995328           32           7.875     63700992      7962624
      995328           64          12.515    127401984     15925248
      995328          128          19.397    254803968     31850496
      995328          256          33.305    509607936     63700992
      995328          512          64.805   1019215872    127401984
      995328         1024         123.849   2038431744    254803968
     1094656            1          22.564      2189312       273664
     1094656            2           6.151      4378624       547328
     1094656            4           5.781      8757248      1094656
     1094656            8           6.132     17514496      2189312
     1094656           16           6.082     35028992      4378624
     1094656           32           8.547     70057984      8757248
     1094656           64          13.436    140115968     17514496
     1094656          128          24.848    280231936     35028992
     1094656          256          38.925    560463872     70057984
     1094656          512          69.564   1120927744    140115968
     1094656         1024         123.589   2241855488    280231936
     1203200            1          11.282      2406400       300800
     1203200            2           6.382      4812800       601600
     1203200            4           5.420      9625600      1203200
     1203200            8          10.280     19251200      2406400
     1203200           16           6.762     38502400      4812800
     1203200           32           7.755     77004800      9625600
     1203200           64          11.972    154009600     19251200
     1203200          128          20.870    308019200     38502400
     1203200          256          39.566    616038400     77004800
     1203200          512          71.217   1232076800    154009600
     1203200         1024         138.878   2464153600    308019200
     1323008            1          19.708      2646016       330752
     1323008            2           7.114      5292032       661504
     1323008            4           5.591     10584064      1323008
     1323008            8           4.959     21168128      2646016
     1323008           16           6.622     42336256      5292032
     1323008           32           8.828     84672512     10584064
     1323008           64          16.001    169345024     21168128
     1323008          128          18.666    338690048     42336256
     1323008          256          35.819    677380096     84672512
     1323008          512          62.210   1354760192    169345024
     1323008         1024         144.589   2709520384    338690048
     1455104            1          20.499      2910208       363776
     1455104            2           5.000      5820416       727552
     1455104            4          11.031     11640832      1455104
     1455104            8           5.780     23281664      2910208
     1455104           16           7.835     46563328      5820416
     1455104           32           9.348     93126656     11640832
     1455104           64          13.135    186253312     23281664
     1455104          128          24.687    372506624     46563328
     1455104          256          48.674    745013248     93126656
     1455104          512          91.767   1490026496    186253312
     1600512            1          21.291      3201024       400128
     1600512            2           5.441      6402048       800256
     1600512            4           6.452     12804096      1600512
     1600512            8           5.872     25608192      3201024
     1600512           16           7.815     51216384      6402048
     1600512           32          11.732    102432768     12804096
     1600512           64          22.213    204865536     25608192
     1600512          128          24.046    409731072     51216384
     1600512          256          46.380    819462144    102432768
     1600512          512         100.714   1638924288    204865536
     1760256            1          16.422      3520512       440064
     1760256            2           5.891      7041024       880128
     1760256            4           6.031     14082048      1760256
     1760256            8          10.961     28164096      3520512
     1760256           16           7.835     56328192      7041024
     1760256           32          11.071    112656384     14082048
     1760256           64          16.312    225312768     28164096
     1760256          128          25.529    450625536     56328192
     1760256          256          47.812    901251072    112656384
     1760256          512         100.644   1802502144    225312768
     1935360            1          27.683      3870720       483840
     1935360            2           5.941      7741440       967680
     1935360            4           5.411     15482880      1935360
     1935360            8           6.292     30965760      3870720
     1935360           16           7.664     61931520      7741440
     1935360           32          12.534    123863040     15482880
     1935360           64          20.830    247726080     30965760
     1935360          128          39.607    495452160     61931520
     1935360          256          63.763    990904320    123863040
     1935360          512         111.204   1981808640    247726080
     2128896            1          23.014      4257792       532224
     2128896            2           4.799      8515584      1064448
     2128896            4           6.232     17031168      2128896
     2128896            8           6.653     34062336      4257792
     2128896           16          13.336     68124672      8515584
     2128896           32          10.440    136249344     17031168
     2128896           64          19.067    272498688     34062336
     2128896          128          35.187    544997376     68124672
     2128896          256          56.158   1089994752    136249344
     2128896          512         115.173   2179989504    272498688
     2340864            1          26.932      4681728       585216
     2340864            2          12.684      9363456      1170432
     2340864            4           7.655     18726912      2340864
     2340864            8           7.885     37453824      4681728
     2340864           16          10.771     74907648      9363456
     2340864           32          12.664    149815296     18726912
     2340864           64          22.905    299630592     37453824
     2340864          128          42.041    599261184     74907648
     2340864          256          84.473   1198522368    149815296
     2340864          512         154.418   2397044736    299630592
     2574336            1          29.317      5148672       643584
     2574336            2           7.274     10297344      1287168
     2574336            4           6.062     20594688      2574336
     2574336            8          11.181     41189376      5148672
     2574336           16          11.372     82378752     10297344
     2574336           32          21.121    164757504     20594688
     2574336           64          26.100    329515008     41189376
     2574336          128          45.979    659030016     82378752
     2574336          256          85.275   1318060032    164757504
     2574336          512         168.325   2636120064    329515008
     2831360            1          28.535      5662720       707840
     2831360            2           6.081     11325440      1415680
     2831360            4          13.776     22650880      2831360
     2831360            8           7.855     45301760      5662720
     2831360           16          10.841     90603520     11325440
     2831360           32          15.640    181207040     22650880
     2831360           64          24.286    362414080     45301760
     2831360          128          46.680    724828160     90603520
     2831360          256          88.751   1449656320    181207040
     3113984            1          39.807      6227968       778496
     3113984            2           6.663     12455936      1556992
     3113984            4           8.086     24911872      3113984
     3113984            8           8.265     49823744      6227968
     3113984           16          10.331     99647488     12455936
     3113984           32          17.253    199294976     24911872
     3113984           64          28.174    398589952     49823744
     3113984          128          54.415    797179904     99647488
     3113984          256          91.537   1594359808    199294976
     3425280            1          32.743      6850560       856320
     3425280            2           8.527     13701120      1712640
     3425280            4           7.435     27402240      3425280
     3425280            8          10.250     54804480      6850560
     3425280           16          11.452    109608960     13701120
     3425280           32          25.319    219217920     27402240
     3425280           64          30.329    438435840     54804480
     3425280          128          54.565    876871680    109608960
     3425280          256         101.245   1753743360    219217920
     3767296            1          30.168      7534592       941824
     3767296            2           8.997     15069184      1883648
     3767296            4           8.175     30138368      3767296
     3767296            8          15.550     60276736      7534592
     3767296           16          13.907    120553472     15069184
     3767296           32          20.179    241106944     30138368
     3767296           64          34.346    482213888     60276736
     3767296          128          63.042    964427776    120553472
     3767296          256         118.368   1928855552    241106944
     4143104            1         146.292      8286208      1035776
     4143104            2          47.061     16572416      2071552
     4143104            4           8.957     33144832      4143104
     4143104            8          10.611     66289664      8286208
     4143104           16          14.167    132579328     16572416
     4143104           32          20.039    265158656     33144832
     4143104           64          37.743    530317312     66289664
     4143104          128          70.235   1060634624    132579328
     4143104          256         130.802   2121269248    265158656
     4556800            1          41.520      9113600      1139200
     4556800            2           8.356     18227200      2278400
     4556800            4           9.519     36454400      4556800
     4556800            8           9.799     72908800      9113600
     4556800           16          14.568    145817600     18227200
     4556800           32          21.842    291635200     36454400
     4556800           64          41.610    583270400     72908800
     4556800          128          68.241   1166540800    145817600
     4556800          256         128.528   2333081600    291635200
     5012480            1          41.630     10024960      1253120
     5012480            2           6.923     20049920      2506240
     5012480            4           9.218     40099840      5012480
     5012480            8          11.532     80199680     10024960
     5012480           16          21.341    160399360     20049920
     5012480           32          23.495    320798720     40099840
     5012480           64          39.286    641597440     80199680
     5012480          128          72.771   1283194880    160399360
     5012480          256         147.084   2566389760    320798720
     5513216            1          54.996     11026432      1378304
     5513216            2           8.356     22052864      2756608
     5513216            4          16.242     44105728      5513216
     5513216            8          11.071     88211456     11026432
     5513216           16          17.042    176422912     22052864
     5513216           32          26.371    352845824     44105728
     5513216           64          46.269    705691648     88211456
     5513216          128          89.312   1411383296    176422912
     6064128            1          49.786     12128256      1516032
     6064128            2          16.301     24256512      3032064
     6064128            4          11.041     48513024      6064128
     6064128            8          12.775     97026048     12128256
     6064128           16          16.021    194052096     24256512
     6064128           32          22.383    388104192     48513024
     6064128           64          86.517    776208384     97026048
     6064128          128          93.741   1552416768    194052096
     6670336            1          64.234     13340672      1667584
     6670336            2           8.847     26681344      3335168
     6670336            4           9.077     53362688      6670336
     6670336            8          11.823    106725376     13340672
     6670336           16          18.005    213450752     26681344
     6670336           32          31.692    426901504     53362688
     6670336           64          57.982    853803008    106725376
     6670336          128         112.587   1707606016    213450752
     7336960            1          64.364     14673920      1834240
     7336960            2           8.617     29347840      3668480
     7336960            4          10.250     58695680      7336960
     7336960            8          12.454    117391360     14673920
     7336960           16          20.479    234782720     29347840
     7336960           32          34.807    469565440     58695680
     7336960           64          67.540    939130880    117391360
     7336960          128         119.601   1878261760    234782720
     8070144            1          63.693     16140288      2017536
     8070144            2          10.010     32280576      4035072
     8070144            4           9.638     64561152      8070144
     8070144            8          13.706    129122304     16140288
     8070144           16          22.042    258244608     32280576
     8070144           32          41.820    516489216     64561152
     8070144           64          67.330   1032978432    129122304
     8070144          128         133.156   2065956864    258244608
     8877056            1          72.330     17754112      2219264
     8877056            2           8.416     35508224      4438528
     8877056            4          10.721     71016448      8877056
     8877056            8          14.387    142032896     17754112
     8877056           16          28.385    284065792     35508224
     8877056           32          41.319    568131584     71016448
     8877056           64          76.397   1136263168    142032896
     8877056          128         144.429   2272526336    284065792
     9763840            1          73.161     19527680      2440960
     9763840            2           9.999     39055360      4881920
     9763840            4          12.354     78110720      9763840
     9763840            8          20.710    156221440     19527680
     9763840           16          26.040    312442880     39055360
     9763840           32          45.407    624885760     78110720
     9763840           64          80.525   1249771520    156221440
     9763840          128         160.029   2499543040    312442880
    10739712            1          83.450     21479424      2684928
    10739712            2          10.460     42958848      5369856
    10739712            4          19.077     85917696     10739712
    10739712            8          17.604    171835392     21479424
    10739712           16          28.645    343670784     42958848
    10739712           32          49.806    687341568     85917696
    10739712           64          90.675   1374683136    171835392
    11812864            1          85.395     23625728      2953216
    11812864            2          13.586     47251456      5906432
    11812864            4          21.001     94502912     11812864
    11812864            8          19.407    189005824     23625728
    11812864           16          31.331    378011648     47251456
    11812864           32          54.816    756023296     94502912
    11812864           64          99.111   1512046592    189005824
    12993536            1         104.301     25987072      3248384
    12993536            2          11.823     51974144      6496768
    12993536            4          21.201    103948288     12993536
    12993536            8          20.760    207896576     25987072
    12993536           16          34.056    415793152     51974144
    12993536           32          59.836    831586304    103948288
    12993536           64         109.521   1663172608    207896576
    14291968            1         109.491     28583936      3572992
    14291968            2          12.694     57167872      7145984
    14291968            4          22.223    114335744     14291968
    14291968            8          22.884    228671488     28583936
    14291968           16          37.502    457342976     57167872
    14291968           32          66.769    914685952    114335744
    14291968           64         121.214   1829371904    228671488
    15720448            1         119.660     31440896      3930112
    15720448            2          14.078     62881792      7860224
    15720448            4          24.858    125763584     15720448
    15720448            8          24.897    251527168     31440896
    15720448           16          40.999    503054336     62881792
    15720448           32          71.868   1006108672    125763584
    15720448           64         133.197   2012217344    251527168
    17292288            1         133.086     34584576      4323072
    17292288            2          15.830     69169152      8646144
    17292288            4          25.729    138338304     17292288
    17292288            8          28.024    276676608     34584576
    17292288           16          45.087    553353216     69169152
    17292288           32         102.347   1106706432    138338304
    17292288           64         159.677   2213412864    276676608
    19020800            1         143.757     38041600      4755200
    19020800            2          15.860     76083200      9510400
    19020800            4          27.794    152166400     19020800
    19020800            8          29.687    304332800     38041600
    19020800           16          49.135    608665600     76083200
    19020800           32          80.074   1217331200    152166400
    19020800           64         160.851   2434662400    304332800
    20922368            1         157.794     41844736      5230592
    20922368            2          18.125     83689472     10461184
    20922368            4          28.556    167378944     20922368
    20922368            8          37.201    334757888     41844736
    20922368           16          53.854    669515776     83689472
    20922368           32          95.104   1339031552    167378944
    20922368           64         195.517   2678063104    334757888
    23014400            1         171.200     46028800      5753600
    23014400            2          19.588     92057600     11507200
    23014400            4          31.891    184115200     23014400
    23014400            8          35.558    368230400     46028800
    23014400           16          58.733    736460800     92057600
    23014400           32         102.207   1472921600    184115200
    25315328            1         186.850     50630656      6328832
    25315328            2          21.521    101261312     12657664
    25315328            4          27.484    202522624     25315328
    25315328            8          45.778    405045248     50630656
    25315328           16          66.879    810090496    101261312
    25315328           32         114.100   1620180992    202522624
    27846656            1         209.644     55693312      6961664
    27846656            2          22.814    111386624     13923328
    27846656            4          29.787    222773248     27846656
    27846656            8          43.314    445546496     55693312
    27846656           16          74.383    891092992    111386624
    27846656           32         125.271   1782185984    222773248
    30630912            1         234.422     61261824      7657728
    30630912            2          27.293    122523648     15315456
    30630912            4          32.092    245047296     30630912
    30630912            8          47.942    490094592     61261824
    30630912           16          82.349    980189184    122523648
    30630912           32         162.323   1960378368    245047296
    33693696            1         251.024     67387392      8423424
    33693696            2          30.359    134774784     16846848
    33693696            4          35.728    269549568     33693696
    33693696            8          51.599    539099136     67387392
    33693696           16          82.970   1078198272    134774784
    33693696           32         155.139   2156396544    269549568
    37062656            1         283.647     74125312      9265664
    37062656            2          36.069    148250624     18531328
    37062656            4          52.681    296501248     37062656
    37062656            8          57.461    593002496     74125312
    37062656           16         106.967   1186004992    148250624
    37062656           32         164.437   2372009984    296501248
    40768512            1         293.517     81537024     10192128
    40768512            2          50.357    163074048     20384256
    40768512            4          42.251    326148096     40768512
    40768512            8          62.561    652296192     81537024
    40768512           16          98.059   1304592384    163074048
    40768512           32         181.570   2609184768    326148096
    44845056            1         321.540     89690112     11211264
    44845056            2          44.035    179380224     22422528
    44845056            4          54.345    358760448     44845056
    44845056            8          68.422    717520896     89690112
    44845056           16         109.922   1435041792    179380224
    49329152            1         353.532     98658304     12332288
    49329152            2          48.634    197316608     24664576
    49329152            4          60.908    394633216     49329152
    49329152            8          75.716    789266432     98658304
    49329152           16         135.862   1578532864    197316608
    54261760            1         397.627    108523520     13565440
    54261760            2          54.655    217047040     27130880
    54261760            4          57.891    434094080     54261760
    54261760            8          85.093    868188160    108523520
    54261760           16         138.447   1736376320    217047040
    59687936            1         420.851    119375872     14921984
    59687936            2          71.909    238751744     29843968
    59687936            4          66.588    477503488     59687936
    59687936            8          91.928    955006976    119375872
    59687936           16         136.043   1910013952    238751744
    65655808            1         475.497    131311616     16413952
    65655808            2          82.609    262623232     32827904
    65655808            4          65.025    525246464     65655808
    65655808            8         105.604   1050492928    131311616
    65655808           16         156.241   2100985856    262623232
    72220672            1         543.838    144441344     18055168
    72220672            2         115.743    288882688     36110336
    72220672            4          76.007    577765376     72220672
    72220672            8         121.654   1155530752    144441344
    72220672           16         198.723   2311061504    288882688
    79441920            1         575.260    158883840     19860480
    79441920            2         138.877    317767680     39720960
    79441920            4         101.656    635535360     79441920
    79441920            8         121.395   1271070720    158883840
    79441920           16         192.150   2542141440    317767680
    87386112            1         649.573    174772224     21846528
    87386112            2         156.993    349544448     43693056
    87386112            4         131.403    699088896     87386112
    87386112            8         145.260   1398177792    174772224
    96123904            1         689.730    192247808     24030976
    96123904            2         212.630    384495616     48061952
    96123904            4         174.236    768991232     96123904
    96123904            8         198.303   1537982464    192247808
   105736192            1         774.934    211472384     26434048
   105736192            2         235.584    422944768     52868096
   105736192            4         191.740    845889536    105736192
   105736192            8         195.888   1691779072    211472384
   116308992            1         833.898    232617984     29077248
   116308992            2         269.960    465235968     58154496
   116308992            4         211.648    930471936    116308992
   116308992            8         212.900   1860943872    232617984
   127939584            1         927.689    255879168     31984896
   127939584            2         276.152    511758336     63969792
   127939584            4         227.128   1023516672    127939584
   127939584            8         256.074   2047033344    255879168
   140733440            1         994.969    281466880     35183360
   140733440            2         300.038    562933760     70366720
   140733440            4         267.786   1125867520    140733440
   140733440            8         267.325   2251735040    281466880
   154806272            1        1083.299    309612544     38701568
   154806272            2         332.712    619225088     77403136
   154806272            4         297.103   1238450176    154806272
   154806272            8         242.207   2476900352    309612544
   170286080            1        1197.609    340572160     42571520
   170286080            2         399.200    681144320     85143040
   170286080            4         281.623   1362288640    170286080
   187314176            1        1316.158    374628352     46828544
   187314176            2         365.094    749256704     93657088
   187314176            4         337.100   1498513408    187314176
   206045184            1        1481.566    412090368     51511296
   206045184            2         415.221    824180736    103022592
   206045184            4         266.964   1648361472    206045184
   226649088            1        1601.768    453298176     56662272
   226649088            2         400.301    906596352    113324544
   226649088            4         294.107   1813192704    226649088
   249313280            1        1784.771    498626560     62328320
   249313280            2         381.956    997253120    124656640
   249313280            4         301.772   1994506240    249313280
   274244608            1        1936.254    548489216     68561152
   274244608            2         457.322   1096978432    137122304
   274244608            4         385.172   2193956864    274244608
   301668352            1        2159.193    603336704     75417088
   301668352            2         454.687   1206673408    150834176
   301668352            4         416.944   2413346816    301668352
   331834368            1        2320.003    663668736     82958592
   331834368            2         505.956   1327337472    165917184
   331834368            4         463.243   2654674944    331834368
   365017088            1        2579.133    730034176     91254272
   365017088            2         535.152   1460068352    182508544
   401518592            1        2823.103    803037184    100379648
   401518592            2         636.888   1606074368    200759296
   441669632            1        3074.999    883339264    110417408
   441669632            2         705.530   1766678528    220834816
   485835776            1        3437.428    971671552    121458944
   485835776            2        1029.705   1943343104    242917888
   534418432            1        3751.724   1068836864    133604608
   534418432            2        1937.425   2137673728    267209216
   587859968            1        4120.465   1175719936    146964992
   587859968            2        2838.243   2351439872    293929984
   646645760            1        4519.123   1293291520    161661440
   646645760            2        5470.739   2586583040    323322880
   711310336            1        5035.099   1422620672    177827584
   782440448            1        5472.242   1564880896    195610112
   860684288            1        6018.695   1721368576    215171072
   946752512            1        6605.597   1893505024    236688128
  1041427456            1        7251.482   2082854912    260356864
  1145569280            1        8003.372   2291138560    286392320
  1260126208            1        8760.021   2520252416    315031552

META_DATA
FLOPS          2
MPI_PROCS      128
ERT_VERSION  1.1.0
HOSTNAME  ('nid004033', [], ['10.253.33.94'])
UNAME  uname_result(system='Linux', node='nid004033', release='5.14.21-150400.24.46_12.0.63-cray_shasta_c', version='#1 SMP Fri Mar 3 22:39:37 UTC 2023 (6e164f9)', machine='x86_64')
TIMESTAMP_DATA  1710934370.258658
CONFIG  {'ERT_RESULTS': ['Results.archer.01'], 'ERT_DRIVER': ['driver1'], 'ERT_KERNEL': ['kernel1'], 'ERT_MPI': ['True'], 'ERT_MPI_CFLAGS': [], 'ERT_MPI_LDFLAGS': [], 'ERT_OPENMP': ['False'], 'ERT_OPENMP_CFLAGS': ['-fopenmp'], 'ERT_OPENMP_LDFLAGS': ['-fopenmp'], 'ERT_FLOPS': ['1,2,4,8,16,32'], 'ERT_ALIGN': ['32'], 'ERT_CC': ['mpic++'], 'ERT_CFLAGS': ['-Ofast', '-fargument-noalias', '-mavx2'], 'ERT_LD': ['mpic++'], 'ERT_LDFLAGS': [], 'ERT_LDLIBS': [], 'ERT_RUN': ['export', 'OMP_NUM_THREADS=ERT_OPENMP_THREADS;', 'srun', '--distribution=block:block', '--hint=nomultithread', '--ntasks', 'ERT_MPI_PROCS', 'ERT_CODE'], 'ERT_PROCS_THREADS': ['32,64,128'], 'ERT_MPI_PROCS': ['32,64,128'], 'ERT_OPENMP_THREADS': [], 'ERT_NUM_EXPERIMENTS': ['5'], 'ERT_MEMORY_MAX': ['1357905920'], 'ERT_WORKING_SET_MIN': ['1'], 'ERT_TRIALS_MIN': ['1'], 'ERT_GNUPLOT': ['gnuplot'], 'ERT_GPU': [False], 'ERT_HIP': [False], 'ERT_PRECISION': ['FP64'], 'ERT_OCL': [False], 'ERT_SYCL': [False], 'ERT_WSS_MULT': [1.1]}
