fp64
 512 2097152 9800.041 9816.923 10414.21 206.20706208152134 218.75323337057856 219.13006772114528 51.551765520380336 54.68830834264464 54.78251693028632
 1024 1048576 4694.566 4707.139 5416.357 396.4811861551962 456.21844776625466 457.4402933093283 99.12029653879905 114.05461194156366 114.36007332733207
 1536 524288 2451.478 2455.726 2456.428 655.672682447847 655.8601146870619 656.9966102082091 163.91817061196176 163.96502867176548 164.24915255205227
 2048 524288 2451.098 2456.728 3089.532 695.0838016890584 874.1234878260842 876.1312881002718 173.7709504222646 218.53087195652105 219.03282202506796
 2560 524288 2448.342 2453.562 2459.513 1091.4171057441047 1094.0642869428204 1096.3968922642343 272.85427643602617 273.5160717357051 274.0992230660586
 3072 262144 1227.517 1233.268 1395.211 1154.3864949459257 1305.971399566031 1312.0899637235166 288.59662373648143 326.4928498915078 328.02249093087914
 3584 262144 1245.951 1248.246 1255.469 1496.6902344860766 1505.3508619294591 1508.1236677846882 374.17255862151916 376.3377154823648 377.03091694617206
 4096 262144 1292.93 1306.945 1320.712 1626.0044945453667 1643.1323797099344 1660.9434756715368 406.5011236363417 410.7830949274836 415.2358689178842
 4608 262144 1287.72 1295.805 1605.124 1505.1292635335337 1864.4156366119898 1876.1214425496225 376.28231588338343 466.10390915299746 469.03036063740564
 5120 262144 1276.94 1277.872 1285.596 2088.0234225993236 2100.6443211839683 2102.177518129278 522.0058556498309 525.1610802959921 525.5443795323195
 5632 131072 649.636 655.417 712.614 2071.8018562644006 2252.604079540201 2272.6496191713513 517.9504640661002 563.1510198850502 568.1624047928378
 6144 131072 643.905 652.632 678.089 2375.2232170113357 2467.8727613724122 2501.320437020989 593.8058042528339 616.9681903431031 625.3301092552473
 6656 131072 641.841 646.4 650.929 2680.5234733742086 2699.3045544554457 2718.4777289079384 670.1308683435522 674.8261386138614 679.6194322269846
 7168 131072 639.777 647.963 656.339 2862.9232637402315 2899.9313108927518 2937.036173541718 715.7308159350579 724.9828277231879 734.2590433854295
 7680 131072 642.373 645.118 647.692 3108.3692866362403 3120.771579773002 3134.1073177110493 777.0923216590601 780.1928949432505 783.5268294277623
 8192 131072 648.413 656.749 661.138 3248.162483475462 3269.869688419777 3311.907145600104 812.0406208688655 817.4674221049443 827.976786400026
 8704 131072 647.111 656.288 659.554 3459.4610539849655 3476.676971085865 3525.9814405874727 864.8652634962414 869.1692427714662 881.4953601468682
 9216 131072 661.067 664.874 697.125 3465.5465002689616 3633.6495396120167 3654.5752609039628 866.3866250672404 908.4123849030042 913.6438152259907
 9728 131072 654.355 659.735 663.792 3841.7709643984863 3865.3956997885516 3897.1763522858387 960.4427410996216 966.3489249471379 974.2940880714597
 10240 131072 652.11 660.526 666.347 4028.4634882426126 4063.9650218159472 4116.413733879253 1007.1158720606531 1015.9912554539868 1029.1034334698134
 11264 65536 344.505 394.368 403.215 3661.557749587689 3743.698799091204 4285.554659584041 915.3894373969223 935.924699772801 1071.3886648960101
 12288 65536 331.982 332.673 348.762 4618.085502434325 4841.429079005509 4851.506214192335 1154.5213756085811 1210.3572697513773 1212.8765535480838
 13312 65536 331.871 337.111 345.808 5045.662517929025 5175.833669028896 5257.5562914505945 1261.4156294822562 1293.958417257224 1314.3890728626486
 14336 65536 333.104 341.068 351.578 5344.612552548795 5509.306625071833 5641.025601613911 1336.1531381371988 1377.3266562679582 1410.2564004034778
 15360 65536 347.1 370.042 406.441 4953.402634084652 5440.641656893002 5800.247536732929 1238.350658521163 1360.1604142232504 1450.0618841832322
 16896 65536 364.863 380.632 401.231 5519.495034032764 5818.19844889552 6069.654944458604 1379.873758508191 1454.54961222388 1517.413736114651
 18432 65536 372.497 374.1 379.35 6368.575468564649 6457.950024057737 6485.741103955199 1592.1438671411622 1614.4875060144343 1621.4352759887997
 19968 65536 432.88 447.106 501.088 5223.125870106647 5853.747648208702 6046.12293476252 1305.7814675266618 1463.4369120521756 1511.53073369063
 21504 32768 212.929 225.231 911.456 1546.192184811993 6257.070048083967 6618.573064260857 386.54804620299825 1564.2675120209917 1654.6432660652142
 23552 32768 224.53 224.65 234.829 6572.8844052480745 6870.704972178944 6874.377018661204 1643.2211013120186 1717.676243044736 1718.594254665301
 25600 32768 222.536 237.204 242.103 6929.7844305935905 7072.90602182088 7539.101987992954 1732.4461076483976 1768.22650545522 1884.7754969982384
 28160 32768 238.736 255.107 290.503 6352.75284592586 7234.194906451018 7730.270089136117 1588.188211481465 1808.5487266127545 1932.5675222840293
 30720 32768 233.817 236.132 248.706 8094.9632095727475 8526.019006318498 8610.434314014805 2023.7408023931869 2131.5047515796246 2152.608578503701
 33792 32768 289.812 303.257 306.955 7214.713922236158 7302.692145605871 7641.479690281974 1803.6784805590396 1825.6730364014677 1910.3699225704936
 36864 32768 263.483 268.874 284.943 8478.604857813669 8985.32064833342 9169.165008748192 2119.651214453417 2246.330162083355 2292.291252187048
 40448 32768 348.301 379.71 1001.044 2648.035578855675 6981.117505464698 7610.658964516325 662.0088947139187 1745.2793763661746 1902.6647411290812
 44032 16384 208.27 217.748 224.64 6422.901424501425 6626.194389845142 6927.740798002593 1605.7253561253563 1656.5485974612855 1731.9351995006482
 48128 16384 227.105 232.074 239.538 6583.749985388538 6795.497574049657 6944.181343431453 1645.9374963471346 1698.8743935124141 1736.0453358578632
 52736 16384 227.456 227.526 229.931 7515.529650199407 7594.970456123695 7597.307822172201 1878.8824125498518 1898.7426140309237 1899.3269555430502
 57856 16384 221.674 225.963 244.297 7760.330286495537 8389.981581055306 8552.312891904328 1940.0825716238842 2097.4953952638266 2138.078222976082
 63488 16384 226.664 232.304 243.325 8549.778214322409 8955.398030167367 9178.232026259133 2137.444553580602 2238.849507541842 2294.558006564783
 69632 16384 247.984 252.012 266.118 8574.02120863677 9053.939399711124 9201.00238725079 2143.5053021591925 2263.484849927781 2300.2505968126975
 76288 16384 277.99 284.402 292.948 8533.272744650929 8789.689186433288 8992.42844706644 2133.318186162732 2197.422296608322 2248.10711176661
 83456 8192 155.461 160.179 173.865 7864.39538722572 8536.344364741944 8795.409163713084 1966.09884680643 2134.086091185486 2198.852290928271
 91648 8192 169.398 169.617 175.027 8579.02399058431 8852.655288090227 8864.1001192458 2144.7559976460775 2213.163822022557 2216.02502981145
 100352 8192 179.626 180.368 225.171 7301.8602217869975 9115.625654218044 9153.280527317871 1825.4650554467494 2278.906413554511 2288.3201318294678
 110080 8192 203.281 203.481 214.932 8391.26198053338 8863.484649672451 8872.205075732607 2097.815495133345 2215.871162418113 2218.0512689331517
 120832 8192 216.155 232.175 306.544 6458.16420481236 8526.807313448906 9158.758705558512 1614.54105120309 2131.7018283622265 2289.689676389628
 132608 8192 241.943 246.511 1093.286 1987.2654291740678 8813.600496529567 8980.005505428962 496.81635729351694 2203.4001241323917 2245.0013763572406
 145408 8192 262.922 270.416 968.282 2460.403758409224 8809.998934974263 9061.108130928564 615.100939602306 2202.4997337435657 2265.277032732141
 159744 8192 285.524 289.101 330.549 7917.875098699436 9053.049612419189 9166.464801557837 1979.468774674859 2263.262403104797 2291.616200389459
 175616 4096 160.831 162.203 175.849 8181.145596506094 8869.418395467408 8945.080687180955 2045.2863991265235 2217.354598866852 2236.2701717952386
 193024 4096 192.781 196.468 199.303 7933.912725849586 8048.3977441619 8202.325996856536 1983.4781814623966 2012.099436040475 2050.581499214134
 211968 4096 203.21 211.396 222.186 7815.262239745078 8214.16609585801 8545.06105014517 1953.8155599362694 2053.5415239645026 2136.2652625362925
 232960 4096 220.583 229.249 239.048 7983.368695826779 8324.609136790128 8651.656383311498 1995.8421739566948 2081.152284197532 2162.9140958278745
 256000 4096 235.961 240.691 249.337 8410.913743247092 8713.047018791729 8887.70601921504 2102.728435811773 2178.2617546979322 2221.92650480376
 281600 4096 271.619 280.786 927.906 2486.100100656748 8215.74864843689 8493.025892886728 621.525025164187 2053.9371621092223 2123.256473221682
 309760 4096 289.442 297.577 318.456 7968.3030622754795 8527.385920282819 8767.054954014968 1992.0757655688699 2131.8464800707047 2191.763738503742
 340480 2048 163.716 166.502 190.427 7323.5732327873675 8375.911880938367 8518.4470668719 1830.8933081968419 2093.977970234592 2129.611766717975
 374272 2048 176.14 176.3 181.69 8437.548087401618 8695.508292682925 8703.407017145453 2109.3870218504044 2173.8770731707314 2175.8517542863633
 411648 2048 190.046 190.236 216.856 7775.252739144871 8863.255156752666 8872.11626658809 1943.8131847862178 2215.8137891881665 2218.0290666470223
 452608 2048 207.228 207.849 213.821 8670.253941380875 8919.371120380662 8946.099793464204 2167.563485345219 2229.8427800951654 2236.524948366051
 497664 2048 227.115 229.8 242.584 8402.993371368268 8870.460156657962 8975.32855161482 2100.748342842067 2217.6150391644906 2243.832137903705
 547328 2048 249.547 261.8 327.092 6853.898866373987 8563.237158135982 8983.700417155887 1713.4747165934969 2140.8092895339955 2245.925104288972
 601600 2048 278.512 289.632 293.429 8397.784813362006 8507.877582587558 8847.567070718676 2099.4462033405016 2126.9693956468896 2211.891767679669
 661504 2048 299.952 301.063 306.334 8844.987445076289 8999.845161976065 9033.179922120875 2211.2468612690723 2249.9612904940163 2258.2949805302187
 727552 1024 166.131 168.275 185.758 8021.331495817139 8854.711014708068 8968.985294737286 2005.3328739542847 2213.677753677017 2242.2463236843214
 800256 1024 182.902 187.241 187.621 8735.29236066325 8753.02037481107 8960.669035877138 2183.8230901658126 2188.2550937027677 2240.1672589692844
 880128 1024 201.827 206.727 228.477 7889.20610827348 8719.239112452655 8930.9267045539 1972.30152706837 2179.8097781131637 2232.731676138475
 967680 1024 219.762 221.455 225.452 8790.379504284725 8949.035424804135 9017.9769022852 2197.5948760711813 2237.2588562010337 2254.4942255713
 1064448 1024 240.72 245.75 256.901 8485.71824944239 8870.760952187182 9056.121236291126 2121.4295623605976 2217.6902380467955 2264.0303090727816
 1170432 1024 266.579 272.72 343.603 6976.204328832984 8789.398415957758 8991.873838524414 1744.051082208246 2197.3496039894394 2247.9684596311035
 1287168 1024 295.242 296.796 326.581 8071.8721052357605 8881.925848057252 8928.675676224926 2017.9680263089401 2220.481462014313 2232.1689190562315
 1415680 512 161.623 162.143 186.779 7761.34533325481 8940.603788014283 8969.368963575731 1940.3363333137024 2235.1509470035708 2242.3422408939327
 1556992 512 176.972 177.512 182.742 8724.649002418711 8981.701563837938 9009.10770065321 2181.162250604678 2245.4253909594845 2252.2769251633026
 1712640 512 195.015 199.804 217.597 8059.593468659954 8777.318572200757 8992.863933543575 2014.8983671649885 2194.329643050189 2248.2159833858937
 1883648 512 215.313 220.423 221.735 8698.922371299073 8750.700026766717 8958.379438306094 2174.7305928247683 2187.6750066916793 2239.5948595765235
 2071552 512 235.631 241.242 250.429 8470.541542712705 8793.117483688578 9002.504967512763 2117.635385678176 2198.2793709221446 2250.6262418781907
 2278400 512 308.317 340.918 345.216 6758.324063774564 6843.527182489631 7567.151989672966 1689.581015943641 1710.8817956224077 1891.7879974182415
 2506240 512 376.925 389.409 390.23 6576.608051661839 6590.473666504882 6808.75442064071 1644.1520129154599 1647.6184166262206 1702.1886051601775
 2756608 256 202.9 213.84 228.127 6186.831440381892 6600.183763561541 6956.053701330704 1546.707860095473 1650.0459408903853 1739.013425332676
 3032064 256 235.471 245.74 277.439 5595.524666683486 6317.314104337918 6592.81511523712 1398.8811666708716 1579.3285260844796 1648.20377880928
 3335168 256 246.812 258.103 276.247 6181.446372268295 6615.9867029829165 6918.650697697032 1545.3615930670737 1653.9966757457291 1729.662674424258
 3668480 256 277.389 283.481 296.024 6344.964462340891 6625.705990877696 6771.219334580679 1586.2411155852228 1656.426497719424 1692.8048336451698
 4035072 256 305.302 315.801 320.851 6438.991506961175 6541.95795453466 6766.9286935558885 1609.7478767402938 1635.489488633665 1691.7321733889721
 4438528 256 339.315 342.371 343.944 6607.256809248017 6637.613395994404 6697.394267863195 1651.8142023120042 1659.403348998601 1674.3485669657987
 4881920 256 375.583 376.084 380.382 6571.139118044492 6646.236053647589 6655.1016419806 1642.784779511123 1661.5590134118972 1663.77541049515
 5369856 128 205.464 209.823 220.373 6237.983491625562 6551.632261477531 6690.6277304053265 1559.4958729063906 1637.9080653693827 1672.6569326013316
 5906432 128 228.728 231.383 235.02 6433.693268657986 6534.821451878486 6610.675527263824 1608.4233171644964 1633.7053629696215 1652.668881815956
 6496768 128 243.566 264.545 265.787 6257.539337890868 6286.917567899601 6828.426824762077 1564.384834472717 1571.7293919749002 1707.1067061905192
 7145984 128 271.878 277.559 289.122 6327.335533096755 6590.929870766215 6728.6499974253165 1581.8338832741888 1647.7324676915537 1682.1624993563291
 7860224 128 298.99 307.857 315.01 6387.78878130853 6536.207862741468 6730.048978226697 1596.9471953271325 1634.051965685367 1682.5122445566742
 8646144 128 328.996 342.14 349.053 6341.194214059183 6469.319179283334 6727.780471495094 1585.2985535147957 1617.3297948208335 1681.9451178737736
 9510400 128 351.648 361.557 385.04 6323.141491793061 6733.8273080039935 6923.578123578123 1580.7853729482651 1683.4568270009984 1730.8945308945308
 10461184 128 397.504 405.268 4611.029 580.7951118936792 6608.128704955733 6737.197874738367 145.1987779734198 1652.0321762389333 1684.2994686845918
 11507200 64 214.612 227.786 242.314 6078.565827810197 6466.25165725725 6863.183792145826 1519.6414569525493 1616.5629143143126 1715.7959480364566
 12657664 64 246.231 250.379 251.631 6438.717773247335 6470.914062281581 6579.922885420601 1609.6794433118337 1617.7285155703953 1644.9807213551503
 13923328 64 273.442 274.384 290.614 6132.484959430723 6495.225610822788 6517.601480387066 1533.1212398576808 1623.806402705697 1629.4003700967664
 15315456 64 301.655 304.55 314.138 6240.500569813267 6436.967223772779 6498.743160232717 1560.1251424533168 1609.2418059431948 1624.6857900581792
 16846848 64 330.91 334.757 342.862 6289.400820155048 6441.677228556835 6516.565059986099 1572.350205038762 1610.4193071392087 1629.1412649965248
 18531328 64 345.758 365.043 370.223 6406.976292666852 6497.891985327756 6860.318442378773 1601.744073166713 1624.472996331939 1715.0796105946933
 20384256 64 403.184 404.807 413.243 6313.923691387392 6445.50308665611 6471.449184491448 1578.480922846848 1611.3757716640275 1617.862296122862
 22422528 32 225.272 232.445 268.532 5344.0252632833335 6173.683202478006 6370.262580347314 1336.0063158208334 1543.4208006195015 1592.5656450868285
 24664576 32 238.487 250.088 254.627 6199.39308871408 6311.909663798344 6618.947213055639 1549.84827217852 1577.977415949586 1654.7368032639097
 27130880 32 272.71 277.99 292.858 5929.072519787746 6246.182668441311 6367.11642404019 1482.2681299469366 1561.5456671103277 1591.7791060100476
 29843968 32 290.103 310.882 322.684 5919.146756579192 6143.855070412567 6583.91658135214 1479.786689144798 1535.9637676031418 1645.979145338035
 32827904 32 325.579 333.284 350.987 5985.936390806496 6303.890543800482 6453.075462483759 1496.484097701624 1575.9726359501205 1613.2688656209398
 36110336 32 374.711 380.933 393.176 5877.931267422224 6066.845098744399 6167.583828603911 1469.482816855556 1516.7112746860998 1541.8959571509777
 39720960 32 401.03 426.628 428.241 5936.240201195122 5958.6840057380205 6339.030596214748 1484.0600502987804 1489.6710014345051 1584.757649053687
 43693056 16 227.405 247.163 255.117 5480.5355660344085 5656.905734272525 6148.403913722214 1370.1338915086021 1414.2264335681311 1537.1009784305536
 48061952 16 266.478 270.637 351.468 4375.88191243584 5682.824092788495 5771.517588694001 1093.97047810896 1420.7060231971238 1442.8793971735001
 52868096 16 270.747 292.047 338.013 5005.071023895532 5792.831537389529 6248.560730128127 1251.267755973883 1448.2078843473823 1562.1401825320318
 58154496 16 344.104 400.93 477.825 3894.613869094334 4641.568034320205 5408.085555529724 973.6534672735835 1160.3920085800512 1352.021388882431
 63969792 16 324.017 433.882 495.908 4127.849004250788 4717.949451694239 6317.672665323115 1031.962251062697 1179.4873629235597 1579.4181663307788
 70366720 16 363.26 427.189 525.553 4284.506110706247 5271.0510804351225 6198.687001046082 1071.1265276765616 1317.7627701087806 1549.6717502615204
 77403136 16 434.243 476.562 512.749 4830.629317658347 5197.435699866964 5703.949981922564 1207.6573294145867 1299.358924966741 1425.987495480641
 85143040 8 291.776 346.018 368.871 3693.1302270983624 3937.0455872237867 4668.953717920597 923.2825567745906 984.2613968059467 1167.2384294801493
 93657088 8 269.434 337.772 440.364 3402.89716688921 4436.464265836126 5561.708648500188 850.7242917223025 1109.1160664590316 1390.427162125047
 103022592 8 350.256 376.644 464.629 3547.6939063209566 4376.44426036257 4706.161984377141 886.9234765802391 1094.1110650906426 1176.5404960942853
 113324544 8 342.031 348.662 435.495 4163.521289567045 5200.431087987794 5301.252529741456 1040.8803223917612 1300.1077719969485 1325.313132435364
 124656640 8 361.867 375.042 437.278 4561.185881750282 5318.087680846413 5511.710766662889 1140.2964704375704 1329.5219202116032 1377.9276916657223
 137122304 8 396.422 440.223 505.686 4338.575448005284 4983.7397500812085 5534.397344244265 1084.643862001321 1245.9349375203021 1383.5993360610662
 150834176 8 460.832 487.522 528.158 4569.365258123516 4950.231612111863 5236.934101798486 1142.341314530879 1237.5579030279657 1309.2335254496215
 165917184 8 528.378 615.271 725.438 3659.4098241338334 4314.643375033116 5024.196586534639 914.8524560334583 1078.660843758279 1256.0491466336598
 182508544 4 385.672 390.291 411.07 3551.8728002529983 3740.973663241017 3785.7774274513054 887.9682000632496 935.2434158102543 946.4443568628263
 200759296 4 379.15 418.613 513.241 3129.2791651485363 3836.6566924581894 4235.986728207834 782.3197912871341 959.1641731145473 1058.9966820519585
 220834816 4 459.821 479.067 605.894 2915.8211304287543 3687.748327478202 3842.1005739189814 728.9552826071886 921.9370818695505 960.5251434797453
 242917888 4 529.521 554.277 679.111 2861.598625261555 3506.0864946588076 3670.0019527082027 715.3996563153887 876.5216236647019 917.5004881770507
 267209216 4 790.79 828.21 853.538 2504.485714754352 2581.0769345938834 2703.2128984939113 626.121428688588 645.2692336484708 675.8032246234778
 293929984 4 1878.846 1923.67 2007.276 1171.4581711732715 1222.371753991069 1251.534118283244 292.86454279331787 305.59293849776725 312.883529570811
 323322880 4 3833.775 3881.464 3905.65 662.266982448504 666.3936700172924 674.6830578215987 165.566745612126 166.5984175043231 168.67076445539968
 355655168 2 4302.643 4340.373 4372.884 325.32778642195865 327.7646119354259 330.6387892279234 81.33194660548966 81.94115298385647 82.65969730698085
 391220224 2 5129.69 5158.053 5208.608 300.4412879602381 303.3859667591628 305.06344359990567 75.11032199005953 75.8464916897907 76.26586089997642
 430342144 2 5968.43 6000.66 6037.57 285.1095020016331 286.86320771381816 288.4122920097915 71.27737550040827 71.71580192845454 72.10307300244787
 473376256 2 6793.955 6799.636 6844.349 276.6523191613987 278.4715275935359 278.7043811741467 69.16307979034967 69.61788189838397 69.67609529353668
 520713728 2 7555.24 7608.71 7646.951 272.37717516432366 273.74612937015604 275.68348748683036 68.09429379108091 68.43653234253901 68.92087187170759
 572784640 2 8336.813 8409.628 8432.201 271.71299166137055 272.44231968405734 274.8218725788859 67.92824791534264 68.11057992101433 68.70546814472148
 630063104 2 9170.532 9214.785 9251.344 272.42013873876056 273.5009461425307 274.8207427878776 68.10503468469014 68.37523653563268 68.7051856969694
 693069312 1 5069.898 5082.622 5123.559 270.54214150749505 272.7211710805958 273.4056235450891 67.63553537687376 68.18029277014895 68.35140588627227
 762376192 1 5565.576 5587.277 5617.674 271.42058866356433 272.89722417556885 273.96129061933567 67.85514716589108 68.22430604389221 68.49032265483392
 838613504 1 6140.943 6160.39 6602.006 254.04808902021597 272.2598744560004 273.12206089520777 63.51202225505399 68.0649686140001 68.28051522380194
 922474496 1 6724.906 6773.466 6778.266 272.18598266872385 272.3788665950342 274.34569226692537 68.04649566718096 68.09471664875855 68.58642306673134
 1014721536 1 7375.153 7416.159 8130.186 249.61828327174803 273.6515050445925 275.17301295308715 62.40457081793701 68.41287626114813 68.79325323827179
 1116193280 1 8172.214 8211.268 8225.043 271.41336039215844 271.86867606805674 273.16790284738016 67.85334009803961 67.96716901701419 68.29197571184504
 1227812352 1 8925.354 8949.208 9006.044 272.66408025543734 274.39575703235414 275.1291101731091 68.16602006385934 68.59893925808854 68.78227754327727
 1350593536 1 9833.103 9851.588 10248.761 263.56230494593444 274.18798593688655 274.7034249514116 65.89057623648361 68.54699648422164 68.6758562378529
 
META_DATA
 FLOPS          4
 MPI_PROCS      64
 ERT_VERSION  1.1.0
 HOSTNAME  ('tcn215.local.snellius.surf.nl', [], ['172.18.56.225'])
 UNAME  uname_result(system='Linux', node='tcn215.local.snellius.surf.nl', release='4.18.0-372.80.1.el8_6.x86_64', version='#1 SMP Fri Nov 3 14:30:16 EDT 2023', machine='x86_64', processor='x86_64')
 TIMESTAMP_DATA  1707390422.433992
 CONFIG  {'ERT_RESULTS': ['Results.snellius.01'], 'ERT_DRIVER': ['driver1'], 'ERT_KERNEL': ['kernel1'], 'ERT_MPI': ['True'], 'ERT_MPI_CFLAGS': [], 'ERT_MPI_LDFLAGS': [], 'ERT_OPENMP': ['False'], 'ERT_OPENMP_CFLAGS': ['-fopenmp'], 'ERT_OPENMP_LDFLAGS': ['-fopenmp'], 'ERT_FLOPS': ['1,2,4,8'], 'ERT_ALIGN': ['32'], 'ERT_CC': ['mpic++'], 'ERT_CFLAGS': ['-Ofast', '-fargument-noalias', '-mavx2'], 'ERT_LD': ['mpic++'], 'ERT_LDFLAGS': [], 'ERT_LDLIBS': [], 'ERT_RUN': ['export', 'OMP_NUM_THREADS=ERT_OPENMP_THREADS;', 'mpirun', '-np', 'ERT_MPI_PROCS', 'ERT_CODE'], 'ERT_PROCS_THREADS': ['32,64,128'], 'ERT_MPI_PROCS': ['32,64,128'], 'ERT_OPENMP_THREADS': [], 'ERT_NUM_EXPERIMENTS': ['5'], 'ERT_MEMORY_MAX': ['1357905920'], 'ERT_WORKING_SET_MIN': ['1'], 'ERT_TRIALS_MIN': ['1'], 'ERT_GNUPLOT': ['gnuplot'], 'ERT_GPU': [False], 'ERT_HIP': [False], 'ERT_PRECISION': ['FP64'], 'ERT_OCL': [False], 'ERT_SYCL': [False], 'ERT_WSS_MULT': [1.1]}
 TIMESTAMP_DATA  1707390437.7114592
 TIMESTAMP_DATA  1707390452.4240918
 TIMESTAMP_DATA  1707390467.5951996
 TIMESTAMP_DATA  1707390482.6623347
 