fp64
 512 2097152 19996.599 20283.276 20303.633 105.76844291856536 105.87459580000784 107.39244448518473 52.88422145928268 52.93729790000392 53.69622224259236
 1024 1048576 9566.57 9598.03 9688.178 221.66021805131987 223.74212708232835 224.47791089178256 110.83010902565994 111.87106354116418 112.23895544589128
 1536 524288 4995.808 4999.355 5029.351 320.24265874463725 322.1641063697217 322.3928413581947 160.12132937231863 161.08205318486085 161.19642067909734
 2048 524288 4883.649 4892.565 4925.898 435.95779855774526 438.92797499879924 439.7293187942049 217.97889927887263 219.46398749939962 219.86465939710246
 2560 524288 4990.759 4995.808 5052.275 531.3160031866834 537.3214022636579 537.8649940820625 265.6580015933417 268.66070113182894 268.93249704103124
 3072 262144 2446.343 2451.472 6474.128 248.77678291192265 656.9982182133836 658.3756799434913 124.38839145596133 328.4991091066918 329.18783997174563
 3584 262144 2505.364 2514.049 3121.447 601.9798484484919 747.4190805350254 750.0100552255082 300.98992422424595 373.7095402675127 375.0050276127541
 4096 262144 2492.529 2501.956 2527.023 849.8077176187157 858.321908139072 861.568169517787 424.90385880935787 429.160954069536 430.7840847588935
 4608 262144 2519.41 2523.988 2537.703 952.0101855890937 957.183276624136 958.9225667914313 476.00509279454684 478.591638312068 479.46128339571567
 5120 262144 2495.976 2505.293 2540.399 1056.666515771735 1071.4733007276993 1075.472905188191 528.3332578858675 535.7366503638497 537.7364525940955
 5632 131072 1269.018 1281.241 1288.123 1146.1599614322545 1152.31639324686 1163.415340050338 573.0799807161272 576.15819662343 581.707670025169
 6144 131072 1250.112 1252.506 1263.637 1274.5849765399398 1285.9121920374034 1288.374750422362 637.2924882699699 642.9560960187017 644.187375211181
 6656 131072 1272.704 1279.366 1303.702 1338.3660253646924 1363.8243192331204 1370.9632907573168 669.1830126823462 681.9121596165602 685.4816453786584
 7168 131072 1252.636 1260.0 1265.952 1484.2965546876974 1491.3080888888887 1500.0751950287236 742.1482773438487 745.6540444444444 750.0375975143618
 7680 131072 1276.311 1280.709 1289.465 1561.3187794938212 1571.9932631066072 1577.4101453329163 780.6593897469106 785.9966315533036 788.7050726664581
 8192 131072 1269.318 1274.067 1275.279 1683.9324163575186 1685.5343149143648 1691.8405379896922 841.9662081787593 842.7671574571824 845.9202689948461
 8704 131072 1285.408 1290.969 1297.511 1758.5217975030657 1767.4331265894068 1775.0794891583064 879.2608987515329 883.7165632947034 887.5397445791532
 9216 131072 1270.961 1273.575 1283.204 1882.724106221614 1896.9586431894468 1900.8601396895735 941.362053110807 948.4793215947234 950.4300698447868
 9728 131072 1310.034 1314.973 1319.762 1932.2702366032665 1939.307371330058 1946.6188144735174 966.1351183016333 969.653685665029 973.3094072367587
 10240 131072 1269.748 1272.514 1279.627 2097.7633013370305 2109.4892158357393 2114.084495506195 1048.8816506685152 1054.7446079178696 1057.0422477530974
 11264 65536 647.563 649.847 651.56 2265.938682546504 2271.9117084482964 2279.9248999711226 1132.969341273252 1135.9558542241482 1139.9624499855613
 12288 65536 645.199 650.759 655.808 2455.9211476529713 2474.9757375618315 2496.303831841029 1227.9605738264856 1237.4878687809157 1248.1519159205145
 13312 65536 721.322 724.978 1359.837 1283.1173618602818 2406.735740946622 2418.9342124599 641.5586809301409 1203.367870473311 1209.46710622995
 14336 65536 717.394 724.397 731.44 2568.97105982719 2593.9480588682723 2619.269455835984 1284.485529913595 1296.9740294341361 1309.634727917992
 15360 65536 825.737 827.5 830.666 2423.6768087293804 2432.9497522658608 2438.1442517411715 1211.8384043646902 1216.4748761329304 1219.0721258705858
 16896 65536 944.018 946.142 980.868 2257.7885220029607 2340.6555379636457 2345.9219125059053 1128.8942610014803 1170.3277689818228 1172.9609562529527
 18432 65536 923.39 928.99 930.153 2597.335173890747 2600.5867705788005 2616.358314471675 1298.6675869453734 1300.2933852894002 1308.1791572358375
 19968 65536 1146.107 1157.658 1177.626 2222.47614777527 2260.8107886785215 2283.5962924927603 1111.238073887635 1130.4053943392607 1141.7981462463802
 21504 32768 571.04 573.825 1235.455 1140.7021251279893 2455.9511070448307 2467.9289436817035 570.3510625639947 1227.9755535224153 1233.9644718408517
 23552 32768 614.912 621.494 624.63 2471.069068088308 2483.5378491184147 2510.121565362198 1235.534534044154 1241.7689245592073 1255.060782681099
 25600 32768 666.158 670.827 1283.755 1306.8861270257953 2500.9750651062045 2518.5040185661655 653.4430635128977 1250.4875325531023 1259.2520092830828
 28160 32768 772.808 777.948 811.37 2274.5402960424963 2372.258505709893 2388.0365627685014 1137.2701480212481 1186.1292528549466 1194.0182813842507
 30720 32768 767.638 774.721 778.599 2585.7545668566227 2598.6980087024876 2622.6762093590983 1292.8772834283113 1299.3490043512438 1311.3381046795491
 33792 32768 874.869 880.56 883.826 2505.6883504219154 2514.981956936495 2531.3418488939483 1252.8441752109577 1257.4909784682475 1265.6709244469741
 36864 32768 925.274 926.315 931.144 2594.570876255445 2608.096710082423 2611.0310070314304 1297.2854381277225 1304.0483550412116 1305.5155035157152
 40448 32768 1087.878 1089.381 1091.765 2427.9951528030297 2433.3085743188103 2436.6704060565617 1213.9975764015148 1216.6542871594052 1218.3352030282808
 44032 16384 564.166 572.352 707.836 2038.3825857967101 2520.89723806329 2557.4752395571513 1019.1912928983551 1260.448619031645 1278.7376197785757
 48128 16384 617.958 624.319 638.106 2471.467599427054 2526.0456657574096 2552.047718453358 1235.733799713527 1263.0228328787048 1276.023859226679
 52736 16384 693.158 704.099 705.512 2449.360532492715 2454.2759583524476 2493.0149374312923 1224.6802662463574 1227.1379791762238 1246.5074687156462
 57856 16384 752.89 753.732 755.074 2510.7809406760134 2515.2513200978597 2518.06426968083 1255.3904703380067 1257.6256600489298 1259.032134840415
 63488 16384 798.586 811.52 1392.579 1493.9007295097801 2563.5533123028395 2605.07294643282 746.9503647548901 1281.7766561514197 1302.53647321641
 69632 16384 873.727 877.995 1397.698 1632.470945798019 2598.7635191544373 2611.458013773181 816.2354728990096 1299.3817595772186 1305.7290068865905
 76288 16384 978.232 982.451 1487.757 1680.2509979788365 2544.4578752528114 2555.4318239436047 840.1254989894182 1272.2289376264057 1277.7159119718024
 83456 8192 540.642 544.85 1270.52 1076.2074615118217 2509.5771386620168 2529.11002844766 538.1037307559109 1254.7885693310084 1264.55501422383
 91648 8192 592.44 596.687 1090.393 1377.082237321773 2516.4966422931952 2534.536547160894 688.5411186608865 1258.2483211465976 1267.268273580447
 100352 8192 628.287 633.667 663.463 2478.159547706504 2594.686433094985 2616.9046438968176 1239.079773853252 1297.3432165474926 1308.4523219484088
 110080 8192 708.858 713.526 1405.202 1283.4814638749447 2527.659426566096 2544.3046703288956 641.7407319374723 1263.829713283048 1272.1523351644478
 120832 8192 761.396 764.953 1192.203 1660.5489903984474 2588.017156609622 2600.10754981639 830.2744951992237 1294.008578304811 1300.053774908195
 132608 8192 846.335 849.511 1442.412 1506.2613677645497 2557.5295340495886 2567.127050163351 753.1306838822749 1278.7647670247943 1283.5635250816756
 145408 8192 912.188 919.142 1410.582 1688.923204748111 2591.944086985471 2611.703587418383 844.4616023740555 1295.9720434927356 1305.8517937091915
 159744 8192 1001.426 1009.441 1531.489 1708.9549425428454 2592.7673791732254 2613.5188181652957 854.4774712714227 1296.3836895866127 1306.7594090826478
 175616 4096 560.159 560.831 562.223 2558.8534656177353 2565.2046195734542 2568.2819913631665 1279.4267328088677 1282.6023097867271 1284.1409956815833
 193024 4096 606.627 615.282 619.48 2552.548279201911 2569.964029501919 2606.630776407908 1276.2741396009556 1284.9820147509595 1303.315388203954
 211968 4096 668.302 668.452 678.13 2560.6327046436522 2597.7061269919154 2598.2891806398898 1280.3163523218261 1298.8530634959577 1299.1445903199449
 232960 4096 737.01 738.563 772.578 2470.182065759056 2583.9479096569958 2589.3927083757344 1235.091032879528 1291.9739548284979 1294.6963541878672
 256000 4096 799.868 804.116 807.112 2598.3407507260454 2608.0217282083677 2621.872608980482 1299.1703753630227 1304.0108641041838 1310.936304490241
 281600 4096 880.99 882.974 910.836 2532.692164121752 2612.610563844462 2618.4941940317144 1266.346082060876 1306.305281922231 1309.2470970158572
 309760 4096 971.38 975.818 982.46 2582.8572359180016 2600.4377045719593 2612.318474747267 1291.4286179590008 1300.2188522859797 1306.1592373736335
 340480 2048 532.347 537.927 540.142 2581.9249012296764 2592.556387762652 2619.731265509151 1290.9624506148382 1296.278193881326 1309.8656327545755
 374272 2048 594.624 596.167 599.202 2558.4329024268945 2571.4575144212945 2578.1302335593587 1279.2164512134473 1285.7287572106472 1289.0651167796793
 411648 2048 645.369 646.05 656.149 2569.7062831765347 2609.8757185976324 2612.629686272505 1284.8531415882674 1304.9378592988162 1306.3148431362524
 452608 2048 709.899 714.418 714.658 2594.0832789949877 2594.954729584081 2611.4734180496102 1297.0416394974939 1297.4773647920406 1305.7367090248051
 497664 2048 777.146 782.406 783.658 2601.1751861143507 2605.3375664297055 2622.971415924421 1300.5875930571754 1302.6687832148527 1311.4857079622104
 547328 2048 857.867 862.255 864.059 2594.5629731303075 2599.9912879600583 2613.2902745996757 1297.2814865651537 1299.9956439800292 1306.6451372998379
 601600 2048 944.099 946.813 950.571 2592.287793336847 2602.5768551973833 2610.0584790366265 1296.1438966684234 1301.2884275986917 1305.0292395183133
 661504 2048 1036.1 1036.822 1040.569 2603.883436850416 2613.2936839688973 2615.114741820288 1301.941718425208 1306.6468419844487 1307.557370910144
 727552 1024 572.142 577.492 599.372 2485.979485194504 2580.1682031958885 2604.2949058100958 1242.989742597252 1290.0841015979443 1302.1474529050479
 800256 1024 629.409 634.418 636.322 2575.6209717721526 2583.35086331094 2603.9098392301344 1287.8104858860763 1291.67543165547 1301.9549196150672
 880128 1024 686.637 693.85 699.491 2576.8768204308562 2597.826827124018 2625.116537559147 1288.4384102154281 1298.913413562009 1312.5582687795736
 967680 1024 752.77 763.039 765.714 2588.183891113392 2597.257335470402 2632.6881251909613 1294.091945556696 1298.628667735201 1316.3440625954806
 1064448 1024 830.957 838.882 840.475 2593.758891103245 2598.684325089822 2623.4684875390662 1296.8794455516224 1299.342162544911 1311.7342437695331
 1170432 1024 919.031 919.943 924.622 2592.4591195104595 2605.6448453871594 2608.2305558789635 1296.2295597552297 1302.8224226935797 1304.1152779394818
 1287168 1024 1007.918 1010.372 1013.509 2600.9833795259833 2609.0589050369567 2615.4112378189493 1300.4916897629917 1304.5294525184784 1307.7056189094747
 1415680 512 551.413 559.028 566.11 2560.7325784741483 2593.1730074343322 2628.9846630384122 1280.3662892370742 1296.5865037171661 1314.4923315192061
 1556992 512 606.426 615.854 619.741 2572.622769834496 2588.8600350082975 2629.108593628901 1286.311384917248 1294.4300175041487 1314.5542968144505
 1712640 512 668.653 678.261 678.941 2583.057084488932 2585.6467642986995 2622.8004061897573 1291.528542244466 1292.8233821493498 1311.4002030948786
 1883648 512 740.477 745.146 767.808 2512.158706343252 2588.560566654052 2604.882463601165 1256.079353171626 1294.280283327026 1302.4412318005825
 2071552 512 807.422 815.328 824.765 2571.968073329979 2601.737273833353 2627.2125951485095 1285.9840366649894 1300.8686369166765 1313.6062975742548
 2278400 512 892.382 895.127 896.73 2601.765971920199 2606.4252335143506 2614.4426938239453 1300.8829859600994 1303.2126167571753 1307.2213469119727
 2506240 512 982.381 984.675 994.032 2581.7979300465176 2606.3317947546143 2612.4179518944275 1290.8989650232588 1303.1658973773071 1306.2089759472137
 2756608 256 536.946 543.829 549.61 2567.9723731373156 2595.270380946952 2628.53861654617 1283.9861865686578 1297.635190473476 1314.269308273085
 3032064 256 591.798 598.011 622.717 2492.973161163097 2595.9669103076703 2623.2207070655863 1246.4865805815484 1297.9834551538352 1311.6103535327932
 3335168 256 649.627 654.546 662.15 2578.880942384656 2608.8403504108187 2628.5945873555133 1289.440471192328 1304.4201752054094 1314.2972936777567
 3668480 256 722.374 722.885 727.923 2580.302806752912 2598.2857024284635 2600.1237032340587 1290.151403376456 1299.1428512142318 1300.0618516170293
 4035072 256 793.196 793.937 974.134 2120.8138346469786 2602.1672550844714 2604.5981875854136 1060.4069173234893 1301.0836275422357 1302.2990937927068
 4438528 256 866.262 871.963 891.5 2549.1041346045986 2606.2187684569185 2623.3706846196646 1274.5520673022993 1303.1093842284592 1311.6853423098323
 4881920 256 957.704 962.793 964.096 2592.6287838555495 2596.137529043107 2609.932755841053 1296.3143919277748 1298.0687645215535 1304.9663779205266
 5369856 128 527.217 535.172 538.789 2551.4313321170252 2568.6753716562152 2607.4332504452627 1275.7156660585126 1284.3376858281076 1303.7166252226314
 5906432 128 579.185 580.157 4598.053 328.8449680767055 2606.271392054219 2610.6452895016273 164.42248403835276 1303.1356960271096 1305.3226447508137
 6496768 128 636.422 637.233 665.226 2500.1617615667456 2609.9913344098627 2613.317276901176 1250.0808807833728 1304.9956672049314 1306.658638450588
 7145984 128 699.18 703.988 707.365 2586.178145653234 2598.5839304079045 2616.4534225807374 1293.089072826617 1299.2919652039523 1308.2267112903687
 7860224 128 763.33 769.0 775.323 2595.327810473829 2616.6675474642393 2636.1041017646367 1297.6639052369144 1308.3337737321197 1318.0520508823183
 8646144 128 844.322 846.716 880.7 2513.2427205631884 2614.1148437020206 2621.526934037014 1256.6213602815942 1307.0574218510103 1310.763467018507
 9510400 128 929.471 931.845 934.22 2606.0910706257628 2612.7332335313276 2619.4065226349185 1303.0455353128814 1306.3666167656638 1309.7032613174592
 10461184 128 1024.829 1026.232 1028.627 2603.5317991847382 2609.607870345107 2613.1804466891554 1301.7658995923691 1304.8039351725536 1306.5902233445777
 11507200 64 558.075 562.744 573.834 2566.807822471307 2617.3919224372007 2639.2897012050353 1283.4039112356536 1308.6959612186004 1319.6448506025176
 12657664 64 616.565 617.537 626.243 2587.144274666543 2623.6176812077656 2627.753751834762 1293.5721373332715 1311.8088406038828 1313.876875917381
 13923328 64 679.513 683.591 687.027 2594.0552321815594 2607.0939845609437 2622.740085914471 1297.0276160907797 1303.5469922804718 1311.3700429572355
 15315456 64 745.286 746.027 754.183 2599.34043594194 2627.757933694089 2630.370579884769 1299.67021797097 1313.8789668470445 1315.1852899423845
 16846848 64 820.317 823.653 824.725 2614.685554578799 2618.088617415344 2628.7356521929937 1307.3427772893995 1309.044308707672 1314.3678260964969
 18531328 64 897.291 908.111 932.587 2543.473138699124 2612.0264857489888 2643.5236550907116 1271.736569349562 1306.0132428744944 1321.7618275453558
 20384256 64 990.255 996.086 1026.984 2540.628449907691 2619.4372453784113 2634.861493251738 1270.3142249538455 1309.7186226892056 1317.430746625869
 22422528 32 545.082 551.784 552.906 2595.4534622521733 2600.7310686790483 2632.708091626581 1297.7267311260866 1300.3655343395242 1316.3540458132904
 24664576 32 599.904 603.53 610.023 2587.661225888204 2615.500246880851 2631.309116125247 1293.830612944102 1307.7501234404256 1315.6545580626234
 27130880 32 658.994 662.871 664.815 2611.818806735708 2619.4784807300366 2634.889422361964 1305.909403367854 1309.7392403650183 1317.444711180982
 29843968 32 723.425 727.593 729.025 2619.9567257638623 2625.113149796658 2640.2376915367868 1309.9783628819312 1312.556574898329 1320.1188457683934
 32827904 32 799.988 802.483 815.307 2576.92606098071 2618.1063723468283 2626.271714075711 1288.463030490355 1309.0531861734141 1313.1358570378554
 36110336 32 874.178 880.499 885.789 2609.042902993828 2624.717920179353 2643.6967116536907 1304.521451496914 1312.3589600896764 1321.8483558268454
 39720960 32 965.92 966.561 991.007 2565.2103769196383 2630.088985589114 2631.834354811993 1282.6051884598191 1315.044492794557 1315.9171774059964
 43693056 16 523.801 529.061 530.233 2636.912059415389 2642.753466991519 2669.2919486598917 1318.4560297076946 1321.3767334957595 1334.6459743299458
 48061952 16 579.215 580.167 583.613 2635.2779393193773 2650.93061825302 2655.2876980050582 1317.6389696596887 1325.46530912651 1327.6438490025291
 52868096 16 635.801 641.051 644.347 2625.5714265760535 2639.0709506731914 2660.8625529057044 1312.7857132880267 1319.5354753365957 1330.4312764528522
 58154496 16 697.937 698.859 703.147 2646.592920114855 2662.831661322241 2666.349358179893 1323.2964600574276 1331.4158306611205 1333.1746790899465
 63969792 16 769.452 773.158 773.629 2646.014231627821 2647.626156619992 2660.378222423231 1323.0071158139106 1323.813078309996 1330.1891112116155
 70366720 16 841.476 849.461 894.626 2516.956851242866 2650.7809540402677 2675.9349523931755 1258.478425621433 1325.3904770201339 1337.9674761965878
 77403136 16 929.672 930.884 942.596 2627.7433301223427 2660.804516996747 2664.27336953248 1313.8716650611714 1330.4022584983736 1332.13668476624
 85143040 8 501.86 526.336 545.061 2499.3324416900127 2588.2490272373543 2714.4794165703584 1249.6662208450064 1294.1245136186772 1357.2397082851792
 93657088 8 551.342 552.916 566.932 2643.1977873889637 2710.20084063402 2717.938063851475 1321.5988936944818 1355.10042031701 1358.9690319257375
 103022592 8 604.222 606.206 693.308 2377.5313021052693 2719.1441061289397 2728.072582593815 1188.7656510526347 1359.5720530644699 1364.0362912969074
 113324544 8 663.663 670.186 710.04 2553.6486733141796 2705.5066862035314 2732.0985259084805 1276.8243366570898 1352.7533431017657 1366.0492629542402
 124656640 8 736.75 739.325 757.709 2632.28527046663 2697.7394785784327 2707.1682931795044 1316.142635233315 1348.8697392892163 1353.5841465897522
 137122304 8 803.706 805.338 854.31 2568.1039248048132 2724.268399106959 2729.800280201964 1284.0519624024066 1362.1341995534794 1364.900140100982
 150834176 8 884.507 900.366 918.66 2627.0293862800163 2680.4064302739107 2728.4654796400705 1313.5146931400081 1340.2032151369554 1364.2327398200352
 165917184 8 974.025 980.096 992.87 2673.7387009376853 2708.5866527360586 2725.469001309001 1336.8693504688426 1354.2933263680293 1362.7345006545006
 182508544 4 521.778 525.144 563.306 2591.9630751314558 2780.3199731883064 2798.2558712709238 1295.9815375657279 1390.1599865941532 1399.1279356354619
 200759296 4 567.774 573.725 578.654 2775.534893044894 2799.3801350821386 2828.7212306304978 1387.767446522447 1399.6900675410693 1414.3606153152489
 220834816 4 627.175 646.581 655.307 2695.9555261884884 2732.3390696602587 2816.882892334675 1347.9777630942442 1366.1695348301294 1408.4414461673375
 242917888 4 741.79 747.831 758.641 2561.6109648700767 2598.639403822521 2619.8022405262946 1280.8054824350384 1299.3197019112606 1309.9011202631473
 267209216 4 910.175 964.396 983.101 2174.419238715046 2216.593316438476 2348.640347185981 1087.209619357523 1108.296658219238 1174.3201735929906
 293929984 4 1674.247 1718.169 1917.762 1226.1374831704873 1368.5730984553904 1404.4760850698851 613.0687415852436 684.2865492276952 702.2380425349426
 323322880 4 3702.916 3800.489 3822.771 676.6251601259924 680.5921659028613 698.5259833061294 338.3125800629962 340.29608295143066 349.2629916530647
 355655168 2 4269.989 4306.317 4651.664 305.8304881865931 330.3566997041788 333.1672920000497 152.91524409329654 165.1783498520894 166.58364600002486
 391220224 2 5107.388 5152.622 5171.938 302.571472434511 303.7057436000545 306.3955383847869 151.2857362172555 151.85287180002726 153.19776919239345
 430342144 2 5962.849 6022.652 6115.286 281.4861931232652 285.81571307789324 288.6822349517823 140.7430965616326 142.90785653894662 144.34111747589114
 473376256 2 6769.01 6815.867 7411.554 255.4801629995545 277.808387986444 279.7314561508994 127.74008149977725 138.904193993222 139.8657280754497
 520713728 2 7559.501 7591.831 7611.117 273.6595577232619 274.3547521013047 275.52809530681986 136.82977886163096 137.17737605065236 137.76404765340993
 572784640 2 8346.314 8426.866 12825.245 178.64286881069327 271.88501158081783 274.5090299741898 89.32143440534664 135.94250579040892 137.2545149870949
 630063104 2 9195.275 9260.838 9322.513 270.340456055143 272.1408598228368 274.0812445522293 135.1702280275715 136.0704299114184 137.04062227611465
 693069312 1 5076.679 5088.672 5142.904 269.5244989990091 272.3969287075292 273.04043135285883 134.76224949950455 136.1984643537646 136.52021567642942
 762376192 1 5559.193 5587.847 5672.707 268.7874385192114 272.86938672443966 274.27584975013457 134.3937192596057 136.43469336221983 137.13792487506728
 838613504 1 6131.435 6147.265 6788.917 247.0536917744023 272.8411753845002 273.5455905509885 123.52684588720115 136.4205876922501 136.77279527549425
 922474496 1 6724.075 6771.535 10222.569 180.47801800115022 272.456539322325 274.37959749110473 90.23900900057511 136.2282696611625 137.18979874555237
 1014721536 1 7393.831 7404.42 7595.168 267.2018672924681 274.0853533430032 274.4778818991129 133.60093364623404 137.0426766715016 137.23894094955645
 1116193280 1 8122.225 8153.974 8318.122 268.3762705091366 273.77896471094954 274.84914047567014 134.1881352545683 136.88948235547477 137.42457023783507
 1227812352 1 8908.778 8991.413 9130.113 268.9588512212281 273.1077644859601 275.6410255143859 134.47942561061404 136.55388224298005 137.82051275719294
 1350593536 1 9832.268 9886.129 10288.984 262.5319537866907 273.23000458521227 274.72675399002554 131.26597689334534 136.61500229260614 137.36337699501277
 
META_DATA
 FLOPS          8
 MPI_PROCS      64
 ERT_VERSION  1.1.0
 HOSTNAME  ('tcn299.local.snellius.surf.nl', [], ['172.18.57.53'])
 UNAME  uname_result(system='Linux', node='tcn299.local.snellius.surf.nl', release='4.18.0-372.80.1.el8_6.x86_64', version='#1 SMP Fri Nov 3 14:30:16 EDT 2023', machine='x86_64', processor='x86_64')
 TIMESTAMP_DATA  1707397583.6647902
 CONFIG  {'ERT_RESULTS': ['Results.snellius.01'], 'ERT_DRIVER': ['driver1'], 'ERT_KERNEL': ['kernel1'], 'ERT_MPI': ['True'], 'ERT_MPI_CFLAGS': [], 'ERT_MPI_LDFLAGS': [], 'ERT_OPENMP': ['False'], 'ERT_OPENMP_CFLAGS': ['-fopenmp'], 'ERT_OPENMP_LDFLAGS': ['-fopenmp'], 'ERT_FLOPS': ['1,2,4,8,16,32'], 'ERT_ALIGN': ['32'], 'ERT_CC': ['mpic++'], 'ERT_CFLAGS': ['-Ofast', '-fargument-noalias', '-mavx2'], 'ERT_LD': ['mpic++'], 'ERT_LDFLAGS': [], 'ERT_LDLIBS': [], 'ERT_RUN': ['export', 'OMP_NUM_THREADS=ERT_OPENMP_THREADS;', 'mpirun', '-np', 'ERT_MPI_PROCS', 'ERT_CODE'], 'ERT_PROCS_THREADS': ['32,64,128'], 'ERT_MPI_PROCS': ['32,64,128'], 'ERT_OPENMP_THREADS': [], 'ERT_NUM_EXPERIMENTS': ['5'], 'ERT_MEMORY_MAX': ['1357905920'], 'ERT_WORKING_SET_MIN': ['1'], 'ERT_TRIALS_MIN': ['1'], 'ERT_GNUPLOT': ['gnuplot'], 'ERT_GPU': [False], 'ERT_HIP': [False], 'ERT_PRECISION': ['FP64'], 'ERT_OCL': [False], 'ERT_SYCL': [False], 'ERT_WSS_MULT': [1.1]}
 TIMESTAMP_DATA  1707397598.5203252
 TIMESTAMP_DATA  1707397613.8397744
 TIMESTAMP_DATA  1707397628.6978312
 TIMESTAMP_DATA  1707397643.754001
 