fp64
 256 4194304 50555.316 50574.091 50605.813 42.43551324825075 42.46213042168173 42.47789981176263 21.217756624125375 21.231065210840864 21.238949905881316
 512 2097152 24752.999 24760.763 24769.801 86.6976544543091 86.72930022390668 86.75650364628545 43.34882722715455 43.36465011195334 43.378251823142726
 768 1048576 12636.509 12645.576 12648.783 127.33341508032828 127.36570765934269 127.45709562664814 63.66670754016414 63.682853829671345 63.72854781332407
 1024 1048576 12633.845 12636.359 12654.234 169.70475241725418 169.94481147615386 169.97862867559323 84.85237620862709 84.97240573807693 84.98931433779661
 1280 1048576 12633.444 12635.257 12653.632 212.14103270902774 212.44954178613065 212.48002999023862 106.07051635451387 106.22477089306533 106.24001499511931
 1536 524288 6323.22 6328.18 6342.397 253.94385371965836 254.51436842820527 254.71401216468823 126.97192685982918 127.25718421410264 127.35700608234411
 1792 524288 6326.736 6358.878 6374.187 294.7902519960585 295.499959584065 297.0012012513246 147.39512599802924 147.7499797920325 148.5006006256623
 2048 524288 6442.097 6455.153 6466.415 332.09802463961876 332.6774203492931 333.3516474526851 166.04901231980938 166.33871017464654 166.67582372634254
 2304 524288 6454.352 6464.551 6471.615 373.3100785507172 373.71800516385434 374.30854468426884 186.6550392753586 186.85900258192717 187.15427234213442
 2560 524288 6475.191 6483.257 6493.387 413.398209593853 414.04413861736475 414.55990410167055 206.6991047969265 207.02206930868238 207.27995205083528
 2816 262144 3259.598 3264.908 3277.893 450.40976261275154 452.20110581982703 452.93775735535485 225.20488130637577 226.10055290991352 226.46887867767742
 3072 262144 3224.09 3231.354 3252.254 495.22968870205096 498.4327733823036 499.55576178084357 247.61484435102548 249.2163866911518 249.77788089042178
 3328 262144 3242.445 3243.237 3280.267 531.9172079589863 537.990428698242 538.1218383041193 265.95860397949315 268.995214349121 269.0609191520596
 3584 262144 3252.815 3256.712 3258.096 576.7319907086838 576.9770836352739 577.6683248201941 288.3659953543419 288.48854181763693 288.83416241009706
 3840 262144 3270.349 3303.643 3375.551 596.4258635108756 609.4078325049044 615.6119484495385 298.2129317554378 304.7039162524522 307.8059742247693
 4096 262144 3245.581 3269.557 3629.018 591.7533746043696 656.8118090615947 661.663858643491 295.8766873021848 328.40590453079733 330.8319293217455
 4352 262144 3313.642 3331.216 3348.479 681.4142707778667 684.9454901753595 688.5781191812514 340.70713538893335 342.47274508767975 344.2890595906257
 4608 262144 3324.493 3327.539 3376.552 715.4988591912696 726.037802712455 726.7030202800847 357.7494295956348 363.0189013562275 363.35151014004236
 4864 262144 3381.794 3392.764 3551.218 718.1020235874003 751.6399112935649 754.0781112036984 359.0510117937001 375.81995564678243 377.0390556018492
 5120 262144 3299.825 3311.999 3322.659 807.8934853080018 810.4937712843513 813.4839150561015 403.9467426540009 405.24688564217564 406.74195752805076
 5632 131072 1685.431 1699.078 1706.491 865.1642510860004 868.938923345485 875.9747554186436 432.5821255430002 434.4694616727425 437.9873777093218
 6144 131072 1688.827 1695.3 1713.245 940.0948118920528 950.0458538311802 953.6872255121455 470.0474059460264 475.0229269155901 476.84361275607273
 6656 131072 1845.329 1846.772 1916.195 910.5704085440157 944.800150749524 945.5389602612868 455.28520427200783 472.400075374762 472.7694801306434
 7168 131072 1846.291 1868.854 1934.94 971.1144490268432 1005.4547824495653 1017.7421609052961 485.5572245134216 502.72739122478265 508.8710804526481
 7680 131072 2103.805 2116.38 2184.591 921.5756725171896 951.27808805602 956.9641292800426 460.7878362585948 475.63904402801 478.4820646400213
 8448 131072 2502.843 2516.96 2529.704 875.4354311808811 879.8679804208251 884.8307752423943 437.71771559044055 439.93399021041256 442.41538762119717
 9216 131072 2371.3 2426.697 2514.845 960.6632233795721 995.5586148579735 1018.8163049803903 480.33161168978603 497.7793074289867 509.40815249019516
 9984 131072 3068.49 3069.161 3211.756 814.8955574458333 852.7560776381558 852.9425535035148 407.44777872291667 426.3780388190779 426.4712767517574
 10752 65536 1451.18 1452.323 1495.296 942.4797123780173 970.3668839507463 971.1311787648672 471.23985618900866 485.18344197537317 485.5655893824336
 11776 65536 1582.503 1597.482 1630.054 946.9035209876482 966.2104937645621 975.3560479822156 473.4517604938241 483.10524688228105 487.6780239911078
 12800 65536 1713.845 1714.216 1763.862 951.1637531734341 978.7107342365256 978.922598017907 475.58187658671704 489.3553671182628 489.4612990089535
 14080 65536 2072.756 2085.411 2098.556 879.4112523087304 884.9544574187055 890.357456449288 439.7056261543652 442.47722870935274 445.178728224644
 15360 65536 1977.323 1978.034 2004.454 1004.3961697300111 1017.8115846340355 1018.1775663358995 502.19808486500557 508.90579231701776 509.08878316794977
 16896 65536 2239.646 2247.051 2390.487 926.4189732050413 985.5550728488138 988.8136392983533 463.20948660252066 492.7775364244069 494.40681964917667
 18432 65536 2373.373 2435.123 2490.759 969.952975779672 992.1137880920184 1017.926429600404 484.976487889836 496.0568940460092 508.963214800202
 20224 65536 2905.747 2920.746 2943.981 900.4134632662372 907.5763958933779 912.2611596949082 450.2067316331186 453.78819794668897 456.1305798474541
 22016 32768 1447.203 1521.686 1526.245 945.3531877254309 948.1854837331749 996.9856170834362 472.67659386271544 474.09274186658746 498.4928085417181
 24064 32768 1585.248 1622.78 1661.706 949.059763881216 971.8250804175551 994.833807707059 474.529881940608 485.91254020877756 497.4169038535295
 26368 32768 1866.109 1874.704 1889.083 914.7577147219047 921.7739163089212 926.0194597421694 457.37885736095234 460.8869581544606 463.0097298710847
 28928 32768 1994.997 2000.376 2031.135 933.3822754272858 947.7345299083773 950.289854069956 466.6911377136429 473.86726495418867 475.144927034978
 31744 32768 2037.979 2076.904 2143.392 970.5993042803183 1001.6711335718935 1020.8028561628946 485.29965214015914 500.83556678594675 510.4014280814473
 34816 32768 2240.418 2244.335 2269.164 1005.5251079252093 1016.6491972009526 1018.4266400287803 502.76255396260467 508.3245986004763 509.21332001439015
 38144 32768 2606.262 2611.081 2624.748 952.3981669859354 957.3832385896874 959.1534481184162 476.1990834929677 478.6916192948437 479.5767240592081
 41728 16384 1450.32 1451.0 1468.464 931.1383214024995 942.3453507925568 942.7871807601081 465.56916070124976 471.1726753962784 471.39359038005404
 45824 16384 1579.778 1586.171 1640.304 915.4161862679114 946.6575999687296 950.4885066129544 457.7080931339557 473.3287999843648 475.2442533064772
 50176 16384 1615.577 1641.026 1693.356 970.9518659986442 1001.9141488312799 1017.6965678516098 485.4759329993221 500.95707441563997 508.8482839258049
 55040 16384 1896.186 1922.227 1983.193 909.4176512321293 938.2610482528859 951.146522545784 454.70882561606464 469.13052412644294 475.573261272892
 60416 16384 1943.327 1949.589 2058.368 961.7869535476649 1015.4506862728504 1018.7227821154135 480.89347677383245 507.7253431364252 509.3613910577067
 66304 16384 2276.498 2292.839 2298.64 945.1890996415272 947.5804764311841 954.3823328638987 472.5945498207636 473.79023821559207 477.19116643194934
 72704 16384 2337.745 2338.717 2354.808 1011.7023009943911 1018.663084075585 1019.0866292089171 505.85115049719553 509.3315420377925 509.54331460445854
 79872 16384 2567.718 2572.807 2657.06 985.0156548967655 1017.2724561150526 1019.2886041224154 492.5078274483827 508.6362280575263 509.6443020612077
 87808 8192 1486.869 1491.338 1515.885 949.0471058160743 964.6681516866062 967.567601449758 474.5235529080372 482.3340758433031 483.783800724879
 96512 8192 1635.225 1652.257 1678.368 942.1370092852104 957.0258186226476 966.9939048143223 471.0685046426052 478.5129093113238 483.49695240716113
 105984 8192 1771.636 1790.553 1793.149 968.3756653797313 969.7796468465328 980.1346642312528 484.1878326898657 484.8898234232664 490.0673321156264
 116480 8192 1969.137 1969.538 1983.765 962.0133029869968 968.9624267213936 969.1597486614694 481.0066514934984 484.4812133606968 484.5798743307347
 128000 8192 2123.383 2130.166 2164.703 968.7943334489765 984.5016773340668 987.64659978911 484.3971667244883 492.2508386670334 493.823299894555
 140800 8192 2363.165 2363.895 2368.875 973.8239459659122 975.8754936238709 976.1769491338946 486.9119729829561 487.9377468119354 488.0884745669473
 154880 8192 2549.342 2563.289 2588.378 980.3645062660863 989.9601332506791 995.3760303639135 490.18225313304316 494.98006662533953 497.68801518195676
 170240 4096 1409.72 1414.35 1604.125 869.387410582093 986.040287057659 989.2787787645774 434.6937052910465 493.0201435288295 494.6393893822887
 187136 4096 1567.866 1591.26 1939.58 790.3866362820817 963.3988864170532 977.7736821896768 395.19331814104083 481.6994432085266 488.8868410948384
 205824 4096 1701.542 1738.443 1775.915 949.4318185273509 969.8967455360919 990.9307016811811 474.7159092636754 484.94837276804594 495.46535084059053
 226304 4096 1840.119 1840.599 1866.028 993.4911844838341 1007.216872333409 1007.4796075688585 496.74559224191705 503.6084361667045 503.7398037844292
 248832 4096 2074.659 2085.761 2099.126 971.085939576757 977.3083991885936 982.5382118217982 485.5429697883785 488.6541995942968 491.2691059108991
 273664 4096 2309.893 2334.75 2358.505 950.5409096016332 960.2122231502302 970.5451672436776 475.2704548008166 480.1061115751151 485.2725836218388
 300800 4096 2531.318 2533.673 2565.634 960.4462678620566 972.5618104625183 973.4666288471064 480.2231339310283 486.28090523125917 486.7333144235532
 330752 4096 2753.535 2758.003 2794.924 969.443313664343 982.4211155680396 984.015232782587 484.7216568321715 491.2105577840198 492.0076163912935
 363776 2048 1480.417 1501.207 1563.887 952.7712014998527 992.5523235636391 1006.4910737988014 476.38560074992637 496.27616178181955 503.2455368994007
 400128 2048 1642.509 1647.558 1672.406 979.9799139682589 994.7596916163194 997.8175388993301 489.98995698412944 497.3798458081597 498.90876944966504
 440064 2048 1823.457 1823.977 1849.035 974.8339777235151 988.2263559244442 988.5081710180168 487.41698886175755 494.1131779622221 494.2540855090084
 483840 2048 1983.554 1987.261 2009.174 986.3797958763154 997.2563442849226 999.120084454469 493.1898979381577 498.6281721424613 499.5600422272345
 532224 2048 2191.955 2214.338 2224.628 979.9343998187561 984.488142279995 994.5411762558995 489.96719990937805 492.2440711399975 497.27058812794974
 585216 2048 2400.156 2410.616 2421.065 990.0786372939181 994.3702091083773 998.7037242579231 495.03931864695903 497.1851045541886 499.35186212896156
 643584 2048 2624.016 2628.364 2640.056 998.5091467756745 1002.9509093869798 1004.6128011414563 499.25457338783724 501.4754546934899 502.30640057072816
 707840 1024 1431.463 1434.398 1471.739 984.9955189065453 1010.6374381447828 1012.7095985016729 492.49775945327264 505.3187190723914 506.35479925083644
 778496 1024 1578.575 1601.6 1604.947 993.4034008599663 995.4794005994007 1009.9994032592687 496.70170042998313 497.73970029970036 504.99970162963433
 856320 1024 1730.398 1734.145 1735.598 1010.4548173021634 1011.3014540306607 1013.4913239613084 505.2274086510817 505.65072701533035 506.7456619806542
 941824 1024 1916.505 1921.756 2050.292 940.7711447930343 1003.6943045839325 1006.4443098243937 470.38557239651715 501.84715229196627 503.22215491219686
 1035776 1024 2108.054 2131.86 2133.923 994.0701927857754 995.0321540814124 1006.2689323897773 497.0350963928877 497.5160770407062 503.13446619488866
 1139200 1024 2301.817 2303.279 2319.55 1005.8337177469767 1012.9392053676519 1013.5825741142759 502.91685887348837 506.46960268382594 506.79128705713794
 1253120 1024 2545.094 2545.235 2673.101 960.0796079160494 1008.3115154396351 1008.3673766077009 480.0398039580247 504.15575771981753 504.18368830385043
 1378304 512 1397.477 1399.732 1432.895 984.9872433081279 1008.3239477271363 1009.95100169806 492.49362165406393 504.16197386356816 504.97550084903
 1516032 512 1532.196 1537.196 1561.582 994.1308032495251 1009.9016442925952 1013.197246305303 497.06540162476256 504.9508221462976 506.5986231526515
 1667584 512 1683.367 1708.355 1719.146 993.287374079921 999.5615759019641 1014.3991274629952 496.6436870399605 499.7807879509821 507.1995637314976
 1834240 512 1846.872 1847.803 1875.476 1001.4853615828728 1016.4837701854581 1016.9961751545316 500.7426807914364 508.24188509272904 508.4980875772658
 2017536 512 2032.087 2048.79 2055.473 1005.1004630077846 1008.3790256688094 1016.6675265379877 502.5502315038923 504.1895128344047 508.33376326899383
 2219264 512 2235.98 2259.425 2269.525 1001.3224511737036 1005.7985266162849 1016.3446614012648 500.6612255868518 502.89926330814245 508.1723307006324
 2440960 512 2469.879 2470.911 2516.249 993.3607683500321 1011.5876452045419 1012.0103211533844 496.68038417501606 505.79382260227095 506.0051605766922
 2684928 256 1352.17 1378.651 1381.637 994.9669384939749 997.1219228071499 1016.6496342915462 497.48346924698745 498.56096140357494 508.3248171457731
 2953216 256 1489.655 1495.987 1526.305 990.6582183770607 1010.7351146767986 1015.0313945175226 495.32910918853037 505.3675573383993 507.5156972587613
 3248384 256 1631.317 1635.074 1659.16 1002.4184575327274 1017.184915178151 1019.5275400182798 501.2092287663637 508.5924575890755 509.7637700091399
 3572992 256 1796.063 1796.384 1820.28 1004.9947832201639 1018.3635035716194 1018.5455098178627 502.49739161008193 509.1817517858097 509.27275490893135
 3930112 256 1977.733 2004.565 2025.615 993.3858823122854 1003.8174586506299 1017.4362990353098 496.6929411561427 501.90872932531494 508.7181495176549
 4323072 256 2175.804 2177.898 2196.434 1007.7301953985414 1016.3069455043347 1017.2850422188764 503.8650976992707 508.1534727521674 508.6425211094382
 4755200 256 2393.092 2412.679 2414.052 1008.5376785587054 1009.1116141020003 1017.3709995269717 504.2688392793527 504.55580705100016 508.68549976348584
 5230592 256 2628.915 2636.991 2651.018 1010.201780599 1015.5753675306438 1018.6952046756933 505.1008902995 507.7876837653219 509.34760233784664
 5753600 128 1447.183 1478.252 1666.024 884.0938665949591 996.3941195411878 1017.7853111873205 442.04693329747954 498.1970597705939 508.89265559366027
 6328832 128 1591.02 1591.901 1597.963 1013.9039464618393 1017.7649187983424 1018.328488642506 506.95197323091963 508.8824593991712 509.164244321253
 6961664 128 1749.715 1759.313 1772.408 1005.5167794322753 1013.0010884930651 1018.5578702817317 502.75838971613763 506.50054424653257 509.2789351408658
 7657728 128 2004.314 2021.176 2047.978 957.2262827042086 969.9196744865366 978.0794665905642 478.6131413521043 484.9598372432683 489.0397332952821
 8423424 128 2113.574 2114.716 2144.434 1005.5784155632675 1019.7097596083825 1020.260726144436 502.78920778163376 509.8548798041912 510.130363072218
 9265664 128 2339.309 2348.086 2351.221 1008.8417822059262 1010.1887171083173 1013.9789074466005 504.4208911029631 505.09435855415865 506.98945372330024
 10192128 128 2558.049 2561.265 2569.031 1015.6299273928576 1018.7094142933277 1019.990144051189 507.8149636964288 509.3547071466638 509.9950720255945
 11211264 64 1407.125 1420.08 1435.41 999.7434823499906 1010.5358796687511 1019.8395963400551 499.8717411749953 505.26793983437557 509.91979817002755
 12332288 64 1547.916 1564.068 1573.326 1003.3094628830896 1009.2482321740487 1019.7794092185882 501.6547314415448 504.62411608702433 509.8897046092941
 13565440 64 1700.289 1715.729 1732.111 1002.4624980731603 1012.0341382584312 1021.2242271754978 501.23124903658015 506.0170691292156 510.6121135877489
 14921984 64 1871.549 1874.425 1881.939 1014.9180988331715 1018.9865969564 1020.5524685701523 507.45904941658574 509.4932984782 510.27623428507616
 16413952 64 2058.889 2067.987 2076.794 1011.6486546089791 1015.9569939269444 1020.4463941475232 505.82432730448954 507.9784969634722 510.2231970737616
 18055168 64 2299.081 2305.373 2313.409 998.9852654675416 1002.4674983180596 1005.2109969157241 499.4926327337708 501.2337491590298 502.60549845786204
 19860480 64 2513.784 2539.755 2734.428 929.6794210708786 1000.939633941069 1011.2807783007609 464.8397105354393 500.4698169705345 505.64038915038043
 21846528 32 1365.196 1368.792 1389.372 1006.337965642031 1021.4684130240388 1024.159015994773 503.1689828210155 510.7342065120194 512.0795079973865
 24030976 32 1502.73 1510.745 1518.47 1012.8500819904245 1018.029160447329 1023.4589473824306 506.42504099521227 509.0145802236645 511.7294736912153
 26434048 32 1654.712 1661.084 1734.405 975.4233134706138 1018.4789402582893 1022.4009205227254 487.7116567353069 509.23947012914465 511.2004602613627
 29077248 32 1824.248 1833.796 1865.728 997.4357848518111 1014.8041941415512 1020.1156158592471 498.7178924259056 507.4020970707756 510.05780792962355
 31984896 32 2002.921 2021.667 2078.387 984.9144283523713 1012.5472414596469 1022.0240059393255 492.45721417618563 506.27362072982345 511.0120029696628
 35183360 32 2210.069 2219.618 2234.788 1007.5832875422634 1014.4696249534829 1018.8528231471506 503.7916437711317 507.23481247674147 509.4264115735753
 38701568 32 2422.358 2427.438 2445.012 1013.0422067458154 1020.3763605908781 1022.5162226227501 506.5211033729077 510.18818029543905 511.25811131137505
 42571520 16 1331.5 1337.021 1343.183 1014.2241526284952 1018.8984615798855 1023.123274502441 507.1120763142476 509.44923078994276 511.5616372512205
 46828544 16 1469.386 1474.015 1516.225 988.3186255338093 1016.6201890754163 1019.822843010618 494.15931276690463 508.31009453770815 509.911421505309
 51511296 16 1609.455 1632.77 1636.647 1007.1576045414802 1009.5490926462392 1024.1736935795036 503.5788022707401 504.7745463231196 512.0868467897518
 56662272 16 1789.31 1799.85 1810.05 1001.7362525897075 1007.4132311025919 1013.3474378391671 500.86812629485377 503.70661555129595 506.67371891958356
 62328320 16 1925.202 1974.877 1981.55 1006.5384370820823 1009.9394747115897 1035.998425100327 503.26921854104114 504.96973735579485 517.9992125501635
 68561152 16 2133.473 2172.658 2192.145 1000.8265256176029 1009.8031369870454 1028.3499552138696 500.41326280880145 504.9015684935227 514.1749776069348
 75417088 16 2394.866 2397.882 2401.188 1005.0636668182581 1006.4493648978556 1007.7168476232073 502.53183340912904 503.2246824489278 503.85842381160364
 82958592 16 2584.289 2630.739 2693.51 985.5819893002067 1009.0985627992742 1027.2360962725143 492.79099465010336 504.5492813996371 513.6180481362571
 91254272 8 1395.894 1458.364 1480.607 986.12822443768 1001.1686739387424 1045.9736570255334 493.06411221884 500.5843369693712 522.9868285127667
 100379648 8 1525.754 1611.369 1623.201 989.448853222737 996.714202643839 1052.643065658029 494.7244266113685 498.3571013219195 526.3215328290145
 110417408 8 1679.59 1700.75 2068.006 854.2908134695934 1038.7643851242099 1051.851063652439 427.1454067347967 519.3821925621049 525.9255318262195
 121458944 8 1893.281 1897.759 1910.844 1017.0077222421087 1024.0199646003523 1026.4419829914314 508.50386112105434 512.0099823001761 513.2209914957157
 133604608 8 2288.391 2399.634 2454.049 871.0802954627231 890.833238735574 934.1383216417127 435.54014773136157 445.416619367787 467.0691608208563
 146964992 8 3997.607 4073.252 4098.711 573.7022864017491 577.2880911861087 588.2118657486841 286.85114320087456 288.64404559305433 294.10593287434205
 161661440 8 5331.933 5340.92 5513.202 469.16166684986325 484.2954097795885 485.11169213866714 234.58083342493163 242.14770488979426 242.55584606933357
 177827584 4 9964.19 10402.393 10882.476 130.72582673281337 136.7589815151187 142.77333852525894 65.36291336640669 68.37949075755935 71.38666926262947
 195610112 4 13866.474 13964.804 14045.208 111.41742407802006 112.05892298953856 112.85355570565379 55.70871203901003 56.02946149476928 56.426777852826895
 215171072 4 16703.63 16741.944 16828.891 102.286512878359 102.81772391545451 103.05356236937719 51.1432564391795 51.408861957727254 51.526781184688595
 236688128 4 19021.077 19085.441 19237.403 98.42830781265017 99.21201317800308 99.5477292899871 49.21415390632509 49.60600658900154 49.77386464499355
 260356864 4 21385.914 21465.116 21544.32 96.67768172771294 97.03441211312345 97.3937757348131 48.33884086385647 48.517206056561726 48.69688786740655
 286392320 4 23696.477 23728.038 23791.67 96.30003106129162 96.55828096701462 96.68688556530998 48.15001553064581 48.27914048350731 48.34344278265499
 315031552 4 26091.492 26112.994 26176.386 96.27961690357102 96.5133456546576 96.59288230814857 48.13980845178551 48.2566728273288 48.29644115407429
 346534656 2 19111.5 19154.783 19207.255 72.16745047639552 72.36514368238994 72.52903351385291 36.08372523819776 36.18257184119497 36.264516756926454
 381188096 2 20967.119 21034.328 21982.572 69.36187376072282 72.48876141895286 72.72112034085369 34.68093688036141 36.24438070947643 36.360560170426844
 419306752 2 23070.544 23189.543 23238.937 72.17313803983374 72.32686767479635 72.69993321353843 36.08656901991687 36.16343383739817 36.349966606769215
 461237248 2 25405.914 25466.662 25511.077 72.31952582793741 72.4456543225021 72.6188788956776 36.159762913968706 36.22282716125105 36.3094394478388
 507360768 2 27903.627 27957.391 28046.202 72.36070937519453 72.59057442091074 72.73044009655088 36.180354687597266 36.29528721045537 36.36522004827544
 558096640 2 30684.876 30751.654 30865.683 72.32584355901018 72.59403217791147 72.75201503177006 36.16292177950509 36.297016088955736 36.37600751588503
 613906176 2 33828.08 33854.23 33908.264 72.41965274305991 72.53524017530452 72.59131183324621 36.20982637152996 36.26762008765226 36.295655916623105
 675296768 2 37111.614 37247.756 37392.313 72.23910090825352 72.51945787016002 72.7854916792355 36.11955045412676 36.25972893508001 36.39274583961775
 742826240 1 20435.837 20524.347 20533.886 72.35125781841782 72.38488415733761 72.69839155597101 36.17562890920891 36.192442078668805 36.34919577798551
 817108736 1 22533.24 22547.258 22639.114 72.18557546024107 72.47965459924218 72.5247444220183 36.092787730120534 36.23982729962109 36.26237221100915
 898819584 1 24754.742 24777.215 24812.273 72.44959653635924 72.55210757141187 72.61797226567742 36.22479826817962 36.27605378570593 36.30898613283871
 988701440 1 27193.121 27247.296 27274.187 72.5008917772691 72.57244461982577 72.71702575074042 36.25044588863455 36.28622230991289 36.35851287537021
 1087571456 1 29929.574 29999.278 30109.859 72.24022244674079 72.50650872330995 72.67537159065478 36.120111223370394 36.253254361654975 36.33768579532739
 1196328448 1 32933.069 32950.863 32979.878 72.54899172155822 72.61287499511015 72.65210831095031 36.27449586077911 36.30643749755507 36.326054155475155
 1315961088 1 36147.971 36246.351 36334.75 72.43540071144015 72.61205896284565 72.80967930399191 36.217700355720076 36.306029481422826 36.40483965199596
 
META_DATA
 FLOPS          8
 MPI_PROCS      32
 ERT_VERSION  1.1.0
 HOSTNAME  ('nid004033', [], ['10.253.33.94'])
 UNAME  uname_result(system='Linux', node='nid004033', release='5.14.21-150400.24.46_12.0.63-cray_shasta_c', version='#1 SMP Fri Mar 3 22:39:37 UTC 2023 (6e164f9)', machine='x86_64')
 TIMESTAMP_DATA  1710934488.663987
 CONFIG  {'ERT_RESULTS': ['Results.archer.01'], 'ERT_DRIVER': ['driver1'], 'ERT_KERNEL': ['kernel1'], 'ERT_MPI': ['True'], 'ERT_MPI_CFLAGS': [], 'ERT_MPI_LDFLAGS': [], 'ERT_OPENMP': ['False'], 'ERT_OPENMP_CFLAGS': ['-fopenmp'], 'ERT_OPENMP_LDFLAGS': ['-fopenmp'], 'ERT_FLOPS': ['1,2,4,8,16,32'], 'ERT_ALIGN': ['32'], 'ERT_CC': ['mpic++'], 'ERT_CFLAGS': ['-Ofast', '-fargument-noalias', '-mavx2'], 'ERT_LD': ['mpic++'], 'ERT_LDFLAGS': [], 'ERT_LDLIBS': [], 'ERT_RUN': ['export', 'OMP_NUM_THREADS=ERT_OPENMP_THREADS;', 'srun', '--distribution=block:block', '--hint=nomultithread', '--ntasks', 'ERT_MPI_PROCS', 'ERT_CODE'], 'ERT_PROCS_THREADS': ['32,64,128'], 'ERT_MPI_PROCS': ['32,64,128'], 'ERT_OPENMP_THREADS': [], 'ERT_NUM_EXPERIMENTS': ['5'], 'ERT_MEMORY_MAX': ['1357905920'], 'ERT_WORKING_SET_MIN': ['1'], 'ERT_TRIALS_MIN': ['1'], 'ERT_GNUPLOT': ['gnuplot'], 'ERT_GPU': [False], 'ERT_HIP': [False], 'ERT_PRECISION': ['FP64'], 'ERT_OCL': [False], 'ERT_SYCL': [False], 'ERT_WSS_MULT': [1.1]}
 TIMESTAMP_DATA  1710934496.7381778
 TIMESTAMP_DATA  1710934505.7371805
 TIMESTAMP_DATA  1710934513.9212537
 TIMESTAMP_DATA  1710934522.0619934
 