fp64
 8 536870912 224671.089 224693.875 226513.36 37.922419198585025 38.22950043475819 38.23337764655603 4.740302399823128 4.778687554344773 4.779172205819504
 16 268435456 112195.041 112271.886 113068.984 75.97074182606966 76.51011217536686 76.56251573543256 9.496342728258707 9.563764021920857 9.57031446692907
 24 134217728 56089.221 56110.006 56570.776 113.88302228698437 114.81821876832448 114.86076699121924 14.235377785873046 14.35227734604056 14.357595873902405
 32 134217728 56055.941 56066.594 56155.934 152.9657505473954 153.2094956936389 153.23861197870178 19.120718818424425 19.151186961704862 19.154826497337723
 40 67108864 28037.111 28041.027 28097.232 191.07608607139665 191.4590760174369 191.48581749382097 23.88451075892458 23.932384502179612 23.935727186727622
 48 67108864 28035.967 28070.191 28234.686 228.17505192018072 229.51218764418098 229.79235722456085 28.52188149002259 28.689023455522623 28.724044653070106
 56 67108864 28020.13 28034.347 28047.931 267.97672769517294 268.10657540908653 268.2426087245134 33.49709096189662 33.513321926135816 33.530326090564174
 64 67108864 49061.683 56086.504 56743.871 151.38083533285914 153.15510825919904 175.08438493640753 18.922604416607392 19.14438853239988 21.88554811705094
 72 33554432 14043.622 17510.49 21845.903 221.17823227540651 275.9396343563201 344.0592610652722 27.647279034425814 34.49245429454001 43.007407633159026
 80 33554432 14011.085 14035.352 14052.391 382.04951171654704 382.5133220741453 383.1758297091196 47.75618896456838 47.814165259268165 47.89697871363995
 88 33554432 14007.605 14018.55 14273.457 413.7456001023438 421.26896376586734 421.5981270174309 51.71820001279298 52.65862047073342 52.69976587717886
 96 33554432 14013.895 14017.05 14052.985 458.44003562232507 459.6153216261624 459.7187965230223 57.305004452790634 57.4519152032703 57.46484956537779
 104 33554432 14014.375 14038.87 14041.696 497.0426546764722 497.1427084943447 498.0116384783481 62.13033183455902 62.142838561793084 62.251454809793515
 112 33554432 14010.375 14026.155 14032.9 535.6122232753031 535.8697923985583 536.4733469303998 66.95152790941289 66.98372404981978 67.05916836629997
 120 33554432 14011.32 14029.895 14038.036 573.6602812530185 573.993153904573 574.7541045383305 71.70753515662732 71.74914423807162 71.84426306729131
 128 33554432 28034.951 28064.46 28084.601 305.85923552910725 306.0787412977125 306.4009133456306 38.23240444113841 38.25984266221406 38.30011416820383
 136 33554432 28015.197 28051.241 28072.752 325.1126039940794 325.36191550313225 325.7805220502287 40.639075499259924 40.67023943789153 40.722565256278585
 144 16777216 14013.825 14027.216 14035.21 344.2654729070673 344.4616670906044 344.790819637037 43.03318411338341 43.05770838632555 43.09885245462962
 152 16777216 10531.747 14031.524 14050.076 363.00683811247717 363.48679330912313 484.27612854733417 45.375854764059646 45.43584916364039 60.53451606841677
 160 16777216 10547.367 14009.276 14029.73 382.66660299235986 383.2253087168816 509.0094162837038 47.83332537404498 47.9031635896102 63.62617703546297
 176 16777216 10530.026 14033.03 14223.451 415.2002233494529 420.83427684541397 560.8324264346545 51.900027918681616 52.604284605676746 70.10405330433181
 192 16777216 17541.605 17547.791 17630.511 365.4148733408805 367.13743308203294 367.2669031140537 45.67685916761006 45.89217913525412 45.908362889256715
 208 16777216 17517.839 17534.79 18102.131 385.5524996476934 398.02711386905685 398.4122616950641 48.19406245596168 49.753389233632106 49.80153271188301
 224 16777216 14049.994 17548.394 17567.306 427.8511894766334 428.31228703891645 534.9605678123421 53.481398684579176 53.53903587986456 66.87007097654276
 240 16777216 14004.473 17520.79 17550.53 458.85017033673626 459.6290281431373 575.0351105678878 57.35627129209203 57.45362851789216 71.87938882098598
 264 16777216 17520.163 21046.813 21047.474 420.8756855098146 420.8889036074013 505.61002474691577 52.60946068872683 52.61111295092516 63.20125309336447
 288 8388608 8795.738 10507.67 10527.845 458.9579546431392 459.8391658664575 549.3385782978074 57.3697443303924 57.47989573330719 68.66732228722593
 312 8388608 8757.486 10506.674 10531.008 497.055114951959 498.2063202874668 597.7162158181012 62.13188936899488 62.27579003593335 74.71452697726265
 336 8388608 10507.794 12258.936 12289.194 458.70742833093857 459.8396284963067 536.4726959816685 57.33842854136732 57.47995356203834 67.05908699770856
 368 8388608 10510.675 10527.475 12287.141 502.4777926777271 586.4668866941029 587.4042806955787 62.80972408471589 73.30836083676286 73.42553508694733
 400 8388608 12256.383 12273.315 14087.122 476.38448790320695 546.7867809145288 547.542158237059 59.54806098790087 68.3483476143161 68.44276977963237
 440 8388608 12257.754 13552.922 14034.12 526.0019894371717 544.677748458967 602.2290086748355 65.75024867964646 68.08471855737088 75.27862608435444
 480 8388608 14035.934 14063.964 15886.543 506.91101770850963 572.6026943754975 573.7461917390036 63.363877213563704 71.5753367969372 71.71827396737545
 528 8388608 15758.252 17183.144 17537.255 505.117251702162 515.5267306146069 562.1416669818454 63.13965646277025 64.44084132682586 70.26770837273068
 576 4194304 9651.245 9653.952 9665.262 499.9179751154184 500.503649489867 500.64403172854895 62.4897468894273 62.56295618623337 62.58050396606862
 632 4194304 9631.761 9634.391 9654.592 549.1273226253373 550.2787105069746 550.4289668317143 68.64091532816717 68.78483881337182 68.80362085396429
 688 4194304 10503.286 10514.16 10535.717 547.7901792540555 548.913303963417 549.4815911896525 68.47377240675694 68.61416299542712 68.68519889870656
 752 4194304 11394.701 11410.08 11462.143 550.3537354227739 552.8649418759553 553.6111229245946 68.79421692784673 69.10811773449441 69.20139036557433
 824 4194304 12258.293 12274.746 12292.445 562.3139246911417 563.1247271430301 563.880549437022 70.28924058639271 70.39059089287876 70.48506867962774
 904 4194304 14011.975 14027.58 14032.544 540.408184859424 540.5994214255061 541.2014817325894 67.551023107428 67.57492767818826 67.65018521657368
 992 4194304 14050.411 14900.58 14909.089 558.1494037630334 558.4681358712211 592.2601933850902 69.76867547037918 69.80851698390263 74.03252417313628
 1088 4194304 16630.559 16641.71 16678.396 547.2232164292058 548.4295486461427 548.7972775900076 68.40290205365072 68.55369358076784 68.59965969875095
 1192 2097152 8756.186 8772.255 8784.498 569.140133904066 569.9344544817724 570.9803752455693 71.14251673800825 71.24180681022155 71.37254690569617
 1304 2097152 9632.362 9644.381 9670.526 565.5713469980847 567.1045571509462 567.8121748331303 70.69641837476058 70.88806964386828 70.97652185414128
 1432 2097152 10074.694 10520.007 10551.346 569.2395385384955 570.9352976666271 596.1712909593085 71.15494231731194 71.36691220832839 74.52141136991357
 1568 2097152 10953.478 11382.029 11403.572 576.7200550844946 577.8116249747738 600.4183029353783 72.09000688556182 72.22645312184673 75.05228786692228
 1720 2097152 11842.963 12256.746 12292.561 586.8754997433 588.5903876934384 609.1552325207805 73.3594374679125 73.5737984616798 76.14440406509756
 1888 2097152 14455.502 14473.027 14593.96 542.6111865456669 547.1451101417831 547.8084366769137 67.82639831820836 68.39313876772289 68.47605458461422
 2072 2097152 15783.491 15802.651 17827.061 487.4947075123599 549.9455684998675 550.6131620691518 60.93683843904499 68.74319606248343 68.82664525864398
 2272 1048576 8535.984 8586.762 9562.579 498.26823328727534 554.8924430419754 558.1933311964971 62.28352916090942 69.36155538024693 69.77416639956213
 2496 1048576 9631.652 9650.6 9674.152 541.0801269196514 542.4006167492176 543.4676618299748 67.63501586495643 67.8000770936522 67.93345772874684
 2744 1048576 10084.805 10169.22 10951.948 525.4394093178674 565.882642719894 570.6193712223488 65.67992616473343 70.73533033998675 71.3274214027936
 3016 1048576 11185.446 11352.783 11636.117 543.5671050746568 557.1330335478094 565.467879599973 67.9458881343321 69.64162919347618 70.68348494999663
 3312 1048576 12048.989 12200.312 13012.045 533.7952200441974 569.3106392688974 576.4605996403516 66.72440250552468 71.16382990861217 72.05757495504395
 3640 1048576 13148.381 13376.996 14217.559 536.9158854906105 570.6537760794726 580.5759112091444 67.11448568632632 71.33172200993407 72.57198890114304
 4000 1048576 14467.088 14480.916 15404.619 544.5514751127567 579.2871113954393 579.8408083230019 68.0689343890946 72.41088892442991 72.48010104037523
 4400 1048576 15766.864 15770.013 16377.798 563.4132744829311 585.1275328688696 585.2443960955077 70.42665931036639 73.1409416086087 73.15554951193846
 4840 524288 8671.904 8867.038 8978.142 565.2737325829777 572.3566133358174 585.2357037162773 70.65921657287221 71.54457666697718 73.15446296453466
 5320 524288 9547.099 9685.042 9892.7 563.8930039321924 575.9834928955394 584.3056953740607 70.48662549152405 71.99793661194242 73.0382119217576
 5848 524288 10398.633 10423.864 10763.6 569.7046014344643 588.2724916595228 589.6998622799747 71.21307517930803 73.53406145744034 73.71248278499684
 6432 524288 11387.991 11395.46 11796.253 571.7443354258339 591.8533198308801 592.2414965027633 71.46804192822924 73.98166497886001 74.03018706284541
 7072 524288 12476.142 12489.642 12643.862 586.4924397308355 593.7343497916113 594.3768091129454 73.31155496635444 74.21679372395141 74.29710113911817
 7776 524288 13685.596 13689.806 14085.931 578.8560923662056 595.6057358300037 595.788957674916 72.3570115457757 74.45071697875046 74.4736197093645
 8552 524288 14992.621 15016.633 17279.313 518.9686622379028 597.1659527139007 598.1223664628087 64.87108277973785 74.64574408923758 74.76529580785109
 9400 262144 8208.78 8326.418 8355.377 589.836604619995 591.8880363680996 600.3702377210742 73.72957557749938 73.98600454601245 75.04627971513428
 10336 262144 9029.375 9049.144 9135.704 593.1716666827209 598.8456773369945 600.1567957915139 74.14645833534011 74.85570966712432 75.01959947393924
 11368 262144 9906.139 9933.211 9953.864 598.7730979647703 600.018059014351 601.6578188535412 74.84663724559628 75.00225737679388 75.20722735669266
 12504 262144 10886.143 10894.856 10944.688 598.9843796369527 601.7240752883746 602.2056803773385 74.87304745461908 75.21550941104682 75.27571004716731
 13752 262144 11929.957 11934.505 11951.206 603.2871139531859 604.1313465451647 604.361656626256 75.41088924414824 75.51641831814558 75.545207078282
 15120 262144 13142.483 13150.21 13158.302 602.4511794910924 602.8218986616944 603.1763221607363 75.30639743638655 75.3527373327118 75.39704027009203
 16632 262144 14965.322 15217.069 15308.962 569.5982533629648 573.0379494237687 582.6776073378173 71.1997816703706 71.62974367797109 72.83470091722717
 18288 131072 7905.446 7909.813 7954.624 602.6795825924644 606.0939079090745 606.4287166087782 75.33494782405805 75.76173848863431 75.80358957609728
 20112 131072 8718.016 8723.834 8733.576 603.6748438440336 604.3489740863936 604.7522885941021 75.4593554805042 75.5436217607992 75.59403607426276
 22120 131072 9546.942 9553.33 9637.571 601.6687482769258 606.9742466762899 607.3803821160745 75.20859353461573 75.87178083453624 75.92254776450932
 24328 131072 10508.816 10525.047 10529.917 605.6495252526682 605.9297627839571 606.865629010918 75.70619065658353 75.74122034799464 75.85820362636476
 26760 131072 11964.637 11977.077 12006.079 584.2851308907763 585.6999533358598 586.3089235385913 73.03564136134703 73.21249416698248 73.28861544232392
 29432 131072 13053.336 13081.639 13122.783 587.9410036727728 589.7901790440785 591.0689963086832 73.4926254590966 73.72377238050981 73.8836245385854
 32368 131072 14314.552 14336.745 14343.575 591.5594258753483 591.8412437411699 592.7588227700036 73.94492823441854 73.98015546764624 74.09485284625045
 35600 131072 15719.52 15742.882 16471.255 566.5825949510222 592.796566727744 593.6775677628833 70.82282436887778 74.099570840968 74.20969597036041
 39160 65536 8610.472 8632.393 8647.252 593.5734866984332 594.5952089994048 596.1089612741323 74.19668583730414 74.3244011249256 74.51362015926654
 43072 65536 9475.037 9494.688 9619.074 586.9102560184067 594.5991257427311 595.8323101007414 73.36378200230084 74.32489071784138 74.47903876259268
 47376 65536 10385.141 10405.952 10417.783 596.064159908111 596.7418523552675 597.9376757619373 74.50801998851388 74.59273154440844 74.74220947024216
 52112 65536 11396.69 11403.52 11429.382 597.6197194214 598.9750589291727 599.3340227732789 74.702464927675 74.8718823661466 74.91675284665986
 57320 65536 12504.592 12531.023 12577.334 597.3481375305768 599.5557617283123 600.8230448462452 74.6685171913221 74.94447021603904 75.10288060578065
 63048 65536 13737.387 13772.418 14550.201 567.9528039509557 600.0273485745205 601.5574472787291 70.99410049386947 75.00341857181506 75.19468090984114
 69352 65536 15074.275 15083.376 15095.175 602.1861518001613 602.6572130801486 603.0210636332426 75.27326897502016 75.33215163501858 75.37763295415533
 76280 32768 8279.423 8292.995 8315.014 601.211985932916 602.8082833765122 603.7964336403635 75.1514982416145 75.35103542206403 75.47455420504544
 83904 32768 9107.393 9107.747 9127.178 602.4570293249458 603.7423463783085 603.7658135538896 75.30712866561822 75.46779329728857 75.4707266942362
 92288 32768 9997.75 9999.922 10044.243 602.1545245370905 604.8233544221645 604.9547516191143 75.26931556713632 75.60291930277056 75.61934395238929
 101512 32768 10978.369 11001.41 11017.85 603.8102199612447 604.7125261216516 605.9816746913863 75.47627749515559 75.58906576520646 75.74770933642328
 111656 32768 12062.549 12065.871 12101.879 604.6571458861883 606.4616152451821 606.6286334671055 75.58214323577354 75.80770190564776 75.82857918338819
 122816 32768 13258.086 13263.964 13307.395 604.8418474089032 606.822317672153 607.0913536086582 75.6052309261129 75.85278970901912 75.88641920108228
 135096 32768 14569.389 14574.251 14602.115 606.3266489820138 607.4858636646233 607.6885898234991 75.79083112275173 75.9357329580779 75.96107372793739
 148600 16384 8011.336 8020.585 8032.705 606.1874300126794 607.1034469430846 607.8043412484509 75.77342875158493 75.88793086788557 75.97554265605636
 163456 16384 8811.329 8812.488 8821.679 607.1549653983102 607.7881987470508 607.8681442946915 75.89437067478877 75.97352484338136 75.98351803683644
 179800 16384 9676.552 9704.574 9709.716 606.7825670699328 607.1040727805259 608.8621649529709 75.8478208837416 75.88800909756574 76.10777061912137
 197776 16384 10638.278 10663.131 10735.442 603.675560633647 607.7693285396194 609.1891909574086 75.45944507920588 75.97116606745243 76.14864886967608
 217552 16384 11694.77 11703.78 11740.122 607.212083145303 609.0975681361065 609.5668350895315 75.90151039316288 76.13719601701331 76.19585438619144
 239304 16384 12869.493 12876.711 12888.947 608.3905436184973 608.9686622616599 609.3102091900589 76.04881795231216 76.12108278270749 76.16377614875736
 263232 16384 14141.908 14156.879 14184.808 608.0862127989325 609.2858585568189 609.9308647743997 76.01077659986656 76.16073231960236 76.24135809679996
 289552 8192 7780.424 7786.239 7811.19 607.3363940705577 609.2826033210642 609.7379741772428 75.91704925881972 76.16032541513303 76.21724677215535
 318504 8192 8554.842 8555.48 8582.152 608.0490692777289 609.9446829400572 609.9901711802509 76.00613365971611 76.24308536750715 76.24877139753136
 350352 8192 9408.455 9412.52 9429.666 608.7349401346771 609.843821633314 610.1073096486086 76.09186751683464 76.23047770416424 76.26341370607608
 385384 8192 10349.642 10366.311 10375.442 608.5650573729775 609.1011022146645 610.0821125986774 76.0706321716222 76.13763777683306 76.26026407483468
 423920 8192 11374.57 11388.061 11409.41 608.7523614279792 609.893578898111 610.6169534320858 76.0940451784974 76.23669736226387 76.32711917901072
 466312 8192 12514.853 12516.513 12566.57 607.9666773033533 610.3981043282581 610.479068991062 75.99583466291917 76.29976304103226 76.30988362388275
 512936 8192 13760.347 13772.907 13822.55 607.9879200292276 610.1793487750988 610.7363007633455 75.99849000365344 76.27241859688735 76.34203759541819
 564224 8192 15136.607 15161.713 15237.188 606.6897655919189 609.7098669523688 610.7211488017097 75.83622069898986 76.2137333690461 76.34014360021371
 620640 4096 8336.698 8361.956 8391.897 605.8562062904251 608.0255480894662 609.8677054152615 75.73202578630314 76.00319351118327 76.23346317690769
 682704 4096 9167.358 9172.717 9212.95 607.0489005150358 609.7115138295447 610.0679353855277 75.88111256437948 76.21393922869309 76.25849192319096
 750968 4096 10087.347 10104.311 10123.905 607.6637281760347 608.8420928453212 609.8659891446184 75.95796602200434 76.10526160566515 76.2332486430773
 826064 4096 11091.282 11119.344 11145.097 607.1832562785232 608.5895254252409 610.1293148979532 75.8979070348154 76.07369067815512 76.26616436224415
 908664 4096 12198.685 12217.284 12240.269 608.1382270275269 609.2823485154311 610.2113045791411 76.01727837844086 76.16029356442888 76.27641307239264
 999528 4096 13416.965 13440.423 13456.838 608.4738016464195 609.2169402704067 610.2820851064306 76.05922520580243 76.15211753380083 76.28526063830382
 1099480 4096 14772.087 14794.392 14817.767 607.8473335422267 608.8077266034319 609.7269911827624 75.98091669277834 76.10096582542899 76.2158738978453
 1209424 2048 8143.652 8154.05 8162.19 606.9205328471893 607.5264076133946 608.3021111412914 75.86506660589866 75.94080095167432 76.03776389266143
 1330360 2048 8951.686 8960.253 8987.274 606.3189527770045 608.1473994093693 608.7294125374817 75.78986909712556 76.01842492617116 76.09117656718522
 1463392 2048 9846.468 9850.851 9889.169 606.1230859741602 608.4807933852618 608.7516490176985 75.76538574677002 76.06009917315772 76.09395612721231
 1609728 2048 10828.754 10837.549 10885.897 605.6869624983591 608.3890267070534 608.8831538697804 75.71087031229489 76.04862833838168 76.11039423372254
 1770696 2048 11920.99 11930.208 11935.606 607.6583640579289 607.933308120026 608.4033973688427 75.95729550724111 75.99166351500325 76.05042467110533
 1947760 2048 13117.178 13121.69 13148.711 606.7533889823877 608.0028532910014 608.2119919391198 75.84417362279846 76.00035666137518 76.02649899238997
 2142536 2048 14407.296 14423.925 14451.002 607.28158891681 608.4215950928752 609.1238394768873 75.91019861460126 76.0526993866094 76.14047993461091
 2356784 1024 7967.294 7976.107 8002.596 603.1409847504485 605.14404232541 605.8134207172473 75.39262309380607 75.64300529067626 75.7266775896559
 2592456 1024 8770.736 8779.811 8806.317 602.9024265195087 604.7225718184594 605.3482727105227 75.36280331493859 75.59032147730743 75.66853408881533
 2851696 1024 9647.105 9666.302 9870.285 591.7026112214592 604.189007130131 605.3912969745846 73.9628264026824 75.52362589126638 75.67391212182308
 3136864 1024 10610.783 10627.94 10646.294 603.4304023540961 604.4725009738481 605.4498967701065 75.42880029426202 75.55906262173102 75.68123709626332
 3450544 1024 11678.568 11694.449 11711.91 603.3784508248441 604.2793561287068 605.1010802009288 75.42230635310551 75.53491951608835 75.6376350251161
 3795592 1024 12854.867 12864.102 12874.031 603.8025243220246 604.2685619252708 604.7026714473203 75.47531554025308 75.53357024065885 75.58783393091504
 4175144 1024 14137.206 14149.349 14376.691 594.7609858207289 604.317195936011 604.8362676472283 74.34512322759112 75.53964949200137 75.60453345590354
 4592656 512 7854.261 7878.053 7912.882 594.332095941782 596.9596477708388 598.7679482512739 74.29151199272275 74.61995597135486 74.84599353140923
 5051920 512 8637.964 8661.644 8673.608 596.4260870447454 597.2499077542324 598.8872007338766 74.55326088059317 74.65623846927905 74.86090009173458
 5557112 512 9499.435 9518.729 9536.078 596.7319780731659 597.8195920904986 599.0338044315268 74.59149725914574 74.72744901131233 74.87922555394086
 6112816 512 10463.214 10471.309 10504.936 595.8649899437751 597.778518807916 598.2409978425367 74.48312374297188 74.7223148509895 74.78012473031708
 6724096 512 11492.174 11520.174 11542.025 596.5568697000743 597.6883946370948 599.1446269435182 74.5696087125093 74.71104932963685 74.89307836793978
 7396504 512 12645.611 12686.287 12803.801 591.5446589649433 597.024180203396 598.9445742083952 73.94308237061792 74.6280225254245 74.8680717760494
 8136152 512 13938.91 13960.658 13965.002 596.5928002015324 596.7784360880412 597.7095517511772 74.57410002519156 74.59730451100515 74.71369396889715
 8949760 512 15325.134 15355.562 15391.464 595.430963552265 596.8231081350197 598.0080983304941 74.42887044403312 74.60288851687746 74.75101229131177
 9844736 256 8629.863 8633.983 8639.526 583.4237702392469 583.798327145189 584.0770394616925 72.92797127990586 72.97479089314862 73.00962993271156
 10829208 256 9471.417 9497.321 9513.735 582.7947169014062 583.801947517621 585.3986257811266 72.84933961267578 72.97524343970262 73.17482822264083
 11912128 256 10426.813 10434.579 10445.414 583.8935188207954 584.4998189193833 584.9351605327533 72.98668985259943 73.06247736492291 73.11689506659417
 13103336 256 11464.307 11511.283 11690.612 573.8714134041913 582.8114930368753 585.1996140717446 71.73392667552392 72.85143662960941 73.14995175896807
 14413664 256 12607.285 12653.171 12689.016 581.5893027481407 583.2368793561709 585.3596526135484 72.69866284351758 72.90460991952136 73.16995657669355
 15855024 256 13883.856 13917.22 13944.624 582.1435047657076 583.2897868970958 584.6914782175787 72.76793809571345 72.91122336213698 73.08643477719734
 17440520 256 15290.344 15332.002 15380.882 580.5613904326163 582.4122798836055 583.9990414865748 72.57017380407704 72.80153498545069 72.99988018582185
 19184568 128 8772.777 8810.787 8836.099 555.8164760263551 557.4132490094244 559.8283654081256 69.47705950329438 69.67665612617805 69.9785456760157
 21103024 128 9646.822 9683.716 9705.284 556.6425613099009 557.8823402090685 560.015945562176 69.58032016373761 69.73529252613356 70.001993195272
 23213320 128 10626.398 10656.1 10684.265 556.2020335512083 557.6721239477857 559.2308814332007 69.52525419390103 69.70901549347322 69.90386017915009
 25534648 128 11689.511 11724.819 11794.542 554.2283785160967 557.5241620361048 559.2081557560449 69.27854731451208 69.6905202545131 69.90101946950561
 28088112 128 12877.463 12970.085 12982.385 553.8702381727239 554.3954933217477 558.3830193882133 69.23377977159049 69.29943666521847 69.79787742352666
 30896920 128 14256.15 14323.053 14451.312 547.3282647277978 552.229438793531 554.8210084770433 68.41603309097472 69.02867984919138 69.35262605963041
 33986608 128 16056.253 16078.422 16126.77 539.5111140048502 541.1334301338775 541.8805774921459 67.43888925060628 67.64167876673469 67.73507218651824
 37385264 64 10122.101 10143.605 10234.728 467.556518551348 471.7567168674254 472.7589452031747 58.4445648189185 58.96958960842817 59.094868150396834
 41123784 64 11198.789 11264.666 11280.399 466.63636206485245 467.28809820015965 470.03692559972325 58.329545258106556 58.41101227501996 58.754615699965406
 45236160 64 12453.361 12513.432 12548.338 461.43389507040695 462.72105686113923 464.95307411388774 57.67923688380087 57.840132107642404 58.11913426423597
 49759776 64 13790.816 13812.788 13867.161 459.30463546215407 461.1126535786982 461.8473140385601 57.41307943276926 57.639081697337275 57.730914254820014
 54735752 64 15253.96 15282.257 15479.879 452.59890313096116 458.451670849404 459.30212587419925 56.574862891370145 57.3064588561755 57.412765734274906
 60209320 64 16856.834 16867.951 16897.436 456.09244858213987 456.88969335991067 457.1910098895202 57.01155607276748 57.11121166998883 57.14887623619003
 66230248 64 18620.243 18656.457 18658.151 454.35754829082475 454.3988038028872 455.28255157572335 56.794693536353094 56.7998504753609 56.91031894696542
 72853272 64 20571.33 20612.588 21415.352 435.4455073164336 452.40407541255854 453.3114201172213 54.4306884145542 56.55050942656982 56.66392751465266
 80138592 32 14314.369 14334.623 14369.184 356.9353616739823 357.79593840730934 358.30219886045967 44.61692020924779 44.72449230091367 44.78777485755746
 88152448 32 15828.788 15860.035 15909.139 354.62363312056044 355.72157766360533 356.4237939127114 44.327954140070055 44.465197207950666 44.552974239088925
 96967688 32 17453.788 17485.621 17529.302 354.0318965352984 354.9163070616708 355.5636193128964 44.2539870669123 44.36453838270885 44.44545241411205
 106664456 32 19275.92 19332.532 19985.955 341.5661240105864 353.11076603933725 354.1478271335428 42.6957655013233 44.138845754917156 44.26847839169285
 117330896 32 21274.157 21348.79 21405.571 350.8048135693274 351.7378429409817 352.9717931479024 43.850601696165924 43.96723036762271 44.1214741434878
 129063984 32 23510.721 23525.681 23558.954 350.6138250450338 351.10970755745603 351.33312057933057 43.82672813062923 43.888713444682004 43.91664007241632
 141970376 32 25868.618 25940.938 25985.954 349.65443500746596 350.2611996528422 351.24041276576895 43.706804375933245 43.782649956605276 43.90505159572112
 156167408 16 20395.923 20435.373 20490.558 243.8858451780571 244.54445025300004 245.01745059539596 30.48573064725714 30.568056281625005 30.627181324424495
 171784144 16 22557.943 22627.125 22675.58 242.42346206800443 242.94260132473744 243.68767169949848 30.302932758500553 30.36782516559218 30.46095896243731
 188962552 16 24882.411 24932.16 24983.835 242.02856222833685 242.53019650122576 243.01510267634436 30.253570278542107 30.31627456265322 30.376887834543044
 207858800 16 27486.358 27508.425 27714.962 239.99605700343375 241.79798007337754 241.99210386476085 29.99950712542922 30.224747509172193 30.249012983095106
 228644680 16 30362.782 30382.383 30435.388 240.3987673822328 240.8181662379807 240.97362883282565 30.0498459227791 30.102270779747588 30.121703604103207
 251509144 16 33462.769 33492.435 33796.771 238.13791583817283 240.30180570627368 240.51484227142112 29.767239479771604 30.03772571328421 30.06435528392764
 276660056 16 36897.723 36909.591 36969.833 239.46880668895636 239.85965577348173 239.93680563974095 29.933600836119545 29.982456971685217 29.99210070496762
 304326056 8 32749.659 32809.24 33021.691 147.45510446451698 148.40992647193292 148.67992659099139 18.431888058064622 18.551240808991615 18.584990823873923
 334758656 8 36172.795 36800.733 36962.523 144.90727529611544 145.544342717304 148.0709051097655 18.11340941201443 18.193042839663 18.508863138720688
 368234520 8 40531.808 40572.449 40711.768 144.71865530379327 145.21559494720174 145.36120175048694 18.08983191297416 18.151949368400217 18.170150218810868
 405057968 8 44463.228 44525.257 44592.472 145.33680680452073 145.556206177541 145.75926624130844 18.16710085056509 18.194525772192623 18.219908280163555
 445563760 8 48822.018 48885.565 49033.806 145.38990018437482 145.8307817450816 146.02059587131365 18.173737523046853 18.2288477181352 18.252574483914206
 490120136 8 53832.961 53896.643 54606.417 143.6080703848414 145.49926933297127 145.67138850118238 17.951008798105175 18.18740866662141 18.208923562647797
 539132144 8 59176.541 59245.67 59545.691 144.8654664869033 145.5990674761548 145.76915375976435 18.108183310862913 18.19988343451935 18.221144219970544
 593045352 4 57338.956 57411.57 57582.034 82.39310921180729 82.63774733908164 82.74239970466152 10.29913865147591 10.329718417385205 10.34279996308269
 652349880 4 63062.09 63190.813 63654.701 81.98607420997863 82.58793948417788 82.75651885308591 10.248259276247328 10.323492435522235 10.344564856635738
 717584864 4 69431.089 69566.105 70118.677 81.87089599537083 82.52120644098157 82.68167754073394 10.233861999421354 10.315150805122697 10.335209692591743
 789343344 4 76342.463 76559.274 76621.95 82.41433103699397 82.48180033682137 82.71604692659706 10.301791379624246 10.31022504210267 10.339505865824632
 868277672 4 83970.922 84145.592 84681.652 82.02746654021345 82.55003275750914 82.72174713051263 10.253433317526682 10.318754094688643 10.340218391314078
 955105432 4 92430.818 92558.508 93210.711 81.97387804498133 82.55149765378673 82.66553971209039 10.246734755622667 10.31893720672334 10.333192464011299
 1050615968 4 101524.537 101753.766 102217.074 82.22626039951017 82.60065523275078 82.78715660628917 10.27828254993877 10.325081904093848 10.348394575786147
 1155677560 4 111646.716 111822.378 112937.669 81.86303614961277 82.67951947865033 82.80960525520517 10.232879518701596 10.334939934831292 10.351200656900646
 1271245312 2 114521.591 114827.953 115881.865 43.88073360745445 44.2834790236137 44.4019438046403 5.4850917009318065 5.535434877951713 5.550242975580037
 1398369840 2 126078.892 126248.383 126598.882 44.18269159754507 44.3053544693717 44.364915262738826 5.522836449693134 5.5381693086714625 5.545614407842353
 1538206824 2 138847.043 139091.935 139615.578 44.06977633971475 44.23568696488405 44.313707825956364 5.508722042464344 5.529460870610507 5.5392134782445455
 1692027504 2 152672.157 152894.542 154930.611 43.684782318453514 44.26652467424246 44.331004087405404 5.460597789806689 5.533315584280308 5.5413755109256755
 1861230248 2 167927.602 168200.385 168380.498 44.21486502552095 44.262211361763526 44.33411126778312 5.526858128190119 5.532776420220441 5.54176390847289
 2047353272 2 184677.78 184912.799 185452.608 44.159061316624886 44.28797320838781 44.344333617179075 5.519882664578111 5.535996651048476 5.543041702147384
 2252088592 2 203159.957 203349.806 203888.363 44.18277843547156 44.299793273468865 44.34119056246896 5.522847304433945 5.537474159183608 5.54264882030862
 2477297448 1 111509.263 111828.875 112200.321 44.15847345035671 44.30514834384232 44.43213740906887 5.519809181294589 5.53814354298029 5.554017176133609
 2725027192 1 122905.427 123100.378 123983.694 43.957831938770916 44.27325466051778 44.34348032491682 5.4947289923463645 5.534156832564722 5.542935040614602
 2997529904 1 135108.206 135456.294 135744.12 44.16441616771319 44.25825947962226 44.3722848928954 5.520552020964149 5.532282434952783 5.546535611611925
 3297282888 1 148729.694 149098.426 149881.322 43.99858293216816 44.22961363790654 44.339268095313905 5.49982286652102 5.528701704738317 5.542408511914238
 3627011176 1 163591.946 163778.314 164474.338 44.10428058388051 44.291714664983054 44.34217288423233 5.513035072985064 5.536464333122882 5.542771610529042
 3989712288 1 179972.406 180311.706 180788.514 44.13678944227619 44.25350274263391 44.33693338522129 5.517098680284524 5.531687842829239 5.542116673152662
 4388683512 1 197866.344 198119.86 198481.164 44.22267003633655 44.303317315083916 44.360080883689854 5.527833754542069 5.5379146643854895 5.545010110461232
 
META_DATA
 FLOPS          2
 MPI_PROCS      1
 ERT_VERSION  1.1.0
 HOSTNAME  ('tcn1120.local.snellius.surf.nl', [], ['172.18.60.106'])
 UNAME  uname_result(system='Linux', node='tcn1120.local.snellius.surf.nl', release='4.18.0-372.80.1.el8_6.x86_64', version='#1 SMP Fri Nov 3 14:30:16 EDT 2023', machine='x86_64', processor='x86_64')
 TIMESTAMP_DATA  1713901336.028714
 CONFIG  {'ERT_RESULTS': ['Results.snellius.genoa.02'], 'ERT_DRIVER': ['driver1'], 'ERT_KERNEL': ['kernel1'], 'ERT_MPI': ['True'], 'ERT_MPI_CFLAGS': [], 'ERT_MPI_LDFLAGS': [], 'ERT_OPENMP': ['False'], 'ERT_OPENMP_CFLAGS': ['-fopenmp'], 'ERT_OPENMP_LDFLAGS': ['-fopenmp'], 'ERT_FLOPS': ['1,2,4,8,16'], 'ERT_ALIGN': ['32'], 'ERT_CC': ['mpic++'], 'ERT_CFLAGS': ['-Ofast', '-fargument-noalias', '-mavx2', '-march=native'], 'ERT_LD': ['mpic++'], 'ERT_LDFLAGS': [], 'ERT_LDLIBS': [], 'ERT_RUN': ['export', 'OMP_NUM_THREADS=ERT_OPENMP_THREADS;', 'mpirun', '-np', 'ERT_MPI_PROCS', 'ERT_CODE'], 'ERT_PROCS_THREADS': ['1'], 'ERT_MPI_PROCS': ['1'], 'ERT_OPENMP_THREADS': [], 'ERT_NUM_EXPERIMENTS': ['5'], 'ERT_MEMORY_MAX': ['4677721600'], 'ERT_WORKING_SET_MIN': ['1'], 'ERT_TRIALS_MIN': ['1'], 'ERT_GNUPLOT': ['gnuplot'], 'ERT_GPU': [False], 'ERT_HIP': [False], 'ERT_PRECISION': ['FP64'], 'ERT_OCL': [False], 'ERT_SYCL': [False], 'ERT_WSS_MULT': [1.1]}
 TIMESTAMP_DATA  1713901391.358218
 TIMESTAMP_DATA  1713901446.7371137
 TIMESTAMP_DATA  1713901502.3600051
 TIMESTAMP_DATA  1713901557.694275
 