fp64
 512 2097152 1231.434 1236.744 1324.418 1621.4545921302793 1736.401104836571 1743.8885461989844 101.34091200814245 108.52506905228569 108.99303413743652
 1024 1048576 616.263 624.369 625.3 3434.3253606268995 3439.4463017862836 3484.686972932011 214.64533503918122 214.96539386164272 217.7929358082507
 1536 524288 311.844 323.877 686.765 2345.216684018551 4972.914828777591 5164.802709046831 146.57604275115943 310.8071767985994 322.80016931542696
 2048 524288 206.005 211.856 311.693 6889.739737498116 10136.525035873425 10424.424882891193 430.6087335936322 633.532814742089 651.5265551806996
 2560 524288 306.744 315.119 359.052 7476.227844434789 8518.542391921781 8751.123281954984 467.26424027717434 532.4088994951113 546.9452051221865
 3072 262144 155.26 160.63 174.226 9244.387955873406 10026.848882525059 10373.64895014814 577.7742472420879 626.6780551578162 648.3530593842587
 3584 262144 155.441 204.773 217.237 8649.761283759211 9176.249759489776 12088.497835191487 540.6100802349507 573.515609968111 755.5311146994679
 4096 262144 155.391 156.002 206.156 10416.789460408623 13765.74433661107 13819.871472607809 651.049341275539 860.3590210381918 863.741967037988
 4608 262144 155.992 156.052 205.254 11770.387441901254 15481.500422935944 15487.455151546234 735.6492151188284 967.5937764334965 967.9659469716396
 5120 262144 156.022 156.473 205.645 13053.342215954679 17155.385018501594 17204.97468305752 815.8338884971674 1072.2115636563497 1075.310917691095
 5632 131072 79.729 79.8 84.208 17532.716701501042 18501.190576441102 18517.666194232963 1095.7947938438151 1156.3244110275689 1157.3541371395602
 6144 131072 130.023 204.643 220.733 7296.655851186728 7870.35342523321 12387.1371680395 456.0409906991705 491.89708907707563 774.1960730024688
 6656 131072 154.93 159.218 210.363 8294.379068562437 10958.751296963914 11262.056825663203 518.3986917851523 684.9219560602446 703.8785516039502
 7168 131072 130.183 146.985 162.585 11557.328117600024 12783.945246113548 14433.898373827611 722.3330073500015 798.9965778820967 902.1186483642257
 7680 131072 130.374 131.035 131.355 15326.907388375013 15364.337161826992 15442.23480141746 957.9317117734383 960.271072614187 965.1396750885913
 8192 131072 331.48 331.942 343.903 6244.445811755059 6469.454446861199 6478.4712441172915 390.2778632346912 404.34090292882496 404.9044527573307
 8704 131072 180.928 230.491 243.616 9365.975042690134 9899.307894885265 12611.101521047047 585.3734401681334 618.7067434303291 788.1938450654404
 9216 131072 155.692 230.611 230.752 10469.764526417972 10476.165941780748 15517.29763892814 654.3602829011232 654.7603713612967 969.8311024330087
 9728 131072 180.438 185.868 238.807 10678.651932313544 13720.14995588267 14133.03645573549 667.4157457695965 857.5093722426669 883.3147784834681
 10240 131072 180.719 255.809 267.21 10045.861157890798 10493.589201318171 14853.748416049226 627.8663223681749 655.8493250823857 928.3592760030766
 11264 65536 105.327 109.926 129.392 11410.249536292817 13430.808070884048 14017.251113199844 713.140596018301 839.425504430253 876.0781945749902
 12288 65536 117.731 173.594 173.745 9269.980350513684 9278.04380335726 13680.447256882217 579.3737719071053 579.8777377098287 855.0279535551385
 13312 65536 155.481 155.591 160.58 10865.801868227674 11214.21203025882 11222.145882776675 679.1126167642296 700.8882518911762 701.3841176735422
 14336 65536 217.908 218.629 219.14 8574.647220954641 8594.688682654176 8623.126236760469 535.9154513096651 537.168042665886 538.9453897975293
 15360 65536 155.942 186.128 194.234 10365.157078575327 10816.566663801255 12910.350771440662 647.8223174109579 676.0354164875785 806.8969232150414
 16896 65536 180.067 180.668 230.091 9624.85500084749 12257.801669360371 12298.713878722918 601.5534375529681 766.1126043350232 768.6696174201824
 18432 65536 193.041 197.66 230.511 10480.710699272486 12222.599939289688 12515.056925730803 655.0444187045304 763.9124962056055 782.1910578581752
 19968 65536 184.466 218.188 265.647 9852.344261369411 11995.369571195482 14188.228161287172 615.7715163355882 749.7105981997177 886.7642600804483
 21504 32768 98.535 106.409 134.933 10444.340109535844 13244.050258906671 14302.391475110368 652.7712568459903 827.7531411816669 893.899467194398
 23552 32768 104.857 105.027 120.566 12802.148798168639 14696.257838460588 14720.084228997588 800.1342998855399 918.5161149037867 920.0052643123493
 25600 32768 122.189 123.351 129.873 12918.170828424692 13601.199828132725 13730.54530276866 807.3856767765433 850.0749892582953 858.1590814230412
 28160 32768 123.03 136.015 148.408 12435.27141393995 13568.310553983018 15000.355685605138 777.2044633712469 848.0194096239386 937.5222303503211
 30720 32768 161.101 161.612 191.419 10517.586655452174 12457.403658144196 12496.917585862284 657.3491659657609 778.5877286340123 781.0573491163927
 33792 32768 136.395 136.736 146.134 15154.53290815279 16196.118886028551 16236.610667546462 947.1583067595494 1012.2574303767844 1014.7881667216539
 36864 32768 164.337 173.585 176.811 13663.850688022803 13917.787274246046 14701.005275744354 853.9906680014252 869.8617046403779 918.8128297340221
 40448 32768 150.422 164.248 174.387 15200.675096194098 16139.01008231455 17622.42310300355 950.0421935121311 1008.6881301446593 1101.401443937722
 44032 16384 85.691 86.261 97.352 14820.86219081272 16726.45315959704 16837.714299051244 926.303886925795 1045.403322474815 1052.3571436907027
 48128 16384 92.433 92.914 104.716 15060.337522441652 16973.31192285339 17061.637120941654 941.2710951526033 1060.831995178337 1066.3523200588534
 52736 16384 98.384 98.635 99.015 17452.439004191285 17519.676058194353 17564.372743535532 1090.7774377619553 1094.979753637147 1097.7732964709708
 57856 16384 108.243 109.104 124.403 15239.386574278755 17376.31441560346 17514.53126761084 952.4616608924222 1086.0196509752163 1094.6582042256775
 63488 16384 133.22 133.56 157.124 13240.337465950459 15576.331117100926 15616.084551869088 827.5210916219037 973.5206948188079 976.005284491818
 69632 16384 142.907 143.308 156.803 14551.388532107165 15921.660870293354 15966.33738025429 909.4617832566978 995.1038043933346 997.8960862658931
 76288 16384 137.167 149.54 197.369 12665.642446382157 16716.632232178683 18224.537855315055 791.6026528988848 1044.7895145111677 1139.033615957191
 83456 8192 137.838 138.168 156.873 8716.242463648938 9896.235770945514 9919.928495770397 544.7651539780586 618.5147356840946 619.9955309856498
 91648 8192 150.712 178.304 178.945 8391.186297465702 8421.352476669059 9963.113965709434 524.4491435916063 526.3345297918162 622.6946228568396
 100352 8192 97.182 97.432 153.968 10678.629117738752 16875.022251416372 16918.433125475913 667.414319858672 1054.6888907135233 1057.4020703422445
 110080 8192 95.719 101.39 101.95 17690.54163805787 17788.250517802546 18842.139178219582 1105.658852378617 1111.765657362659 1177.633698638724
 120832 8192 112.711 116.378 118.141 16757.19257497397 17011.045799034182 17564.492267835438 1047.3245359358732 1063.1903624396364 1097.7807667397149
 132608 8192 112.881 118.552 123.842 17543.720805542544 18326.55266887104 19247.255711767255 1096.482550346409 1145.40954180444 1202.9534819854534
 145408 8192 137.246 143.769 159.618 14925.41362502976 16570.78140628369 17358.354137825507 932.83835156436 1035.6738378927307 1084.8971336140942
 159744 8192 143.379 148.609 149.039 17560.810901844485 17611.623091468213 18254.037871654848 1097.5506813652803 1100.7264432167633 1140.877366978428
 175616 4096 75.09 77.925 99.356 14479.71206570313 18461.93483477703 19158.959541883072 904.9820041064456 1153.8709271735643 1197.434971367692
 193024 4096 99.576 99.777 117.38 13471.226852956212 15847.866823015323 15879.856672290513 841.9516783097632 990.4916764384577 992.491042018157
 211968 4096 105.667 106.089 111.088 15631.22799942388 16367.784181206345 16433.15184494686 976.9517499639925 1022.9865113253966 1027.0719903091788
 232960 4096 113.863 117.45 119.464 15974.756579387933 16248.687271179224 16760.565943282716 998.4222862117458 1015.5429544487015 1047.5353714551698
 256000 4096 124.934 130.233 144.611 14502.022667708541 16103.076793132308 16786.079049738262 906.3764167317838 1006.4422995707693 1049.1299406086414
 281600 4096 135.123 138.279 715.098 3225.9455347378967 16682.700916263497 17072.350377063864 201.62159592111854 1042.6688072664685 1067.0218985664915
 309760 4096 144.26 147.256 812.46 3123.2970484700786 17232.261639593635 17590.142243172053 195.2060655293799 1077.0163524746022 1099.3838901982533
 340480 2048 79.869 80.842 740.767 1882.651468005459 17251.009128918136 17461.168663686785 117.66571675034119 1078.1880705573835 1091.323041480424
 374272 2048 87.033 88.225 88.535 17315.390659061388 17376.23249645792 17614.216584513917 1082.2119161913367 1086.01453102862 1100.8885365321198
 411648 2048 93.825 94.788 720.649 2339.710744065419 17788.22433219395 17970.798912869705 146.2319215040887 1111.7640207621218 1123.1749320543565
 452608 2048 101.711 102.341 109.315 16959.084919727396 18114.75721362895 18226.960387765335 1059.9428074829623 1132.1723258518093 1139.1850242353335
 497664 2048 110.597 111.318 117.029 17418.176212733597 18311.789144612732 18431.166704340987 1088.6360132958498 1144.4868215382958 1151.9479190213117
 547328 2048 120.336 120.385 136.345 16442.5207231655 18622.382256925695 18629.96516420689 1027.6575451978438 1163.898891057856 1164.3728227629306
 601600 2048 129.964 130.364 756.596 3256.894828944377 18902.1018072474 18960.27823089471 203.55592680902356 1181.3813629529625 1185.0173894309194
 661504 2048 143.007 144.069 161.242 16804.060877438882 18807.102041382954 18946.767528862223 1050.2538048399301 1175.4438775864346 1184.172970553889
 727552 1024 79.539 79.82 92.954 16029.718957764057 18667.33269857179 18733.281736003722 1001.8574348602535 1166.708293660737 1170.8301085002327
 800256 1024 86.462 86.742 99.707 16437.40447511208 18894.241405547484 18955.42883578913 1027.337779694505 1180.8900878467177 1184.7143022368207
 880128 1024 93.736 94.337 94.958 18982.098864761265 19107.05390249849 19229.561150465135 1186.381179047579 1194.1908689061556 1201.847571904071
 967680 1024 102.602 102.782 126.447 15673.038031744525 19281.67033138098 19315.497163797976 979.5648769840328 1205.1043957113113 1207.2185727373735
 1064448 1024 111.659 112.21 129.803 16794.600309700083 19427.76494073612 19523.63449430856 1049.6625193562552 1214.2353087960075 1220.227155894285
 1170432 1024 122.72 124.112 562.092 4264.506052389999 19313.56142838726 19532.633116036504 266.53162827437495 1207.0975892742038 1220.7895697522815
 1287168 1024 134.292 134.492 612.416 4304.459818162817 19600.571513547275 19629.762487713342 269.02873863517607 1225.0357195967047 1226.8601554820839
 1415680 512 75.341 75.912 343.974 4214.435742236333 19096.53704289177 19241.267304654837 263.4022338897708 1193.5335651807356 1202.5792065409273
 1556992 512 82.064 82.534 372.787 4276.865362794304 19317.61223253447 19428.24878143888 267.304085174644 1207.3507645334043 1214.26554883993
 1712640 512 90.269 90.49 410.137 4275.994021509886 19380.521162559402 19427.969291783447 267.24962634436787 1211.2825726599626 1214.2480807364655
 1883648 512 98.715 111.799 467.826 4123.019139594635 17252.88734246281 19539.639892620165 257.6886962246647 1078.3054589039257 1221.2274932887603
 2071552 512 107.361 108.143 502.19 4224.037213007029 19615.409670528836 19758.285112843583 264.0023258129393 1225.9631044080522 1234.892819552724
 2278400 512 117.54 117.81 551.662 4229.186712153455 19803.765384941853 19849.256423345243 264.32416950959094 1237.7353365588658 1240.5785264590777
 2506240 512 128.53 129.652 607.086 4227.390781536717 19794.447906704103 19967.2431338987 264.21192384604484 1237.1529941690064 1247.9526958686688
 2756608 256 73.307 73.367 73.517 19198.053457023547 19237.304183079585 19253.04944957507 1199.8783410639717 1202.331511442474 1203.315590598442
 3032064 256 80.741 81.032 81.362 19080.366362675453 19158.070490670354 19227.118415674813 1192.5228976672158 1197.3794056668971 1201.6949009796758
 3335168 256 87.714 87.814 88.045 19394.69607587029 19445.714988498417 19467.884442620336 1212.1685047418932 1215.357186781151 1216.742777663771
 3668480 256 95.809 95.97 108.143 17368.315656121988 19571.342711263937 19604.230917763467 1085.5197285076242 1223.208919453996 1225.2644323602167
 4035072 256 104.877 105.928 119.062 17351.9415430616 19503.406691337514 19698.855459252267 1084.49634644135 1218.9629182085946 1231.1784662032667
 4438528 256 115.126 115.316 120.665 18833.3513114822 19706.947310000345 19739.470979622325 1177.0844569676376 1231.6842068750216 1233.7169362263953
 4881920 256 126.016 126.487 141.174 17705.406377944946 19761.2643196534 19835.12442864398 1106.5878986215591 1235.0790199783376 1239.6952767902487
 5369856 128 72.917 73.398 90.068 15262.725229826356 18729.163410447152 18852.71110989207 953.9203268641472 1170.572713152947 1178.2944443682543
 5906432 128 79.859 84.849 85.009 17786.900116458255 17820.440924465816 18933.95349303147 1111.681257278641 1113.7775577791135 1183.3720933144668
 6496768 128 87.323 87.413 101.74 16347.28334971496 19026.6048299452 19046.2147200623 1021.705209357185 1189.162801871575 1190.3884200038938
 7145984 128 95.448 95.599 95.709 19113.89633158846 19135.8895385935 19166.16276925656 1194.6185207242788 1195.9930961620937 1197.885173078535
 7860224 128 104.356 110.106 118.411 16993.500130900004 18275.274226654317 19282.239104603475 1062.0937581812502 1142.2046391658948 1205.1399440377172
 8646144 128 114.585 114.684 127.178 17404.054663542436 19300.101705556135 19316.776750883626 1087.7534164714023 1206.2563565972584 1207.2985469302266
 9510400 128 125.595 125.765 131.135 18566.076181034812 19358.823202003736 19385.02647398384 1160.3797613146758 1209.9264501252335 1211.56415462399
 10461184 128 137.748 142.947 158.988 16844.43545424812 18734.657628351764 19441.75671516102 1052.7772158905075 1170.9161017719853 1215.1097946975638
 11507200 64 81.192 81.483 85.56 17215.072463768116 18076.428212019684 18141.215883338264 1075.9420289855072 1129.7767632512302 1133.8259927086415
 12657664 64 89.257 89.587 93.876 17258.73484170608 18085.00108274638 18151.864750103632 1078.67092760663 1130.3125676716488 1134.491546881477
 13923328 64 97.512 97.894 100.258 17775.99776576433 18205.262671869572 18276.581179752236 1110.9998603602705 1137.8289169918482 1142.2863237345148
 15315456 64 106.84 107.15 112.32 17453.51111111111 18295.645058329443 18348.73051291651 1090.8444444444444 1143.4778161455902 1146.795657057282
 16846848 64 117.76 118.071 118.371 18217.270649061003 18263.5578931321 18311.791304347826 1138.5794155663127 1141.4723683207562 1144.486956521739
 18531328 64 128.54 133.64 141.204 16798.461686637773 17749.251601316973 18453.47739225144 1049.9038554148608 1109.3282250823108 1153.342337015715
 20384256 64 141.125 141.525 154.309 16908.830774614573 18436.21104398516 18488.466026572187 1056.8019234134108 1152.2631902490725 1155.5291266607617
 22422528 32 86.873 87.213 87.424 16414.734992679354 16454.448212995772 16518.846960505565 1025.9209370424596 1028.4030133122358 1032.4279350315978
 24664576 32 95.449 95.839 110.496 14285.882421083117 16470.673358444892 16537.97173359595 892.8676513176948 1029.4170849028058 1033.623233349747
 27130880 32 105.928 107.831 110.758 15677.209050362051 16102.756350214688 16392.042897062158 979.8255656476282 1006.422271888418 1024.5026810663849
 29843968 32 114.725 115.285 124.103 15390.55423317728 16567.75774818927 16648.62891261713 961.90963957358 1035.4848592618293 1040.5393070385705
 32827904 32 125.545 127.539 133.74 15709.480005981753 16473.281553093562 16734.922585527103 981.8425003738596 1029.5800970683476 1045.932661595444
 36110336 32 138.168 138.64 145.452 15888.825894453154 16669.51459896134 16726.4598459846 993.0516184033221 1041.8446624350838 1045.4037403740374
 39720960 32 151.824 158.286 176.03 14441.523831165141 16060.431371062508 16744.002529244386 902.5952394478213 1003.7769606914068 1046.5001580777741
 43693056 16 100.999 105.438 126.346 11066.260839282606 13260.663062652933 13843.481539421182 691.6413024551629 828.7914414158083 865.2175962138239
 48061952 16 122.129 134.031 146.414 10504.340186047782 11474.82645059725 12593.097986555198 656.5212616279864 717.1766531623281 787.0686241596999
 52868096 16 134.331 139.171 174.166 9713.601231009497 12156.117811900469 12594.107629661063 607.1000769380936 759.7573632437793 787.1317268538164
 58154496 16 145.382 157.214 163.887 11355.042633033736 11837.011156767208 12800.37330618646 709.6901645646085 739.8131972979505 800.0233316366538
 63969792 16 170.559 175.207 189.906 10779.192568955168 11683.51346692769 12001.90751587427 673.699535559698 730.2195916829806 750.1192197421419
 70366720 16 189.234 194.123 199.574 11282.70736669105 11599.527310004481 11899.209655770102 705.1692104181906 724.9704568752801 743.7006034856314
 77403136 16 203.951 209.051 214.07 11570.515962068483 11848.30664287662 12144.585473961883 723.1572476292802 740.5191651797887 759.0365921226177
 85143040 8 151.834 173.245 232.485 5859.684022625115 7863.364830153828 8972.223876075188 366.2302514140697 491.46030188461424 560.7639922546992
 93657088 8 182.842 205.875 252.362 5937.9518628002625 7278.753651487553 8195.673904245195 371.1219914250164 454.92210321797205 512.2296190153247
 103022592 8 204.753 230.942 263.113 6264.842375709296 7137.556061695143 8050.487523992323 391.552648481831 446.09725385594646 503.1554702495202
 113324544 8 204.733 225.882 305.882 5927.752218175637 8027.167742449597 8856.377350011968 370.4845136359773 501.69798390309984 553.523584375748
 124656640 8 221.634 258.063 312.565 6381.092700718251 7728.757086447883 8999.098694243663 398.8182937948907 483.0473179029927 562.4436683902289
 137122304 8 268.112 280.726 286.677 7653.06203148491 7815.296281783661 8182.986453422449 478.3163769678069 488.4560176114788 511.43665333890306
 150834176 8 279.613 282.058 325.559 7412.932267269526 8556.207645236085 8631.025081094225 463.3082667043454 534.7629778272553 539.4390675683891
 165917184 8 304.029 325.709 347.4 7641.551364421416 8150.45007660212 8731.650414927524 477.5969602763385 509.4031297876325 545.7281509329703
 182508544 4 294.221 305.542 378.849 3853.9585745244144 4778.617512486009 4962.488578313581 240.8724109077759 298.6635945303756 310.1555361445988
 200759296 4 326.831 380.543 416.469 3856.4079631377126 4220.480650018526 4914.082103594824 241.02549769610704 263.78004062615787 307.1301314746765
 220834816 4 341.78 360.935 516.938 3417.583013823708 4894.727660105005 5169.05181110656 213.59893836398174 305.92047875656283 323.06573819416
 242917888 4 407.092 414.316 423.022 4593.952806237028 4690.485291420076 4773.719709549684 287.12205038981426 293.1553307137547 298.35748184685525
 267209216 4 572.171 582.581 638.965 3345.525542087595 3669.3159028529944 3736.074928648953 209.0953463804747 229.33224392831215 233.50468304055957
 293929984 4 1297.939 1350.989 1363.021 1725.1677501667252 1740.5322115872148 1811.6720986117218 107.82298438542033 108.78326322420092 113.22950616323261
 323322880 4 2659.848 2679.405 2724.559 949.3584246111021 965.3572490907495 972.455207966771 59.33490153819388 60.334828068171845 60.77845049792319
 355655168 2 4295.419 4351.143 4369.307 325.59412098989617 326.95332513778567 331.19485479763443 20.34963256186851 20.434582821111604 20.699678424852152
 391220224 2 5121.104 5189.733 5227.584 299.35069355174403 301.533989513526 305.57491040994285 18.709418346984002 18.845874344595376 19.098431900621428
 430342144 2 5985.863 6017.942 6073.867 283.4057077640982 286.0394094858342 287.57233100724153 17.71285673525614 17.877463092864637 17.973270687952596
 473376256 2 6813.682 6832.076 6868.705 275.67132727348167 277.1492916647883 277.8974751096397 17.229457954592604 17.321830729049267 17.36859219435248
 520713728 2 7564.808 7592.99 7668.231 271.6213050963123 274.3128743749169 275.33480188789986 16.97633156851952 17.144554648432305 17.20842511799374
 572784640 2 8373.771 8394.901 8453.411 271.03125117186426 272.920259571852 273.60893437377257 16.939453198241516 17.05751622324075 17.100558398360786
 630063104 2 9206.601 9248.679 9277.363 271.6561177998533 272.4986363998578 273.7440686307574 16.97850736249083 17.03116477499111 17.109004289422337
 693069312 1 5068.286 5086.179 5124.09 270.5141057241383 272.5304445635909 273.4925819103342 16.907131607758643 17.03315278522443 17.093286369395887
 762376192 1 5550.578 5596.704 5609.218 271.82976022682664 272.4375603926882 274.7015507213843 16.989360014176665 17.027347524543014 17.16884692008652
 838613504 1 6111.287 6158.957 6185.046 271.1745406582263 272.32322096095163 274.4474294858023 16.948408791139144 17.020201310059477 17.152964342862642
 922474496 1 6741.948 6752.046 6804.215 271.1479563770398 273.24295361731834 273.6522132772308 16.946747273564988 17.077684601082396 17.103263329826927
 1014721536 1 7417.361 7444.402 7455.684 272.2007896257405 272.6133102430524 273.6071592039271 17.012549351608783 17.038331890190776 17.100447450245444
 1116193280 1 8171.674 8208.031 8230.734 271.22569627447564 271.9758928785722 273.1859543099737 16.951606017154727 16.998493304910763 17.074122144373355
 1227812352 1 8978.373 8984.074 9386.397 261.61526131911955 273.3308634813115 273.5044204556884 16.350953832444972 17.08317896758197 17.094026278480523
 1350593536 1 9865.744 9883.016 10155.686 265.977805142853 273.3160678885879 273.794563491613 16.623612821428313 17.082254243036743 17.112160218225814
 
META_DATA
 FLOPS          1
 MPI_PROCS      64
 ERT_VERSION  1.1.0
 HOSTNAME  ('tcn215.local.snellius.surf.nl', [], ['172.18.56.225'])
 UNAME  uname_result(system='Linux', node='tcn215.local.snellius.surf.nl', release='4.18.0-372.80.1.el8_6.x86_64', version='#1 SMP Fri Nov 3 14:30:16 EDT 2023', machine='x86_64', processor='x86_64')
 TIMESTAMP_DATA  1707389891.9469643
 CONFIG  {'ERT_RESULTS': ['Results.snellius.01'], 'ERT_DRIVER': ['driver1'], 'ERT_KERNEL': ['kernel1'], 'ERT_MPI': ['True'], 'ERT_MPI_CFLAGS': [], 'ERT_MPI_LDFLAGS': [], 'ERT_OPENMP': ['False'], 'ERT_OPENMP_CFLAGS': ['-fopenmp'], 'ERT_OPENMP_LDFLAGS': ['-fopenmp'], 'ERT_FLOPS': ['1,2,4,8'], 'ERT_ALIGN': ['32'], 'ERT_CC': ['mpic++'], 'ERT_CFLAGS': ['-Ofast', '-fargument-noalias', '-mavx2'], 'ERT_LD': ['mpic++'], 'ERT_LDFLAGS': [], 'ERT_LDLIBS': [], 'ERT_RUN': ['export', 'OMP_NUM_THREADS=ERT_OPENMP_THREADS;', 'mpirun', '-np', 'ERT_MPI_PROCS', 'ERT_CODE'], 'ERT_PROCS_THREADS': ['32,64,128'], 'ERT_MPI_PROCS': ['32,64,128'], 'ERT_OPENMP_THREADS': [], 'ERT_NUM_EXPERIMENTS': ['5'], 'ERT_MEMORY_MAX': ['1357905920'], 'ERT_WORKING_SET_MIN': ['1'], 'ERT_TRIALS_MIN': ['1'], 'ERT_GNUPLOT': ['gnuplot'], 'ERT_GPU': [False], 'ERT_HIP': [False], 'ERT_PRECISION': ['FP64'], 'ERT_OCL': [False], 'ERT_SYCL': [False], 'ERT_WSS_MULT': [1.1]}
 TIMESTAMP_DATA  1707389906.935644
 TIMESTAMP_DATA  1707389921.8434033
 TIMESTAMP_DATA  1707389936.856171
 TIMESTAMP_DATA  1707389951.9393404
 