fp64
 1024 1048576 4927.461 5215.25 5510.853 389.6826222728133 411.77002981640385 435.8195119149599 97.42065556820333 102.94250745410096 108.95487797873997
 2048 524288 2968.666 2974.347 3001.347 715.5066201941995 722.001719368991 723.3833809529264 178.87665504854988 180.50042984224774 180.8458452382316
 3072 262144 1231.325 1236.615 1249.579 1288.924298503736 1302.4366807777685 1308.032189714332 322.231074625934 325.60917019444213 327.008047428583
 4096 262144 1277.22 1320.632 1510.907 1421.3208675318867 1626.1029931123887 1681.3733327069729 355.3302168829717 406.5257482780972 420.3433331767432
 5120 262144 1278.663 1280.346 1305.644 2055.9620846111193 2096.58526679507 2099.3448312807986 513.9905211527798 524.1463166987675 524.8362078201997
 6144 131072 635.389 640.228 1030.779 1562.519934923005 2515.686186795954 2534.8451672912183 390.62998373075123 628.9215466989885 633.7112918228046
 7168 131072 640.078 641.08 656.719 2861.266678746922 2931.066625070194 2935.6550170447977 715.3166696867305 732.7666562675485 733.9137542611994
 8192 131072 640.338 645.859 656.378 3271.717894262148 3325.003829009118 3353.672041952844 817.929473565537 831.2509572522795 838.418010488211
 9216 131072 643.775 647.592 1259.417 1918.283701109323 3730.619130563688 3752.738307638538 479.57092527733073 932.654782640922 938.1845769096345
 10240 131072 640.809 642.122 646.811 4150.137459010437 4180.443217955467 4189.008831024533 1037.5343647526092 1045.1108044888667 1047.2522077561332
 11264 65536 324.157 325.269 403.866 3655.655608543427 4538.996977885996 4554.5677187288875 913.9139021358568 1134.749244471499 1138.6419296822219
 12288 65536 328.685 332.582 2842.971 566.5245041191064 4842.75377500887 4900.171093904498 141.6311260297766 1210.6884437522176 1225.0427734761245
 13312 65536 323.365 326.351 335.097 5206.941464710219 5346.484196463317 5395.854418381706 1301.7353661775549 1336.6210491158292 1348.9636045954264
 14336 65536 333.414 614.47 774.088 2427.434854951892 3057.9982619167736 5635.78071706647 606.858713737973 764.4995654791934 1408.9451792666175
 15360 65536 322.554 323.556 324.858 6197.372144136822 6222.310573749212 6241.639911456687 1549.3430360342054 1555.577643437303 1560.4099778641717
 16384 65536 324.577 607.757 909.742 2360.541393054295 3533.457694440377 6616.253301989976 590.1353482635737 883.3644236100943 1654.063325497494
 17408 65536 326.722 328.805 337.652 6757.5532678615855 6939.375544775779 6983.617191373706 1689.3883169653964 1734.8438861939449 1745.9042978434265
 18432 65536 326.691 346.018 643.775 3752.738307638538 6982.061927414181 7395.119865561034 938.1845769096345 1745.5154818535452 1848.7799663902586
 19456 65536 331.37 437.98 677.108 3766.218730246874 5822.496077446459 7695.738395147419 941.5546825617186 1455.6240193616147 1923.9345987868548
 20480 65536 325.78 332.212 714.798 3755.403008961973 8080.24562628683 8239.777027441833 938.8507522404932 2020.0614065717075 2059.944256860458
 22528 32768 169.938 180.588 205.785 7174.453959229292 8175.487895098234 8687.84502583295 1793.613489807323 2043.8719737745585 2171.9612564582376
 24576 32768 168.125 168.536 186.489 8636.502614095201 9556.49081501875 9579.852704832714 2159.1256535238003 2389.1227037546873 2394.9631762081785
 26624 32768 171.601 173.465 185.868 9387.471022446038 10058.688865188944 10167.950443179236 2346.8677556115094 2514.672216297236 2541.987610794809
 28672 32768 169.838 170.369 180.768 10394.805452292441 11029.28462337632 11063.767778706768 2598.7013630731103 2757.32115584408 2765.941944676692
 30720 32768 172.102 207.027 224.931 8950.59338197047 9724.65388572505 11698.097174931143 2237.6483454926174 2431.1634714312627 2924.5242937327857
 33792 32768 186.82 194.083 214.341 10332.099374361414 11410.543489125785 11854.151118723905 2583.0248435903536 2852.635872281446 2963.537779680976
 36864 32768 188.402 193.703 210.124 11497.587633968515 12472.285426658336 12823.213681383426 2874.3969084921287 3118.071356664584 3205.8034203458565
 39936 32768 218.779 249.888 549.829 4760.10849918793 10473.674990395695 11962.965805676047 1190.0271247969824 2618.418747598924 2990.741451419012
 43008 16384 113.833 114.364 129.603 10873.869771533065 12322.812633346157 12380.295204378344 2718.4674428832664 3080.703158336539 3095.073801094586
 47104 16384 116.538 118.712 122.239 12626.934709871644 13002.088011321519 13244.640134548388 3156.733677467911 3250.5220028303797 3311.160033637097
 51200 16384 120.285 120.756 127.178 13191.916840963058 13893.484381728444 13947.88710146735 3297.9792102407646 3473.371095432111 3486.9717753668374
 56320 16384 127.189 129.813 130.424 14149.9552229651 14216.555814902977 14509.853525068993 3537.488805741275 3554.138953725744 3627.463381267248
 61440 16384 121.087 126.777 129.743 15517.337505684312 15880.371991765065 16626.606654719333 3879.334376421078 3970.0929979412663 4156.651663679833
 67584 16384 159.388 160.43 161.362 13724.374462388914 13804.10466870286 13894.349085251084 3431.0936155972286 3451.026167175715 3473.587271312771
 73728 16384 136.756 139.431 749.132 3224.9578231873693 17326.986853712588 17665.909386059844 806.2394557968423 4331.746713428147 4416.477346514961
 80896 16384 188.864 191.679 482.733 5491.2345499479015 13829.371647389647 14035.497119620468 1372.8086374869754 3457.342911847412 3508.874279905117
 88064 8192 106.57 107.08 128.751 11206.441705307143 13474.417033993277 13538.900028150512 2801.6104263267857 3368.6042584983193 3384.725007037628
 96256 8192 115.616 115.957 118.382 13321.774458954907 13600.37172400114 13640.484915582618 3330.443614738727 3400.092931000285 3410.1212288956544
 105472 8192 115.145 116.518 178.935 9657.435649816973 14830.783638579447 15007.62732207217 2414.358912454243 3707.695909644862 3751.9068305180426
 115712 8192 112.851 113.392 162.183 11689.421258701592 16719.21659376323 16799.367378224386 2922.355314675398 4179.804148440808 4199.8418445560965
 126976 8192 115.657 117.62 131.627 15805.076344518979 17687.25373235844 17987.45241533154 3951.2690861297447 4421.81343308961 4496.863103832885
 139264 8192 126.627 127.9 136.665 16695.579526579593 17839.72928850664 18019.07473129743 4173.894881644898 4459.93232212666 4504.768682824358
 152576 8192 142.416 142.937 156.994 15922.934532529904 17488.860015251474 17552.839456240872 3980.733633132476 4372.215003812868 4388.209864060218
 166912 4096 80.541 84.508 84.859 16113.118278556192 16180.043356841956 16976.981959498888 4028.279569639048 4045.010839210489 4244.245489874722
 183296 4096 88.445 89.107 99.696 15061.394960680469 16851.210701740605 16977.339951382215 3765.3487401701173 4212.802675435151 4244.334987845554
 200704 4096 92.583 107.201 117.79 13958.461397402156 15337.237227264673 17758.845230765906 3489.615349350539 3834.3093068161684 4439.711307691477
 220160 4096 103.664 106.901 118.211 15257.046467756809 16871.22402970973 17398.04290785615 3814.261616939202 4217.806007427433 4349.5107269640375
 241664 4096 110.617 114.624 122.088 16215.446956293823 17271.352317141263 17896.99131236609 4053.8617390734557 4317.838079285316 4474.247828091523
 265216 4096 123.962 126.497 144.17 15070.052521328986 17175.501964473464 17526.737806747227 3767.5131303322464 4293.875491118366 4381.684451686807
 290816 4096 131.717 136.766 211.265 11276.665193004048 17419.275784917303 18086.99463243165 2819.166298251012 4354.818946229326 4521.748658107913
 319488 4096 143.468 148.958 162.664 16089.888948999163 17570.360074651915 18242.71402682131 4022.472237249791 4392.590018662979 4560.678506705328
 351232 2048 82.695 91.031 404.467 3556.894065523269 15803.91594072349 17397.016409698288 889.2235163808173 3950.9789851808723 4349.254102424572
 386048 2048 102.481 106.629 128.821 12274.804635890112 14829.47986007559 15429.714854460828 3068.701158972528 3707.3699650188973 3857.428713615207
 423936 2048 106.008 117.64 159.208 10906.750012562181 14760.641414484868 16380.290695041884 2726.6875031405452 3690.160353621217 4095.072673760471
 465920 2048 117.019 117.56 134.211 14219.462786209771 16233.483497788362 16308.533827839923 3554.865696552443 4058.3708744470905 4077.133456959981
 512000 2048 124.873 127.218 134.121 15636.268742404245 16484.711282994544 16794.27898745125 3909.0671856010613 4121.177820748636 4198.569746862812
 563200 2048 139.121 144.43 183.754 12554.106033065947 15972.216298552934 16581.73244873168 3138.526508266487 3993.0540746382335 4145.43311218292
 619520 2048 148.598 150.662 201.237 12609.778122313492 16842.693711752134 17076.63575552834 3152.444530578373 4210.6734279380335 4269.158938882085
 680960 1024 82.815 83.166 92.724 15040.400327854708 16768.94500156314 16840.017871158605 3760.100081963677 4192.236250390785 4210.004467789651
 748544 1024 89.398 96.37 109.826 13958.608271265457 15907.628017017743 17148.23723125797 3489.6520678163643 3976.907004254436 4287.059307814492
 823296 1024 97.473 97.943 104.385 16152.801724385687 17215.219137661705 17298.228309377984 4038.2004310964217 4303.804784415426 4324.557077344496
 905216 1024 106.159 107.841 114.895 16135.448609600071 17190.886286291858 17463.261409772134 4033.8621524000177 4297.721571572964 4365.815352443034
 995328 1024 118.552 123.671 139.822 14578.762598160518 16482.69799710522 17194.410419056614 3644.6906495401295 4120.674499276305 4298.6026047641535
 1094656 1024 128.931 132.619 133.26 16823.168902896596 16904.48192189656 17388.02528484228 4205.792225724149 4226.12048047414 4347.00632121057
 1203200 1024 142.697 150.752 188.513 13071.531406322109 16345.744003396305 17268.433113520256 3267.882851580527 4086.436000849076 4317.108278380064
 1323008 1024 151.313 155.842 160.16 16917.58481518482 17386.32964156004 17906.725687812683 4229.396203796205 4346.58241039001 4476.681421953171
 1455104 512 85.82 86.102 86.322 17261.26011908899 17305.36452114933 17362.229037520396 4315.315029772248 4326.341130287333 4340.557259380099
 1600512 512 93.806 96.11 106.389 15405.016383272705 17052.588575590467 17471.42280877556 3851.254095818176 4263.147143897617 4367.85570219389
 1760256 512 102.673 112.36 133.54 13497.844421147222 16042.204912780348 17555.75607998208 3374.4611052868054 4010.551228195087 4388.93901999552
 1935360 512 113.993 115.506 705.049 2810.880718928755 17157.62505843852 17385.35383751634 702.7201797321887 4289.40626460963 4346.338459379085
 2128896 512 123.601 147.546 753.43 2893.4200974211276 14774.982066609735 17637.312837274778 723.3550243552819 3693.7455166524337 4409.3282093186945
 2340864 512 135.143 135.263 177.322 13518.033498381476 17721.363092641743 17737.09874725291 3379.508374595369 4430.340773160436 4434.274686813227
 2574336 512 148.999 151.464 163.997 16074.196869454929 17404.26810331168 17692.199706038296 4018.549217363732 4351.06702582792 4423.049926509574
 2831360 256 84.539 85.059 114.123 12702.578095563558 17042.95042264781 17147.781733874308 3175.6445238908896 4260.737605661952 4286.945433468577
 3113984 256 92.694 94.727 110.176 14471.026430438573 16831.102093384146 17200.24821455542 3617.756607609643 4207.775523346037 4300.062053638855
 3425280 256 100.107 103.273 112.802 15547.09455506108 16981.625013314228 17518.688603194583 3886.77363876527 4245.406253328557 4379.672150798646
 3767296 256 109.645 115.486 121.427 15884.89835044924 16702.07256290806 17591.824086825665 3971.22458761231 4175.518140727015 4397.956021706416
 4143104 256 121.016 121.077 660.797 3210.167794345313 17520.001717915045 17528.832947709394 802.5419485863282 4380.000429478761 4382.2082369273485
 4556800 256 178.083 282.017 741.187 3147.763789704892 8272.840289769765 13101.091064279015 786.940947426223 2068.2100724424413 3275.2727660697537
 5012480 256 201.216 207.999 216.836 11835.625818591008 12338.471627267438 12754.402035623407 2958.906454647752 3084.6179068168594 3188.6005089058517
 5513216 128 112.691 114.574 124.473 11338.871048339799 12318.530347199188 12524.365707997975 2834.7177620849498 3079.632586799797 3131.0914269994937
 6064128 128 123.771 124.543 150.141 10339.7257777689 12464.905839750125 12542.65351334319 2584.931444442225 3116.226459937531 3135.6633783357975
 6670336 128 135.303 147.957 156.533 10908.920266014196 11541.23168217793 12620.60720013599 2727.230066503549 2885.3079205444824 3155.1518000339975
 7336960 128 149.55 156.483 167.673 11201.933286814216 12002.976425554212 12559.423336676697 2800.483321703554 3000.744106388553 3139.855834169174
 8070144 128 165.319 168.806 365.804 5647.715344829472 12238.64592490788 12496.790229798149 1411.928836207368 3059.66148122697 3124.1975574495373
 8877056 128 184.255 194.885 203.09 11189.750041853364 11660.858126587475 12333.593856340396 2797.437510463341 2915.2145316468686 3083.398464085099
 9763840 128 203.852 211.756 244.448 10225.254614478334 11803.882959632783 12261.557600612208 2556.3136536195834 2950.970739908196 3065.389400153052
 10739712 64 111.979 129.782 189.895 7239.174996708707 10592.248046724508 12276.258369872923 1809.7937491771768 2648.062011681127 3069.064592468231
 11812864 64 122.389 122.96 139.181 10863.886536236983 12297.060767729343 12354.432113997174 2715.971634059246 3074.2651919323357 3088.6080284992936
 12993536 64 134.462 136.516 139.691 11906.08276839596 12182.986668229365 12369.090211360832 2976.52069209899 3045.7466670573413 3092.272552840208
 14291968 64 147.005 155.882 167.834 10899.88860421607 11735.619917630002 12444.283554981124 2724.9721510540176 2933.9049794075004 3111.070888745281
 15720448 64 160.25 162.674 489.656 4109.451010505335 12369.630942867332 12556.738496099846 1027.3627526263338 3092.407735716833 3139.1846240249615
 17292288 64 176.721 179.326 179.957 12299.676389359682 12342.955645026377 12524.900062810872 3074.9190973399204 3085.7389112565943 3131.225015702718
 19020800 64 195.566 196.267 196.889 12365.659838792417 12404.848497200242 12449.313275313705 3091.414959698104 3101.2121243000606 3112.3283188284263
 20922368 64 213.52 227.636 365.023 7336.696876635171 11764.673004269975 12542.446159610341 1834.1742191587928 2941.1682510674937 3135.6115399025853
 23014400 32 122.8 123.972 140.143 10510.133221067053 11881.082825154068 11994.475570032573 2627.5333052667634 2970.270706288517 2998.6188925081433
 25315328 32 135.463 135.884 138.128 11729.562376925753 11923.265373406732 11960.321209481557 2932.390594231438 2980.816343351683 2990.0803023703893
 27846656 32 147.817 147.867 152.135 11714.503460742106 12052.62826729426 12056.705142169032 2928.6258651855264 3013.157066823565 3014.176285542258
 30630912 32 161.913 164.237 170.559 11493.842998610451 11936.277257865158 12107.603268421928 2873.460749652613 2984.0693144662896 3026.900817105482
 33693696 32 182.021 189.345 538.618 4003.573114897757 11388.716596688586 11846.96570175969 1000.8932787244393 2847.1791491721465 2961.7414254399223
 37062656 32 198.08 203.1 204.653 11590.39928073373 11679.025032003938 11975.010016155089 2897.5998201834327 2919.7562580009844 2993.7525040387723
 40768512 32 219.411 224.4 256.019 10191.371609138383 11627.383101604277 11891.768270506036 2547.8429022845958 2906.845775401069 2972.942067626509
 44845056 16 127.318 129.963 132.308 10846.220878556098 11041.925717319546 11271.318996528378 2711.5552196390245 2760.4814293298864 2817.8297491320945
 49329152 16 141.404 143.218 146.324 10787.928596812553 11021.888756999819 11163.282962292438 2696.9821492031383 2755.4721892499547 2790.8207405731096
 54261760 16 156.273 162.855 167.974 10337.173133937396 10662.100150440576 11111.172883351572 2584.293283484349 2665.525037610144 2777.793220837893
 59687936 16 172.673 174.306 193.833 9853.91523631167 10957.821027388614 11061.451135962194 2463.4788090779175 2739.4552568471536 2765.3627839905485
 65655808 16 198.13 204.382 243.396 8631.965422603493 10279.701030423423 10604.077403724827 2157.991355650873 2569.9252576058557 2651.0193509312066
 72220672 16 253.544 267.441 277.108 8339.930655195807 8641.388208988152 9115.031331839837 2084.9826637989518 2160.347052247038 2278.757832959959
 79441920 16 318.166 332.082 399.207 6367.978116616191 7655.161797387393 7989.984599234363 1591.9945291540478 1913.7904493468482 1997.4961498085906
 87386112 8 231.764 243.445 249.396 5606.255882211423 5743.300507301445 6032.765192178251 1401.5639705528558 1435.8251268253612 1508.1912980445627
 96123904 8 290.484 298.668 501.649 3065.8537423577045 5149.471868429159 5294.551383208714 766.4634355894261 1287.3679671072898 1323.6378458021784
 105736192 8 330.558 337.352 344.024 4917.619328884031 5014.877848656597 5117.949261551679 1229.4048322210078 1253.7194621641493 1279.4873153879198
 116308992 8 350.406 375.203 396.783 4690.07964554933 4959.832069573005 5310.821937980514 1172.5199113873325 1239.9580173932513 1327.7054844951285
 127939584 8 426.058 441.947 449.321 4555.837238855962 4631.852561506244 4804.588445704575 1138.9593097139905 1157.963140376561 1201.1471114261437
 140733440 8 482.843 497.351 522.188 4312.115636514051 4527.456544774213 4663.493185155423 1078.0289091285129 1131.8641361935533 1165.8732962888557
 154806272 8 502.41 520.574 577.18 4291.382847638519 4758.017788057029 4930.03792121972 1072.8457119096297 1189.5044470142573 1232.50948030493
 170286080 4 336.4 369.121 374.571 3636.930354992778 3690.6289265579585 4049.609512485137 909.2325887481945 922.6572316394896 1012.4023781212843
 187314176 4 390.871 413.303 425.677 3520.3062603805233 3625.701744240908 3833.779963210369 880.0765650951308 906.425436060227 958.4449908025922
 206045184 4 399.809 429.544 653.433 2522.617425198911 3837.4682733317195 4122.872351547863 630.6543562997277 959.3670683329299 1030.7180878869658
 226649088 4 452.246 484.476 697.355 2600.0999548293194 3742.5851930745794 4009.3062271418653 650.0249887073298 935.6462982686448 1002.3265567854663
 249313280 4 511.697 522.718 730.908 2728.80614249673 3815.6448410041367 3897.826721673178 682.2015356241825 953.9112102510342 974.4566804182945
 274244608 4 533.999 568.745 812.089 2701.621206542632 3857.540486509771 4108.541147080799 675.405301635658 964.3851216274428 1027.1352867701999
 301668352 4 620.992 680.113 998.118 2417.8972987161833 3548.449766435871 3886.276821601566 604.4743246790458 887.1124416089677 971.5692054003915
 331834368 4 685.984 752.268 777.856 3412.810268224453 3528.8952128762617 3869.878807668983 853.2025670561133 882.2238032190654 967.4697019172457
 365017088 2 605.222 631.242 856.472 1704.747326240671 2313.008880904629 2412.450889095241 426.1868315601678 578.2522202261573 603.1127222738103
 401518592 2 663.482 665.035 686.996 2337.8220076972793 2415.022319126061 2420.675117034072 584.4555019243198 603.7555797815153 605.168779258518
 441669632 2 773.437 794.547 807.301 2188.3764890666553 2223.5041199576613 2284.191896689711 547.0941222666638 555.8760299894153 571.0479741724278
 485835776 2 998.058 1045.587 1065.084 1824.5913974860198 1858.6144471956902 1947.1244196229077 456.14784937150495 464.65361179892255 486.7811049057269
 534418432 2 1633.367 1637.154 1706.664 1252.5451571018082 1305.7255016937931 1308.7528571349858 313.13628927545204 326.4313754234483 327.18821428374645
 587859968 2 2857.067 2959.408 26852.364 87.56919398232498 794.5642750171656 823.0258065351634 21.892298495581244 198.6410687542914 205.75645163379085
 646645760 2 5314.566 5353.109 5376.723 481.07054055044307 483.1926717726091 486.69694571485235 120.26763513761077 120.79816794315228 121.67423642871309
 711310336 1 4937.951 4982.525 5067.935 280.7101259191367 285.52203390851025 288.0993902126611 70.17753147978418 71.38050847712756 72.02484755316527
 782440448 1 5488.922 5626.269 24194.44 64.67936005131759 278.13830017725775 285.0980385583909 16.169840012829397 69.53457504431444 71.27450963959772
 860684288 1 5998.717 6011.17 8715.771 197.50043639283317 286.3616527231803 286.9561234510646 49.37510909820829 71.59041318079508 71.73903086276616
 946752512 1 6583.621 6623.466 6673.629 283.72944075854383 285.8782733994558 287.6084489067642 70.93236018963596 71.46956834986395 71.90211222669105
 1041427456 1 7216.295 7269.886 25819.722 80.66914554695825 286.50448053793417 288.63217371241063 20.167286386739562 71.62612013448354 72.15804342810266
 1145569280 1 7956.21 8002.407 11375.74 201.40567207056418 286.3061776288059 287.9685880588873 50.351418017641045 71.57654440720148 71.99214701472182
 1260126208 1 8749.555 8831.919 13488.553 186.8437938450477 285.35728373414656 288.04349661211336 46.71094846126193 71.33932093353664 72.01087415302834
 
META_DATA
 FLOPS          4
 MPI_PROCS      128
 ERT_VERSION  1.1.0
 HOSTNAME  ('tcn215.local.snellius.surf.nl', [], ['172.18.56.225'])
 UNAME  uname_result(system='Linux', node='tcn215.local.snellius.surf.nl', release='4.18.0-372.80.1.el8_6.x86_64', version='#1 SMP Fri Nov 3 14:30:16 EDT 2023', machine='x86_64', processor='x86_64')
 TIMESTAMP_DATA  1707390498.0229924
 CONFIG  {'ERT_RESULTS': ['Results.snellius.01'], 'ERT_DRIVER': ['driver1'], 'ERT_KERNEL': ['kernel1'], 'ERT_MPI': ['True'], 'ERT_MPI_CFLAGS': [], 'ERT_MPI_LDFLAGS': [], 'ERT_OPENMP': ['False'], 'ERT_OPENMP_CFLAGS': ['-fopenmp'], 'ERT_OPENMP_LDFLAGS': ['-fopenmp'], 'ERT_FLOPS': ['1,2,4,8'], 'ERT_ALIGN': ['32'], 'ERT_CC': ['mpic++'], 'ERT_CFLAGS': ['-Ofast', '-fargument-noalias', '-mavx2'], 'ERT_LD': ['mpic++'], 'ERT_LDFLAGS': [], 'ERT_LDLIBS': [], 'ERT_RUN': ['export', 'OMP_NUM_THREADS=ERT_OPENMP_THREADS;', 'mpirun', '-np', 'ERT_MPI_PROCS', 'ERT_CODE'], 'ERT_PROCS_THREADS': ['32,64,128'], 'ERT_MPI_PROCS': ['32,64,128'], 'ERT_OPENMP_THREADS': [], 'ERT_NUM_EXPERIMENTS': ['5'], 'ERT_MEMORY_MAX': ['1357905920'], 'ERT_WORKING_SET_MIN': ['1'], 'ERT_TRIALS_MIN': ['1'], 'ERT_GNUPLOT': ['gnuplot'], 'ERT_GPU': [False], 'ERT_HIP': [False], 'ERT_PRECISION': ['FP64'], 'ERT_OCL': [False], 'ERT_SYCL': [False], 'ERT_WSS_MULT': [1.1]}
 TIMESTAMP_DATA  1707390525.2048507
 TIMESTAMP_DATA  1707390552.4722693
 TIMESTAMP_DATA  1707390578.7492652
 TIMESTAMP_DATA  1707390605.1871555
 