fp64
        1024            1           4.981         2048          128
        1024            2           5.230         4096          256
        1024            4          72.401         8192          512
        1024            8           4.320        16384         1024
        1024           16           8.240        32768         2048
        1024           32           4.470        65536         4096
        1024           64           4.681       131072         8192
        1024          128           4.720       262144        16384
        1024          256           4.240       524288        32768
        1024          512           5.060      1048576        65536
        1024         1024           4.831      2097152       131072
        1024         2048           5.650      4194304       262144
        1024         4096           6.960      8388608       524288
        1024         8192          11.221     16777216      1048576
        1024        16384          14.191     33554432      2097152
        1024        32768          25.000     67108864      4194304
        1024        65536          45.212    134217728      8388608
        1024       131072          86.052    268435456     16777216
        1024       262144         170.164    536870912     33554432
        1024       524288         331.709   1073741824     67108864
        1024      1048576         674.517   2147483648    134217728
        2048            1          29.891         4096          256
        2048            2          12.081         8192          512
        2048            4           4.110        16384         1024
        2048            8           4.250        32768         2048
        2048           16           4.630        65536         4096
        2048           32           4.260       131072         8192
        2048           64           9.400       262144        16384
        2048          128           4.220       524288        32768
        2048          256           4.491      1048576        65536
        2048          512           4.810      2097152       131072
        2048         1024           7.840      4194304       262144
        2048         2048           6.541      8388608       524288
        2048         4096           7.450     16777216      1048576
        2048         8192          11.250     33554432      2097152
        2048        16384          14.041     67108864      4194304
        2048        32768          28.561    134217728      8388608
        2048        65536          45.931    268435456     16777216
        2048       131072          86.182    536870912     33554432
        2048       262144         172.725   1073741824     67108864
        2048       524288         418.090   2147483648    134217728
        3072            1           4.901         6144          384
        3072            2           4.130        12288          768
        3072            4           4.940        24576         1536
        3072            8           4.320        49152         3072
        3072           16           4.971        98304         6144
        3072           32           5.390       196608        12288
        3072           64           6.910       393216        24576
        3072          128           5.931       786432        49152
        3072          256           4.460      1572864        98304
        3072          512          10.140      3145728       196608
        3072         1024           4.740      6291456       393216
        3072         2048           6.660     12582912       786432
        3072         4096           8.340     25165824      1572864
        3072         8192           9.930     50331648      3145728
        3072        16384          14.260    100663296      6291456
        3072        32768          24.431    201326592     12582912
        3072        65536          46.921    402653184     25165824
        3072       131072          90.393    805306368     50331648
        3072       262144         172.694   1610612736    100663296
        4096            1          16.770         8192          512
        4096            2           4.460        16384         1024
        4096            4           5.460        32768         2048
        4096            8           4.180        65536         4096
        4096           16           5.060       131072         8192
        4096           32           4.291       262144        16384
        4096           64           5.890       524288        32768
        4096          128           4.530      1048576        65536
        4096          256           6.240      2097152       131072
        4096          512           4.720      4194304       262144
        4096         1024           5.250      8388608       524288
        4096         2048           5.760     16777216      1048576
        4096         4096           6.921     33554432      2097152
        4096         8192           9.430     67108864      4194304
        4096        16384          14.200    134217728      8388608
        4096        32768          25.320    268435456     16777216
        4096        65536          45.191    536870912     33554432
        4096       131072          86.672   1073741824     67108864
        4096       262144         167.914   2147483648    134217728
        5120            1           3.930        10240          640
        5120            2           4.400        20480         1280
        5120            4           4.570        40960         2560
        5120            8          15.471        81920         5120
        5120           16           4.570       163840        10240
        5120           32           5.450       327680        20480
        5120           64           4.011       655360        40960
        5120          128           4.330      1310720        81920
        5120          256           4.920      2621440       163840
        5120          512           4.410      5242880       327680
        5120         1024           5.650     10485760       655360
        5120         2048           5.600     20971520      1310720
        5120         4096           7.520     41943040      2621440
        5120         8192           9.181     83886080      5242880
        5120        16384          15.670    167772160     10485760
        5120        32768          23.961    335544320     20971520
        5120        65536          45.471    671088640     41943040
        5120       131072         117.783   1342177280     83886080
        5120       262144         167.774   2684354560    167772160
        6144            1           7.690        12288          768
        6144            2           4.210        24576         1536
        6144            4           4.650        49152         3072
        6144            8           3.870        98304         6144
        6144           16           4.310       196608        12288
        6144           32           5.520       393216        24576
        6144           64           3.930       786432        49152
        6144          128           5.210      1572864        98304
        6144          256           4.410      3145728       196608
        6144          512           5.701      6291456       393216
        6144         1024           4.670     12582912       786432
        6144         2048           5.530     25165824      1572864
        6144         4096           6.940     50331648      3145728
        6144         8192          10.101    100663296      6291456
        6144        16384          14.030    201326592     12582912
        6144        32768          24.221    402653184     25165824
        6144        65536          51.571    805306368     50331648
        6144       131072          86.092   1610612736    100663296
        7168            1           5.981        14336          896
        7168            2           4.140        28672         1792
        7168            4           4.190        57344         3584
        7168            8           4.970       114688         7168
        7168           16           4.480       229376        14336
        7168           32           5.610       458752        28672
        7168           64           5.300       917504        57344
        7168          128           6.501      1835008       114688
        7168          256           4.560      3670016       229376
        7168          512           4.480      7340032       458752
        7168         1024           4.920     14680064       917504
        7168         2048           5.351     29360128      1835008
        7168         4096           7.000     58720256      3670016
        7168         8192           9.170    117440512      7340032
        7168        16384          14.051    234881024     14680064
        7168        32768          24.170    469762048     29360128
        7168        65536          45.871    939524096     58720256
        7168       131072          85.492   1879048192    117440512
        8192            1           5.280        16384         1024
        8192            2           3.980        32768         2048
        8192            4           4.570        65536         4096
        8192            8           5.420       131072         8192
        8192           16           3.870       262144        16384
        8192           32           5.880       524288        32768
        8192           64           4.670      1048576        65536
        8192          128           4.600      2097152       131072
        8192          256           5.300      4194304       262144
        8192          512           5.050      8388608       524288
        8192         1024           5.401     16777216      1048576
        8192         2048           5.680     33554432      2097152
        8192         4096           9.820     67108864      4194304
        8192         8192          11.481    134217728      8388608
        8192        16384          18.820    268435456     16777216
        8192        32768          31.741    536870912     33554432
        8192        65536          60.272   1073741824     67108864
        8192       131072         138.814   2147483648    134217728
        9216            1          12.960        18432         1152
        9216            2           8.771        36864         2304
        9216            4           7.810        73728         4608
        9216            8          16.361       147456         9216
        9216           16           3.190       294912        18432
        9216           32          12.481       589824        36864
        9216           64           7.460      1179648        73728
        9216          128           7.130      2359296       147456
        9216          256           5.170      4718592       294912
        9216          512           4.940      9437184       589824
        9216         1024           6.600     18874368      1179648
        9216         2048           5.810     37748736      2359296
        9216         4096           8.600     75497472      4718592
        9216         8192          10.830    150994944      9437184
        9216        16384          18.430    301989888     18874368
        9216        32768          31.940    603979776     37748736
        9216        65536          58.452   1207959552     75497472
        9216       131072         113.723   2415919104    150994944
       10240            1           4.970        20480         1280
       10240            2           5.510        40960         2560
       10240            4           4.970        81920         5120
       10240            8           5.010       163840        10240
       10240           16           4.360       327680        20480
       10240           32           4.050       655360        40960
       10240           64           5.020      1310720        81920
       10240          128           4.070      2621440       163840
       10240          256           5.470      5242880       327680
       10240          512           4.400     10485760       655360
       10240         1024           6.970     20971520      1310720
       10240         2048           5.061     41943040      2621440
       10240         4096           7.960     83886080      5242880
       10240         8192           9.390    167772160     10485760
       10240        16384          14.441    335544320     20971520
       10240        32768          25.421    671088640     41943040
       10240        65536          44.951   1342177280     83886080
       10240       131072          87.762   2684354560    167772160
       11264            1           4.590        22528         1408
       11264            2           4.630        45056         2816
       11264            4           4.700        90112         5632
       11264            8           5.400       180224        11264
       11264           16           4.480       360448        22528
       11264           32           4.250       720896        45056
       11264           64           5.320      1441792        90112
       11264          128           4.440      2883584       180224
       11264          256           5.280      5767168       360448
       11264          512           4.320     11534336       720896
       11264         1024           4.590     23068672      1441792
       11264         2048           5.510     46137344      2883584
       11264         4096           6.700     92274688      5767168
       11264         8192          10.410    184549376     11534336
       11264        16384          15.041    369098752     23068672
       11264        32768          25.790    738197504     46137344
       11264        65536          45.121   1476395008     92274688
       12288            1           4.930        24576         1536
       12288            2           4.030        49152         3072
       12288            4           4.380        98304         6144
       12288            8           5.510       196608        12288
       12288           16           3.980       393216        24576
       12288           32           7.620       786432        49152
       12288           64           4.100      1572864        98304
       12288          128           6.630      3145728       196608
       12288          256           4.490      6291456       393216
       12288          512           5.130     12582912       786432
       12288         1024           5.330     25165824      1572864
       12288         2048           6.511     50331648      3145728
       12288         4096           9.310    100663296      6291456
       12288         8192          14.921    201326592     12582912
       12288        16384          27.291    402653184     25165824
       12288        32768          43.931    805306368     50331648
       12288        65536          86.002   1610612736    100663296
       13312            1           5.150        26624         1664
       13312            2           4.120        53248         3328
       13312            4           5.090       106496         6656
       13312            8           5.360       212992        13312
       13312           16           5.210       425984        26624
       13312           32           4.600       851968        53248
       13312           64           6.000      1703936       106496
       13312          128           5.970      3407872       212992
       13312          256           4.310      6815744       425984
       13312          512           4.480     13631488       851968
       13312         1024           5.411     27262976      1703936
       13312         2048           6.930     54525952      3407872
       13312         4096           8.570    109051904      6815744
       13312         8192          14.021    218103808     13631488
       13312        16384          23.950    436207616     27262976
       13312        32768          44.531    872415232     54525952
       13312        65536          84.082   1744830464    109051904
       14336            1           4.370        28672         1792
       14336            2           4.980        57344         3584
       14336            4           4.431       114688         7168
       14336            8           5.930       229376        14336
       14336           16           4.050       458752        28672
       14336           32           7.330       917504        57344
       14336           64           4.090      1835008       114688
       14336          128           4.570      3670016       229376
       14336          256           4.000      7340032       458752
       14336          512           5.330     14680064       917504
       14336         1024           6.090     29360128      1835008
       14336         2048           6.180     58720256      3670016
       14336         4096          10.870    117440512      7340032
       14336         8192          12.050    234881024     14680064
       14336        16384          19.990    469762048     29360128
       14336        32768          38.201    939524096     58720256
       14336        65536          71.901   1879048192    117440512
       15360            1           5.800        30720         1920
       15360            2           4.110        61440         3840
       15360            4           6.850       122880         7680
       15360            8           8.440       245760        15360
       15360           16           7.461       491520        30720
       15360           32           3.890       983040        61440
       15360           64           4.410      1966080       122880
       15360          128           4.050      3932160       245760
       15360          256           4.181      7864320       491520
       15360          512           5.530     15728640       983040
       15360         1024           5.020     31457280      1966080
       15360         2048           6.790     62914560      3932160
       15360         4096           7.390    125829120      7864320
       15360         8192          11.110    251658240     15728640
       15360        16384          17.861    503316480     31457280
       15360        32768          31.961   1006632960     62914560
       15360        65536          62.111   2013265920    125829120
       16384            1           5.210        32768         2048
       16384            2           5.190        65536         4096
       16384            4           4.600       131072         8192
       16384            8           6.610       262144        16384
       16384           16           4.250       524288        32768
       16384           32           5.050      1048576        65536
       16384           64           4.370      2097152       131072
       16384          128           4.420      4194304       262144
       16384          256           5.370      8388608       524288
       16384          512           4.610     16777216      1048576
       16384         1024           7.090     33554432      2097152
       16384         2048           7.081     67108864      4194304
       16384         4096          13.540    134217728      8388608
       16384         8192          15.381    268435456     16777216
       16384        16384          28.190    536870912     33554432
       16384        32768          90.892   1073741824     67108864
       16384        65536         106.663   2147483648    134217728
       17408            1           4.430        34816         2176
       17408            2           3.830        69632         4352
       17408            4           5.070       139264         8704
       17408            8           4.360       278528        17408
       17408           16           4.630       557056        34816
       17408           32           4.300      1114112        69632
       17408           64           4.720      2228224       139264
       17408          128           5.340      4456448       278528
       17408          256          23.231      8912896       557056
       17408          512           6.720     17825792      1114112
       17408         1024           5.231     35651584      2228224
       17408         2048           8.610     71303168      4456448
       17408         4096           9.340    142606336      8912896
       17408         8192          15.351    285212672     17825792
       17408        16384          25.411    570425344     35651584
       17408        32768          45.281   1140850688     71303168
       17408        65536         175.354   2281701376    142606336
       18432            1           9.341        36864         2304
       18432            2           6.380        73728         4608
       18432            4           4.090       147456         9216
       18432            8           4.721       294912        18432
       18432           16           4.030       589824        36864
       18432           32           4.250      1179648        73728
       18432           64           5.450      2359296       147456
       18432          128           4.441      4718592       294912
       18432          256           5.330      9437184       589824
       18432          512           4.410     18874368      1179648
       18432         1024           5.790     37748736      2359296
       18432         2048           6.680     75497472      4718592
       18432         4096           8.990    150994944      9437184
       18432         8192          14.241    301989888     18874368
       18432        16384          23.921    603979776     37748736
       18432        32768          44.121   1207959552     75497472
       18432        65536         149.984   2415919104    150994944
       19456            1          20.221        38912         2432
       19456            2           4.420        77824         4864
       19456            4           5.270       155648         9728
       19456            8           5.130       311296        19456
       19456           16           4.000       622592        38912
       19456           32           6.000      1245184        77824
       19456           64           4.400      2490368       155648
       19456          128           5.011      4980736       311296
       19456          256           4.650      9961472       622592
       19456          512           5.500     19922944      1245184
       19456         1024           5.390     39845888      2490368
       19456         2048           6.751     79691776      4980736
       19456         4096           9.480    159383552      9961472
       19456         8192          14.190    318767104     19922944
       19456        16384          45.511    637534208     39845888
       19456        32768          44.481   1275068416     79691776
       19456        65536          85.612   2550136832    159383552
       20480            1           3.110        40960         2560
       20480            2           4.930        81920         5120
       20480            4           4.660       163840        10240
       20480            8           4.140       327680        20480
       20480           16           5.270       655360        40960
       20480           32           3.770      1310720        81920
       20480           64           5.840      2621440       163840
       20480          128           4.850      5242880       327680
       20480          256           4.660     10485760       655360
       20480          512           5.680     20971520      1310720
       20480         1024           5.790     41943040      2621440
       20480         2048           8.250     83886080      5242880
       20480         4096          10.471    167772160     10485760
       20480         8192          18.390    335544320     20971520
       20480        16384          31.391    671088640     41943040
       20480        32768          60.392   1342177280     83886080
       20480        65536         113.063   2684354560    167772160
       22528            1           4.080        45056         2816
       22528            2           4.040        90112         5632
       22528            4           3.990       180224        11264
       22528            8           5.360       360448        22528
       22528           16           4.430       720896        45056
       22528           32           6.720      1441792        90112
       22528           64           3.920      2883584       180224
       22528          128           4.620      5767168       360448
       22528          256           5.170     11534336       720896
       22528          512           5.290     23068672      1441792
       22528         1024           6.721     46137344      2883584
       22528         2048           6.930     92274688      5767168
       22528         4096          11.200    184549376     11534336
       22528         8192          15.961    369098752     23068672
       22528        16384          28.771    738197504     46137344
       22528        32768          51.541   1476395008     92274688
       24576            1           5.810        49152         3072
       24576            2           9.191        98304         6144
       24576            4           5.940       196608        12288
       24576            8           8.040       393216        24576
       24576           16           9.511       786432        49152
       24576           32           7.260      1572864        98304
       24576           64           9.101      3145728       196608
       24576          128          12.510      6291456       393216
       24576          256           7.770     12582912       786432
       24576          512           4.531     25165824      1572864
       24576         1024         505.303     50331648      3145728
       24576         2048           7.900    100663296      6291456
       24576         4096          12.831    201326592     12582912
       24576         8192          19.570    402653184     25165824
       24576        16384          35.421    805306368     50331648
       24576        32768          65.232   1610612736    100663296
       26624            1           4.130        53248         3328
       26624            2           5.590       106496         6656
       26624            4           4.470       212992        13312
       26624            8           4.841       425984        26624
       26624           16           4.220       851968        53248
       26624           32           6.340      1703936       106496
       26624           64           4.200      3407872       212992
       26624          128           4.701      6815744       425984
       26624          256           4.630     13631488       851968
       26624          512           5.230     27262976      1703936
       26624         1024           5.050     54525952      3407872
       26624         2048           8.340    109051904      6815744
       26624         4096          12.140    218103808     13631488
       26624         8192          19.471    436207616     27262976
       26624        16384          46.261    872415232     54525952
       26624        32768          64.852   1744830464    109051904
       28672            1           5.690        57344         3584
       28672            2          19.841       114688         7168
       28672            4           4.140       229376        14336
       28672            8           5.290       458752        28672
       28672           16           4.180       917504        57344
       28672           32           5.480      1835008       114688
       28672           64           4.070      3670016       229376
       28672          128           5.100      7340032       458752
       28672          256           4.270     14680064       917504
       28672          512           5.290     29360128      1835008
       28672         1024           6.140     58720256      3670016
       28672         2048           8.330    117440512      7340032
       28672         4096          13.460    234881024     14680064
       28672         8192          21.171    469762048     29360128
       28672        16384          38.801    939524096     58720256
       28672        32768          72.042   1879048192    117440512
       30720            1           8.370        61440         3840
       30720            2           5.560       122880         7680
       30720            4           4.570       245760        15360
       30720            8           5.950       491520        30720
       30720           16           4.241       983040        61440
       30720           32           6.020      1966080       122880
       30720           64           4.360      3932160       245760
       30720          128           4.640      7864320       491520
       30720          256           6.231     15728640       983040
       30720          512           5.300     31457280      1966080
       30720         1024           6.160     62914560      3932160
       30720         2048           8.321    125829120      7864320
       30720         4096          13.580    251658240     15728640
       30720         8192          21.401    503316480     31457280
       30720        16384          39.401   1006632960     62914560
       30720        32768          72.522   2013265920    125829120
       33792            1           5.160        67584         4224
       33792            2           5.190       135168         8448
       33792            4           4.010       270336        16896
       33792            8           5.820       540672        33792
       33792           16           4.380      1081344        67584
       33792           32           6.670      2162688       135168
       33792           64           4.270      4325376       270336
       33792          128           4.590      8650752       540672
       33792          256           4.830     17301504      1081344
       33792          512           5.560     34603008      2162688
       33792         1024           6.470     69206016      4325376
       33792         2048           8.441    138412032      8650752
       33792         4096          13.300    276824064     17301504
       33792         8192          20.991    553648128     34603008
       33792        16384          38.111   1107296256     69206016
       33792        32768          71.882   2214592512    138412032
       36864            1           4.420        73728         4608
       36864            2           5.400       147456         9216
       36864            4           4.460       294912        18432
       36864            8           6.070       589824        36864
       36864           16           4.080      1179648        73728
       36864           32           5.700      2359296       147456
       36864           64           4.500      4718592       294912
       36864          128           4.750      9437184       589824
       36864          256           5.341     18874368      1179648
       36864          512           5.550     37748736      2359296
       36864         1024           6.520     75497472      4718592
       36864         2048           9.120    150994944      9437184
       36864         4096          15.640    301989888     18874368
       36864         8192          24.281    603979776     37748736
       36864        16384          46.101   1207959552     75497472
       36864        32768          85.552   2415919104    150994944
       39936            1           5.110        79872         4992
       39936            2           4.760       159744         9984
       39936            4           4.380       319488        19968
       39936            8           5.530       638976        39936
       39936           16           4.300      1277952        79872
       39936           32           5.710      2555904       159744
       39936           64           4.840      5111808       319488
       39936          128           5.090     10223616       638976
       39936          256           4.651     20447232      1277952
       39936          512           9.230     40894464      2555904
       39936         1024           7.110     81788928      5111808
       39936         2048           9.341    163577856     10223616
       39936         4096          14.660    327155712     20447232
       39936         8192          24.531    654311424     40894464
       39936        16384          57.962   1308622848     81788928
       39936        32768          89.022   2617245696    163577856
       43008            1          11.600        86016         5376
       43008            2           4.360       172032        10752
       43008            4           4.240       344064        21504
       43008            8           6.120       688128        43008
       43008           16           4.531      1376256        86016
       43008           32           6.230      2752512       172032
       43008           64           4.330      5505024       344064
       43008          128           5.300     11010048       688128
       43008          256           4.800     22020096      1376256
       43008          512           5.360     44040192      2752512
       43008         1024           6.750     88080384      5505024
       43008         2048           9.141    176160768     11010048
       43008         4096          14.940    352321536     22020096
       43008         8192          24.691    704643072     44040192
       43008        16384          45.371   1409286144     88080384
       47104            1           4.090        94208         5888
       47104            2           4.450       188416        11776
       47104            4           5.130       376832        23552
       47104            8           4.250       753664        47104
       47104           16           6.440      1507328        94208
       47104           32           4.240      3014656       188416
       47104           64           5.840      6029312       376832
       47104          128           4.410     12058624       753664
       47104          256           5.300     24117248      1507328
       47104          512           5.630     48234496      3014656
       47104         1024           6.930     96468992      6029312
       47104         2048          10.121    192937984     12058624
       47104         4096          14.920    385875968     24117248
       47104         8192          26.261    771751936     48234496
       47104        16384          47.891   1543503872     96468992
       51200            1           6.321       102400         6400
       51200            2           4.040       204800        12800
       51200            4           4.890       409600        25600
       51200            8           3.890       819200        51200
       51200           16           4.260      1638400       102400
       51200           32           4.940      3276800       204800
       51200           64           4.250      6553600       409600
       51200          128           8.231     13107200       819200
       51200          256           4.980     26214400      1638400
       51200          512           6.480     52428800      3276800
       51200         1024          13.081    104857600      6553600
       51200         2048          10.620    209715200     13107200
       51200         4096          15.181    419430400     26214400
       51200         8192          27.590    838860800     52428800
       51200        16384          51.291   1677721600    104857600
       56320            1           4.330       112640         7040
       56320            2           6.630       225280        14080
       56320            4           6.150       450560        28160
       56320            8           4.830       901120        56320
       56320           16           5.540      1802240       112640
       56320           32           4.540      3604480       225280
       56320           64           4.620      7208960       450560
       56320          128           4.660     14417920       901120
       56320          256           6.620     28835840      1802240
       56320          512           5.870     57671680      3604480
       56320         1024           7.700    115343360      7208960
       56320         2048          10.070    230686720     14417920
       56320         4096          19.740    461373440     28835840
       56320         8192          29.700    922746880     57671680
       56320        16384          64.542   1845493760    115343360
       61440            1           4.770       122880         7680
       61440            2           4.390       245760        15360
       61440            4           5.480       491520        30720
       61440            8           4.961       983040        61440
       61440           16           4.560      1966080       122880
       61440           32           8.030      3932160       245760
       61440           64           4.300      7864320       491520
       61440          128           5.450     15728640       983040
       61440          256           5.100     31457280      1966080
       61440          512           7.541     62914560      3932160
       61440         1024           8.160    125829120      7864320
       61440         2048          12.970    251658240     15728640
       61440         4096          20.301    503316480     31457280
       61440         8192          35.421   1006632960     62914560
       61440        16384          65.832   2013265920    125829120
       67584            1           5.300       135168         8448
       67584            2           5.020       270336        16896
       67584            4           4.340       540672        33792
       67584            8           5.581      1081344        67584
       67584           16           4.760      2162688       135168
       67584           32           4.540      4325376       270336
       67584           64           5.060      8650752       540672
       67584          128           4.550     17301504      1081344
       67584          256           5.730     34603008      2162688
       67584          512           6.230     69206016      4325376
       67584         1024           9.581    138412032      8650752
       67584         2048          11.930    276824064     17301504
       67584         4096          20.841    553648128     34603008
       67584         8192          36.591   1107296256     69206016
       67584        16384          69.502   2214592512    138412032
       73728            1           4.860       147456         9216
       73728            2           3.970       294912        18432
       73728            4           5.650       589824        36864
       73728            8           4.440      1179648        73728
       73728           16           5.450      2359296       147456
       73728           32           4.250      4718592       294912
       73728           64           5.000      9437184       589824
       73728          128           4.370     18874368      1179648
       73728          256           5.060     37748736      2359296
       73728          512           7.200     75497472      4718592
       73728         1024           8.530    150994944      9437184
       73728         2048          14.470    301989888     18874368
       73728         4096          22.041    603979776     37748736
       73728         8192          41.081   1207959552     75497472
       73728        16384          80.542   2415919104    150994944
       80896            1           5.060       161792        10112
       80896            2           5.210       323584        20224
       80896            4           4.450       647168        40448
       80896            8           6.590      1294336        80896
       80896           16           4.050      2588672       161792
       80896           32           6.240      5177344       323584
       80896           64           4.490     10354688       647168
       80896          128           4.970     20709376      1294336
       80896          256           5.460     41418752      2588672
       80896          512           6.540     82837504      5177344
       80896         1024           9.561    165675008     10354688
       80896         2048          13.410    331350016     20709376
       80896         4096          23.981    662700032     41418752
       80896         8192          41.161   1325400064     82837504
       80896        16384          79.282   2650800128    165675008
       88064            1           4.000       176128        11008
       88064            2           4.270       352256        22016
       88064            4           5.280       704512        44032
       88064            8           4.620      1409024        88064
       88064           16           4.960      2818048       176128
       88064           32           4.560      5636096       352256
       88064           64           5.590     11272192       704512
       88064          128           4.660     22544384      1409024
       88064          256           5.640     45088768      2818048
       88064          512           6.840     90177536      5636096
       88064         1024           8.600    180355072     11272192
       88064         2048          14.200    360710144     22544384
       88064         4096          23.771    721420288     45088768
       88064         8192          44.041   1442840576     90177536
       96256            1           4.580       192512        12032
       96256            2           4.420       385024        24064
       96256            4           6.270       770048        48128
       96256            8           4.211      1540096        96256
       96256           16           4.500      3080192       192512
       96256           32           4.270      6160384       385024
       96256           64           5.630     12320768       770048
       96256          128           4.850     24641536      1540096
       96256          256           6.220     49283072      3080192
       96256          512           6.950     98566144      6160384
       96256         1024           9.821    197132288     12320768
       96256         2048          14.680    394264576     24641536
       96256         4096         557.314    788529152     49283072
       96256         8192          46.531   1577058304     98566144
      105472            1           3.760       210944        13184
      105472            2           5.990       421888        26368
      105472            4           4.260       843776        52736
      105472            8           4.670      1687552       105472
      105472           16           4.400      3375104       210944
      105472           32           4.360      6750208       421888
      105472           64           5.390     13500416       843776
      105472          128           5.010     27000832      1687552
      105472          256           6.581     54001664      3375104
      105472          512           7.270    108003328      6750208
      105472         1024          10.450    216006656     13500416
      105472         2048          15.281    432013312     27000832
      105472         4096          27.531    864026624     54001664
      105472         8192          49.481   1728053248    108003328
      115712            1           4.300       231424        14464
      115712            2           5.260       462848        28928
      115712            4           4.440       925696        57856
      115712            8           5.320      1851392       115712
      115712           16           4.480      3702784       231424
      115712           32           4.780      7405568       462848
      115712           64           4.470     14811136       925696
      115712          128           6.340     29622272      1851392
      115712          256           6.800     59244544      3702784
      115712          512           8.510    118489088      7405568
      115712         1024          14.430    236978176     14811136
      115712         2048          31.120    473956352     29622272
      115712         4096          39.651    947912704     59244544
      115712         8192          72.962   1895825408    118489088
      126976            1           5.440       253952        15872
      126976            2           4.350       507904        31744
      126976            4           5.421      1015808        63488
      126976            8           5.190      2031616       126976
      126976           16           4.100      4063232       253952
      126976           32           5.920      8126464       507904
      126976           64           4.781     16252928      1015808
      126976          128           5.480     32505856      2031616
      126976          256           6.810     65011712      4063232
      126976          512           8.931    130023424      8126464
      126976         1024          14.630    260046848     16252928
      126976         2048          24.421    520093696     32505856
      126976         4096          41.971   1040187392     65011712
      126976         8192          80.112   2080374784    130023424
      139264            1           8.580       278528        17408
      139264            2           4.191       557056        34816
      139264            4           4.160      1114112        69632
      139264            8           3.750      2228224       139264
      139264           16           4.330      4456448       278528
      139264           32           5.831      8912896       557056
      139264           64           4.590     17825792      1114112
      139264          128           7.170     35651584      2228224
      139264          256           6.660     71303168      4456448
      139264          512          10.060    142606336      8912896
      139264         1024          14.620    285212672     17825792
      139264         2048          24.091    570425344     35651584
      139264         4096          43.621   1140850688     71303168
      139264         8192          83.223   2281701376    142606336
      152576            1           4.721       305152        19072
      152576            2           4.520       610304        38144
      152576            4           6.660      1220608        76288
      152576            8           4.460      2441216       152576
      152576           16           5.110      4882432       305152
      152576           32           5.520      9764864       610304
      152576           64           4.780     19529728      1220608
      152576          128           6.261     39059456      2441216
      152576          256           6.550     78118912      4882432
      152576          512          10.800    156237824      9764864
      152576         1024          14.481    312475648     19529728
      152576         2048          25.401    624951296     39059456
      152576         4096          46.401   1249902592     78118912
      152576         8192          88.652   2499805184    156237824
      166912            1           4.610       333824        20864
      166912            2           4.661       667648        41728
      166912            4           9.250      1335296        83456
      166912            8           9.420      2670592       166912
      166912           16           5.520      5341184       333824
      166912           32           3.550     10682368       667648
      166912           64           5.190     21364736      1335296
      166912          128           6.421     42729472      2670592
      166912          256           7.050     85458944      5341184
      166912          512          10.580    170917888     10682368
      166912         1024          15.201    341835776     21364736
      166912         2048          28.241    683671552     42729472
      166912         4096          48.641   1367343104     85458944
      183296            1           5.270       366592        22912
      183296            2           4.430       733184        45824
      183296            4           4.420      1466368        91648
      183296            8           5.350      2932736       183296
      183296           16           4.290      5865472       366592
      183296           32           5.760     11730944       733184
      183296           64           5.000     23461888      1466368
      183296          128           8.240     46923776      2932736
      183296          256           6.930     93847552      5865472
      183296          512          10.801    187695104     11730944
      183296         1024          16.290    375390208     23461888
      183296         2048          28.191    750780416     46923776
      183296         4096          53.152   1501560832     93847552
      200704            1           9.010       401408        25088
      200704            2           6.120       802816        50176
      200704            4           4.520      1605632       100352
      200704            8           4.720      3211264       200704
      200704           16           4.271      6422528       401408
      200704           32           5.530     12845056       802816
      200704           64           4.800     25690112      1605632
      200704          128           6.090     51380224      3211264
      200704          256           8.480    102760448      6422528
      200704          512          10.290    205520896     12845056
      200704         1024          20.021    411041792     25690112
      200704         2048          30.311    822083584     51380224
      200704         4096          56.121   1644167168    102760448
      220160            1           3.810       440320        27520
      220160            2           4.220       880640        55040
      220160            4           5.250      1761280       110080
      220160            8           4.250      3522560       220160
      220160           16           6.250      7045120       440320
      220160           32           4.490     14090240       880640
      220160           64           5.621     28180480      1761280
      220160          128           6.220     56360960      3522560
      220160          256           7.720    112721920      7045120
      220160          512          10.711    225443840     14090240
      220160         1024          29.230    450887680     28180480
      220160         2048          32.890    901775360     56360960
      220160         4096          59.151   1803550720    112721920
      241664            1           6.070       483328        30208
      241664            2           4.200       966656        60416
      241664            4           5.511      1933312       120832
      241664            8           4.750      3866624       241664
      241664           16           4.420      7733248       483328
      241664           32           5.340     15466496       966656
      241664           64           5.381     30932992      1933312
      241664          128           7.700     61865984      3866624
      241664          256           7.980    123731968      7733248
      241664          512          12.281    247463936     15466496
      241664         1024          19.300    494927872     30932992
      241664         2048          34.661    989855744     61865984
      241664         4096          65.612   1979711488    123731968
      265216            1           3.950       530432        33152
      265216            2           4.370      1060864        66304
      265216            4           4.221      2121728       132608
      265216            8           5.230      4243456       265216
      265216           16           4.360      8486912       530432
      265216           32           4.720     16973824      1060864
      265216           64           5.991     33947648      2121728
      265216          128           6.760     67895296      4243456
      265216          256           9.040    135790592      8486912
      265216          512          13.721    271581184     16973824
      265216         1024          23.120    543162368     33947648
      265216         2048          40.761   1086324736     67895296
      265216         4096          78.072   2172649472    135790592
      290816            1           6.621       581632        36352
      290816            2           3.760      1163264        72704
      290816            4           5.540      2326528       145408
      290816            8           4.340      4653056       290816
      290816           16           6.270      9306112       581632
      290816           32           4.940     18612224      1163264
      290816           64           6.190     37224448      2326528
      290816          128           6.341     74448896      4653056
      290816          256           9.330    148897792      9306112
      290816          512          13.370    297795584     18612224
      290816         1024          21.800    595591168     37224448
      290816         2048          40.551   1191182336     74448896
      290816         4096          75.012   2382364672    148897792
      319488            1           7.330       638976        39936
      319488            2           4.190      1277952        79872
      319488            4           4.990      2555904       159744
      319488            8           4.990      5111808       319488
      319488           16           4.630     10223616       638976
      319488           32           5.070     20447232      1277952
      319488           64           5.381     40894464      2555904
      319488          128           7.670     81788928      5111808
      319488          256           8.630    163577856     10223616
      319488          512          14.811    327155712     20447232
      319488         1024          23.550    654311424     40894464
      319488         2048          42.881   1308622848     81788928
      319488         4096          80.412   2617245696    163577856
      351232            1           5.440       702464        43904
      351232            2           5.180      1404928        87808
      351232            4           5.380      2809856       175616
      351232            8           5.460      5619712       351232
      351232           16           4.681     11239424       702464
      351232           32           4.830     22478848      1404928
      351232           64           5.550     44957696      2809856
      351232          128           7.200     89915392      5619712
      351232          256           9.250    179830784     11239424
      351232          512          14.310    359661568     22478848
      351232         1024          25.391    719323136     44957696
      351232         2048          45.091   1438646272     89915392
      386048            1           7.220       772096        48256
      386048            2           4.080      1544192        96512
      386048            4           5.600      3088384       193024
      386048            8           4.880      6176768       386048
      386048           16           4.670     12353536       772096
      386048           32           6.140     24707072      1544192
      386048           64           6.060     49414144      3088384
      386048          128           8.000     98828288      6176768
      386048          256           9.880    197656576     12353536
      386048          512          15.521    395313152     24707072
      386048         1024          27.571    790626304     49414144
      386048         2048          49.641   1581252608     98828288
      423936            1           8.410       847872        52992
      423936            2           4.520      1695744       105984
      423936            4           5.930      3391488       211968
      423936            8           4.290      6782976       423936
      423936           16           5.361     13565952       847872
      423936           32           4.970     27131904      1695744
      423936           64           6.520     54263808      3391488
      423936          128           7.300    108527616      6782976
      423936          256          10.590    217055232     13565952
      423936          512          25.201    434110464     27131904
      423936         1024          28.950    868220928     54263808
      423936         2048          55.081   1736441856    108527616
      465920            1           5.440       931840        58240
      465920            2          15.830      1863680       116480
      465920            4           5.320      3727360       232960
      465920            8           4.710      7454720       465920
      465920           16           4.840     14909440       931840
      465920           32           4.790     29818880      1863680
      465920           64           7.180     59637760      3727360
      465920          128           7.281    119275520      7454720
      465920          256          12.310    238551040     14909440
      465920          512          17.521    477102080     29818880
      465920         1024          31.381    954204160     59637760
      465920         2048          56.931   1908408320    119275520
      512000            1           5.430      1024000        64000
      512000            2           5.420      2048000       128000
      512000            4           4.500      4096000       256000
      512000            8           6.540      8192000       512000
      512000           16           5.370     16384000      1024000
      512000           32           5.330     32768000      2048000
      512000           64           6.460     65536000      4096000
      512000          128           8.131    131072000      8192000
      512000          256          11.850    262144000     16384000
      512000          512          19.311    524288000     32768000
      512000         1024          33.381   1048576000     65536000
      512000         2048          62.251   2097152000    131072000
      563200            1           8.580      1126400        70400
      563200            2           4.380      2252800       140800
      563200            4           4.760      4505600       281600
      563200            8           5.590      9011200       563200
      563200           16           4.680     18022400      1126400
      563200           32           6.111     36044800      2252800
      563200           64           6.210     72089600      4505600
      563200          128           8.330    144179200      9011200
      563200          256          12.051    288358400     18022400
      563200          512          20.490    576716800     36044800
      563200         1024          35.591   1153433600     72089600
      563200         2048          67.332   2306867200    144179200
      619520            1           8.700      1239040        77440
      619520            2           4.260      2478080       154880
      619520            4           6.730      4956160       309760
      619520            8           4.430      9912320       619520
      619520           16           7.160     19824640      1239040
      619520           32           5.261     39649280      2478080
      619520           64           6.390     79298560      4956160
      619520          128           8.890    158597120      9912320
      619520          256          12.901    317194240     19824640
      619520          512          22.660    634388480     39649280
      619520         1024          39.951   1268776960     79298560
      619520         2048          76.792   2537553920    158597120
      680960            1           6.650      1361920        85120
      680960            2           4.201      2723840       170240
      680960            4           5.180      5447680       340480
      680960            8           4.990     10895360       680960
      680960           16           5.020     21790720      1361920
      680960           32           5.320     43581440      2723840
      680960           64           7.420     87162880      5447680
      680960          128           8.920    174325760     10895360
      680960          256          14.711    348651520     21790720
      680960          512          23.121    697303040     43581440
      680960         1024          42.071   1394606080     87162880
      748544            1           6.050      1497088        93568
      748544            2           4.300      2994176       187136
      748544            4           5.230      5988352       374272
      748544            8           5.000     11976704       748544
      748544           16           7.441     23953408      1497088
      748544           32           6.230     47906816      2994176
      748544           64           7.260     95813632      5988352
      748544          128           9.841    191627264     11976704
      748544          256          14.510    383254528     23953408
      748544          512          25.441    766509056     47906816
      748544         1024          45.191   1533018112     95813632
      823296            1           8.470      1646592       102912
      823296            2           4.230      3293184       205824
      823296            4           5.130      6586368       411648
      823296            8           4.820     13172736       823296
      823296           16           5.420     26345472      1646592
      823296           32           5.330     52690944      3293184
      823296           64           7.190    105381888      6586368
      823296          128          10.960    210763776     13172736
      823296          256          15.571    421527552     26345472
      823296          512          27.391    843055104     52690944
      823296         1024          49.371   1686110208    105381888
      905216            1           6.641      1810432       113152
      905216            2           4.190      3620864       226304
      905216            4           4.290      7241728       452608
      905216            8           6.220     14483456       905216
      905216           16           4.920     28966912      1810432
      905216           32           7.210     57933824      3620864
      905216           64           7.240    115867648      7241728
      905216          128          11.630    231735296     14483456
      905216          256          16.490    463470592     28966912
      905216          512          29.121    926941184     57933824
      905216         1024          63.382   1853882368    115867648
      995328            1           5.601      1990656       124416
      995328            2           4.970      3981312       248832
      995328            4           4.470      7962624       497664
      995328            8           6.110     15925248       995328
      995328           16           5.210     31850496      1990656
      995328           32           6.230     63700992      3981312
      995328           64           8.021    127401984      7962624
      995328          128          11.050    254803968     15925248
      995328          256          18.131    509607936     31850496
      995328          512          31.030   1019215872     63700992
      995328         1024          58.521   2038431744    127401984
     1094656            1           7.040      2189312       136832
     1094656            2           7.261      4378624       273664
     1094656            4           4.450      8757248       547328
     1094656            8           5.410     17514496      1094656
     1094656           16           5.190     35028992      2189312
     1094656           32           6.400     70057984      4378624
     1094656           64           8.850    140115968      8757248
     1094656          128          12.021    280231936     17514496
     1094656          256          20.420    560463872     35028992
     1094656          512          35.321   1120927744     70057984
     1094656         1024          66.902   2241855488    140115968
     1203200            1           7.040      2406400       150400
     1203200            2           4.790      4812800       300800
     1203200            4           5.740      9625600       601600
     1203200            8           5.020     19251200      1203200
     1203200           16           8.241     38502400      2406400
     1203200           32           6.330     77004800      4812800
     1203200           64           9.290    154009600      9625600
     1203200          128          12.461    308019200     19251200
     1203200          256          20.380    616038400     38502400
     1203200          512          37.150   1232076800     77004800
     1203200         1024          68.611   2464153600    154009600
     1323008            1          10.450      2646016       165376
     1323008            2           4.590      5292032       330752
     1323008            4           5.980     10584064       661504
     1323008            8           4.800     21168128      1323008
     1323008           16           5.900     42336256      2646016
     1323008           32           7.361     84672512      5292032
     1323008           64           9.640    169345024     10584064
     1323008          128          13.430    338690048     21168128
     1323008          256          22.000    677380096     42336256
     1323008          512          41.471   1354760192     84672512
     1323008         1024          75.492   2709520384    169345024
     1455104            1           8.350      2910208       181888
     1455104            2           4.170      5820416       363776
     1455104            4           5.510     11640832       727552
     1455104            8           5.170     23281664      1455104
     1455104           16           7.170     46563328      2910208
     1455104           32           8.910     93126656      5820416
     1455104           64           9.610    186253312     11640832
     1455104          128          16.561    372506624     23281664
     1455104          256          24.500    745013248     46563328
     1455104          512          44.741   1490026496     93126656
     1600512            1           6.960      3201024       200064
     1600512            2           4.680      6402048       400128
     1600512            4           5.270     12804096       800256
     1600512            8           5.250     25608192      1600512
     1600512           16           7.490     51216384      3201024
     1600512           32           7.080    102432768      6402048
     1600512           64          11.401    204865536     12804096
     1600512          128          15.000    409731072     25608192
     1600512          256          26.751    819462144     51216384
     1600512          512          48.301   1638924288    102432768
     1760256            1           8.240      3520512       220032
     1760256            2           6.230      7041024       440064
     1760256            4           4.460     14082048       880128
     1760256            8           7.090     28164096      1760256
     1760256           16           5.921     56328192      3520512
     1760256           32           7.580    112656384      7041024
     1760256           64          11.120    225312768     14082048
     1760256          128          16.941    450625536     28164096
     1760256          256          29.721    901251072     56328192
     1760256          512          52.831   1802502144    112656384
     1935360            1          12.100      3870720       241920
     1935360            2           4.680      7741440       483840
     1935360            4           6.640     15482880       967680
     1935360            8           5.060     30965760      1935360
     1935360           16           6.540     61931520      3870720
     1935360           32           8.010    123863040      7741440
     1935360           64          10.850    247726080     15482880
     1935360          128          19.001    495452160     30965760
     1935360          256          30.991    990904320     61931520
     1935360          512          59.071   1981808640    123863040
     2128896            1           9.410      4257792       266112
     2128896            2           6.681      8515584       532224
     2128896            4           4.970     17031168      1064448
     2128896            8           5.550     34062336      2128896
     2128896           16           6.590     68124672      4257792
     2128896           32           8.190    136249344      8515584
     2128896           64          12.790    272498688     17031168
     2128896          128          18.851    544997376     34062336
     2128896          256          42.961   1089994752     68124672
     2128896          512          62.152   2179989504    136249344
     2340864            1           9.181      4681728       292608
     2340864            2           5.650      9363456       585216
     2340864            4           7.541     18726912      1170432
     2340864            8           7.110     37453824      2340864
     2340864           16           6.670     74907648      4681728
     2340864           32           9.461    149815296      9363456
     2340864           64          12.600    299630592     18726912
     2340864          128          20.811    599261184     37453824
     2340864          256          37.461   1198522368     74907648
     2340864          512          67.892   2397044736    149815296
     2574336            1          10.980      5148672       321792
     2574336            2           4.470     10297344       643584
     2574336            4           7.300     20594688      1287168
     2574336            8           6.450     41189376      2574336
     2574336           16           7.951     82378752      5148672
     2574336           32           8.980    164757504     10297344
     2574336           64          13.700    329515008     20594688
     2574336          128          21.850    659030016     41189376
     2574336          256          39.161   1318060032     82378752
     2574336          512          74.792   2636120064    164757504
     2831360            1          14.200      5662720       353920
     2831360            2           6.260     11325440       707840
     2831360            4           5.170     22650880      1415680
     2831360            8           6.660     45301760      2831360
     2831360           16           6.760     90603520      5662720
     2831360           32           9.911    181207040     11325440
     2831360           64          14.420    362414080     22650880
     2831360          128          23.461    724828160     45301760
     2831360          256          44.211   1449656320     90603520
     3113984            1          11.380      6227968       389248
     3113984            2           6.121     12455936       778496
     3113984            4           5.810     24911872      1556992
     3113984            8           6.650     49823744      3113984
     3113984           16           7.560     99647488      6227968
     3113984           32          10.210    199294976     12455936
     3113984           64          16.560    398589952     24911872
     3113984          128          25.811    797179904     49823744
     3113984          256          47.851   1594359808     99647488
     3425280            1          10.630      6850560       428160
     3425280            2           5.160     13701120       856320
     3425280            4           5.920     27402240      1712640
     3425280            8           6.360     54804480      3425280
     3425280           16           8.200    109608960      6850560
     3425280           32          10.340    219217920     13701120
     3425280           64          16.991    438435840     27402240
     3425280          128          27.661    876871680     54804480
     3425280          256          51.251   1753743360    109608960
     3767296            1          11.841      7534592       470912
     3767296            2           5.530     15069184       941824
     3767296            4           5.770     30138368      1883648
     3767296            8           6.611     60276736      3767296
     3767296           16           7.980    120553472      7534592
     3767296           32          11.400    241106944     15069184
     3767296           64          18.331    482213888     30138368
     3767296          128          30.301    964427776     60276736
     3767296          256          55.751   1928855552    120553472
     4143104            1          12.930      8286208       517888
     4143104            2           5.730     16572416      1035776
     4143104            4           6.250     33144832      2071552
     4143104            8           6.660     66289664      4143104
     4143104           16           9.421    132579328      8286208
     4143104           32          12.140    265158656     16572416
     4143104           64          20.181    530317312     33144832
     4143104          128          32.811   1060634624     66289664
     4143104          256          60.641   2121269248    132579328
     4556800            1          14.000      9113600       569600
     4556800            2           5.381     18227200      1139200
     4556800            4           7.550     36454400      2278400
     4556800            8           7.020     72908800      4556800
     4556800           16          10.391    145817600      9113600
     4556800           32          12.940    291635200     18227200
     4556800           64          20.481    583270400     36454400
     4556800          128          36.131   1166540800     72908800
     4556800          256          65.822   2333081600    145817600
     5012480            1          15.160     10024960       626560
     5012480            2           5.370     20049920      1253120
     5012480            4           6.730     40099840      2506240
     5012480            8           7.480     80199680      5012480
     5012480           16          10.490    160399360     10024960
     5012480           32          13.280    320798720     20049920
     5012480           64          22.161    641597440     40099840
     5012480          128          39.291   1283194880     80199680
     5012480          256          71.852   2566389760    160399360
     5513216            1          17.121     11026432       689152
     5513216            2           5.920     22052864      1378304
     5513216            4           7.410     44105728      2756608
     5513216            8           7.970     88211456      5513216
     5513216           16          10.610    176422912     11026432
     5513216           32          14.511    352845824     22052864
     5513216           64          33.461    705691648     44105728
     5513216          128          41.631   1411383296     88211456
     6064128            1          17.101     12128256       758016
     6064128            2           6.470     24256512      1516032
     6064128            4           6.710     48513024      3032064
     6064128            8           9.420     97026048      6064128
     6064128           16          11.090    194052096     12128256
     6064128           32          15.720    388104192     24256512
     6064128           64          25.371    776208384     48513024
     6064128          128          45.981   1552416768     97026048
     6670336            1          19.800     13340672       833792
     6670336            2           6.541     26681344      1667584
     6670336            4           8.640     53362688      3335168
     6670336            8           8.900    106725376      6670336
     6670336           16          11.931    213450752     13340672
     6670336           32          16.880    426901504     26681344
     6670336           64          27.881    853803008     53362688
     6670336          128          49.662   1707606016    106725376
     7336960            1          19.090     14673920       917120
     7336960            2           7.161     29347840      1834240
     7336960            4           7.110     58695680      3668480
     7336960            8          10.290    117391360      7336960
     7336960           16          12.111    234782720     14673920
     7336960           32          18.510    469565440     29347840
     7336960           64          30.180    939130880     58695680
     7336960          128          54.342   1878261760    117391360
     8070144            1          23.501     16140288      1008768
     8070144            2          26.511     32280576      2017536
     8070144            4           8.710     64561152      4035072
     8070144            8           9.490    129122304      8070144
     8070144           16          12.930    258244608     16140288
     8070144           32          18.801    516489216     32280576
     8070144           64          32.741   1032978432     64561152
     8070144          128          59.271   2065956864    129122304
     8877056            1          26.601     17754112      1109632
     8877056            2           8.051     35508224      2219264
     8877056            4           8.230     71016448      4438528
     8877056            8          11.950    142032896      8877056
     8877056           16          13.611    284065792     17754112
     8877056           32          21.070    568131584     35508224
     8877056           64          35.520   1136263168     71016448
     8877056          128          64.471   2272526336    142032896
     9763840            1          25.611     19527680      1220480
     9763840            2           7.171     39055360      2440960
     9763840            4          10.020     78110720      4881920
     9763840            8          10.400    156221440      9763840
     9763840           16          15.311    312442880     19527680
     9763840           32          22.491    624885760     39055360
     9763840           64          39.771   1249771520     78110720
     9763840          128          70.532   2499543040    156221440
    10739712            1          26.730     21479424      1342464
    10739712            2           8.590     42958848      2684928
    10739712            4           8.600     85917696      5369856
    10739712            8          12.080    171835392     10739712
    10739712           16          15.350    343670784     21479424
    10739712           32          24.401    687341568     42958848
    10739712           64          41.721   1374683136     85917696
    11812864            1          28.941     23625728      1476608
    11812864            2           8.550     47251456      2953216
    11812864            4           9.281     94502912      5906432
    11812864            8          13.340    189005824     11812864
    11812864           16          16.251    378011648     23625728
    11812864           32          26.091    756023296     47251456
    11812864           64          44.981   1512046592     94502912
    12993536            1          33.421     25987072      1624192
    12993536            2           8.860     51974144      3248384
    12993536            4           9.810    103948288      6496768
    12993536            8          13.651    207896576     12993536
    12993536           16          17.800    415793152     25987072
    12993536           32          29.331    831586304     51974144
    12993536           64          49.651   1663172608    103948288
    14291968            1          37.101     28583936      1786496
    14291968            2           9.270     57167872      3572992
    14291968            4          10.130    114335744      7145984
    14291968            8          13.101    228671488     14291968
    14291968           16          18.980    457342976     28583936
    14291968           32          32.201    914685952     57167872
    14291968           64          53.742   1829371904    114335744
    15720448            1          45.022     31440896      1965056
    15720448            2           9.620     62881792      3930112
    15720448            4          11.150    125763584      7860224
    15720448            8          14.330    251527168     15720448
    15720448           16          21.121    503054336     31440896
    15720448           32          34.271   1006108672     62881792
    15720448           64          69.561   2012217344    125763584
    17292288            1          43.952     34584576      2161536
    17292288            2           9.490     69169152      4323072
    17292288            4          12.131    138338304      8646144
    17292288            8          27.020    276676608     17292288
    17292288           16          22.111    553353216     34584576
    17292288           32          36.811   1106706432     69169152
    17292288           64          64.802   2213412864    138338304
    19020800            1          47.291     38041600      2377600
    19020800            2          10.451     76083200      4755200
    19020800            4          12.470    152166400      9510400
    19020800            8          15.700    304332800     19020800
    19020800           16          24.160    608665600     38041600
    19020800           32          38.921   1217331200     76083200
    19020800           64          70.742   2434662400    152166400
    20922368            1          49.841     41844736      2615296
    20922368            2          11.320     83689472      5230592
    20922368            4          15.290    167378944     10461184
    20922368            8          17.870    334757888     20922368
    20922368           16          27.141    669515776     41844736
    20922368           32          43.031   1339031552     83689472
    20922368           64          76.992   2678063104    167378944
    23014400            1          55.641     46028800      2876800
    23014400            2          11.821     92057600      5753600
    23014400            4          14.380    184115200     11507200
    23014400            8          18.841    368230400     23014400
    23014400           16          29.451    736460800     46028800
    23014400           32          47.001   1472921600     92057600
    25315328            1          57.201     50630656      3164416
    25315328            2          11.960    101261312      6328832
    25315328            4          14.790    202522624     12657664
    25315328            8          21.040    405045248     25315328
    25315328           16          30.351    810090496     50630656
    25315328           32          51.731   1620180992    101261312
    27846656            1          66.662     55693312      3480832
    27846656            2          14.141    111386624      6961664
    27846656            4          16.470    222773248     13923328
    27846656            8          20.991    445546496     27846656
    27846656           16          33.071    891092992     55693312
    27846656           32          56.841   1782185984    111386624
    30630912            1          70.051     61261824      3828864
    30630912            2          13.590    122523648      7657728
    30630912            4          17.151    245047296     15315456
    30630912            8          23.540    490094592     30630912
    30630912           16          35.801    980189184     61261824
    30630912           32          61.021   1960378368    122523648
    33693696            1          78.232     67387392      4211712
    33693696            2          15.901    134774784      8423424
    33693696            4          18.080    269549568     16846848
    33693696            8          26.391    539099136     33693696
    33693696           16          38.931   1078198272     67387392
    33693696           32          66.162   2156396544    134774784
    37062656            1          84.772     74125312      4632832
    37062656            2          15.781    148250624      9265664
    37062656            4          20.470    296501248     18531328
    37062656            8          27.201    593002496     37062656
    37062656           16          43.271   1186004992     74125312
    37062656           32          72.692   2372009984    148250624
    40768512            1          94.462     81537024      5096064
    40768512            2          16.860    163074048     10192128
    40768512            4          21.241    326148096     20384256
    40768512            8          30.031    652296192     40768512
    40768512           16          58.391   1304592384     81537024
    40768512           32          80.132   2609184768    163074048
    44845056            1         131.453     89690112      5605632
    44845056            2          18.800    179380224     11211264
    44845056            4          22.480    358760448     22422528
    44845056            8          32.491    717520896     44845056
    44845056           16          50.522   1435041792     89690112
    49329152            1         127.354     98658304      6166144
    49329152            2          20.350    197316608     12332288
    49329152            4          24.180    394633216     24664576
    49329152            8          35.561    789266432     49329152
    49329152           16          55.282   1578532864     98658304
    54261760            1         125.474    108523520      6782720
    54261760            2          21.610    217047040     13565440
    54261760            4          26.430    434094080     27130880
    54261760            8          38.681    868188160     54261760
    54261760           16          59.882   1736376320    108523520
    59687936            1         135.113    119375872      7460992
    59687936            2          24.080    238751744     14921984
    59687936            4          29.591    477503488     29843968
    59687936            8          41.061    955006976     59687936
    59687936           16          66.042   1910013952    119375872
    65655808            1         146.114    131311616      8206976
    65655808            2          26.940    262623232     16413952
    65655808            4          31.840    525246464     32827904
    65655808            8          45.271   1050492928     65655808
    65655808           16          72.512   2100985856    131311616
    72220672            1         161.004    144441344      9027584
    72220672            2          31.250    288882688     18055168
    72220672            4          36.651    577765376     36110336
    72220672            8          49.801   1155530752     72220672
    72220672           16          78.712   2311061504    144441344
    79441920            1         175.874    158883840      9930240
    79441920            2          35.250    317767680     19860480
    79441920            4          39.051    635535360     39720960
    79441920            8          54.751   1271070720     79441920
    79441920           16          92.323   2542141440    158883840
    87386112            1         193.195    174772224     10923264
    87386112            2          40.951    349544448     21846528
    87386112            4          42.751    699088896     43693056
    87386112            8          67.922   1398177792     87386112
    96123904            1         204.635    192247808     12015488
    96123904            2          45.832    384495616     24030976
    96123904            4          67.981    768991232     48061952
    96123904            8          65.301   1537982464     96123904
   105736192            1         223.505    211472384     13217024
   105736192            2          58.361    422944768     26434048
   105736192            4          51.581    845889536     52868096
   105736192            8          71.841   1691779072    105736192
   116308992            1         230.956    232617984     14538624
   116308992            2          67.252    465235968     29077248
   116308992            4          60.401    930471936     58154496
   116308992            8          85.112   1860943872    116308992
   127939584            1         225.346    255879168     15992448
   127939584            2          73.442    511758336     31984896
   127939584            4          65.591   1023516672     63969792
   127939584            8          88.802   2047033344    127939584
   140733440            1         230.266    281466880     17591680
   140733440            2          88.652    562933760     35183360
   140733440            4          75.341   1125867520     70366720
   140733440            8          99.962   2251735040    140733440
   154806272            1         230.646    309612544     19350784
   154806272            2         106.813    619225088     38701568
   154806272            4          92.302   1238450176     77403136
   154806272            8         110.803   2476900352    154806272
   170286080            1         234.796    340572160     21285760
   170286080            2         122.534    681144320     42571520
   170286080            4          94.572   1362288640     85143040
   187314176            1         219.506    374628352     23414272
   187314176            2         127.753    749256704     46828544
   187314176            4         102.553   1498513408     93657088
   206045184            1         229.735    412090368     25755648
   206045184            2         143.203    824180736     51511296
   206045184            4         114.023   1648361472    103022592
   226649088            1         239.425    453298176     28331136
   226649088            2         166.584    906596352     56662272
   226649088            4         127.803   1813192704    113324544
   249313280            1         250.516    498626560     31164160
   249313280            2         178.504    997253120     62328320
   249313280            4         143.394   1994506240    124656640
   274244608            1         255.537    548489216     34280576
   274244608            2         205.755   1096978432     68561152
   274244608            4         160.124   2193956864    137122304
   301668352            1         279.137    603336704     37708544
   301668352            2         233.046   1206673408     75417088
   301668352            4         175.495   2413346816    150834176
   331834368            1         307.278    663668736     41479296
   331834368            2         256.026   1327337472     82958592
   331834368            4         183.334   2654674944    165917184
   365017088            1         331.088    730034176     45627136
   365017088            2         294.827   1460068352     91254272
   401518592            1         389.320    803037184     50189824
   401518592            2         377.220   1606074368    100379648
   441669632            1         434.851    883339264     55208704
   441669632            2         501.932   1766678528    110417408
   485835776            1         505.502    971671552     60729472
   485835776            2         585.064   1943343104    121458944
   534418432            1         583.185   1068836864     66802304
   534418432            2         758.199   2137673728    133604608
   587859968            1         687.287   1175719936     73482496
   587859968            2         970.754   2351439872    146964992
   646645760            1         848.641   1293291520     80830720
   646645760            2        1221.050   2586583040    161661440
   711310336            1        1034.546   1422620672     88913792
   782440448            1        1208.910   1564880896     97805056
   860684288            1        1492.357   1721368576    107585536
   946752512            1        1741.743   1893505024    118344064
  1041427456            1        1965.118   2082854912    130178432
  1145569280            1        2302.977   2291138560    143196160
  1260126208            1        2596.195   2520252416    157515776

META_DATA
FLOPS          1
MPI_PROCS      128
ERT_VERSION  1.1.0
HOSTNAME  ('tcn1101.local.snellius.surf.nl', [], ['172.18.60.87'])
UNAME  uname_result(system='Linux', node='tcn1101.local.snellius.surf.nl', release='4.18.0-372.80.1.el8_6.x86_64', version='#1 SMP Fri Nov 3 14:30:16 EDT 2023', machine='x86_64', processor='x86_64')
TIMESTAMP_DATA  1707409532.2371116
CONFIG  {'ERT_RESULTS': ['Results.snellius.genoa.01'], 'ERT_DRIVER': ['driver1'], 'ERT_KERNEL': ['kernel1'], 'ERT_MPI': ['True'], 'ERT_MPI_CFLAGS': [], 'ERT_MPI_LDFLAGS': [], 'ERT_OPENMP': ['False'], 'ERT_OPENMP_CFLAGS': ['-fopenmp'], 'ERT_OPENMP_LDFLAGS': ['-fopenmp'], 'ERT_FLOPS': ['1,2,4,8,16'], 'ERT_ALIGN': ['32'], 'ERT_CC': ['mpic++'], 'ERT_CFLAGS': ['-Ofast', '-fargument-noalias', '-mavx2'], 'ERT_LD': ['mpic++'], 'ERT_LDFLAGS': [], 'ERT_LDLIBS': [], 'ERT_RUN': ['export', 'OMP_NUM_THREADS=ERT_OPENMP_THREADS;', 'mpirun', '-np', 'ERT_MPI_PROCS', 'ERT_CODE'], 'ERT_PROCS_THREADS': ['64,128'], 'ERT_MPI_PROCS': ['64,128'], 'ERT_OPENMP_THREADS': [], 'ERT_NUM_EXPERIMENTS': ['5'], 'ERT_MEMORY_MAX': ['1357905920'], 'ERT_WORKING_SET_MIN': ['1'], 'ERT_TRIALS_MIN': ['1'], 'ERT_GNUPLOT': ['gnuplot'], 'ERT_GPU': [False], 'ERT_HIP': [False], 'ERT_PRECISION': ['FP64'], 'ERT_OCL': [False], 'ERT_SYCL': [False], 'ERT_WSS_MULT': [1.1]}
