fp64
        1024            1           6.070         2048          128
        1024            2           4.621         4096          256
        1024            4          43.041         8192          512
        1024            8           4.160        16384         1024
        1024           16           7.500        32768         2048
        1024           32           4.260        65536         4096
        1024           64           4.740       131072         8192
        1024          128           4.100       262144        16384
        1024          256           5.920       524288        32768
        1024          512           5.820      1048576        65536
        1024         1024           4.470      2097152       131072
        1024         2048           6.181      4194304       262144
        1024         4096           6.500      8388608       524288
        1024         8192          11.400     16777216      1048576
        1024        16384          15.011     33554432      2097152
        1024        32768          24.821     67108864      4194304
        1024        65536          45.181    134217728      8388608
        1024       131072          86.182    268435456     16777216
        1024       262144         170.975    536870912     33554432
        1024       524288         373.959   1073741824     67108864
        1024      1048576         660.406   2147483648    134217728
        2048            1           5.240         4096          256
        2048            2          13.710         8192          512
        2048            4           5.160        16384         1024
        2048            8           4.330        32768         2048
        2048           16           4.940        65536         4096
        2048           32           4.140       131072         8192
        2048           64         104.252       262144        16384
        2048          128           4.790       524288        32768
        2048          256           4.511      1048576        65536
        2048          512           4.530      2097152       131072
        2048         1024           7.660      4194304       262144
        2048         2048           5.620      8388608       524288
        2048         4096           6.530     16777216      1048576
        2048         8192          10.130     33554432      2097152
        2048        16384          14.511     67108864      4194304
        2048        32768          25.070    134217728      8388608
        2048        65536          44.901    268435456     16777216
        2048       131072          86.522    536870912     33554432
        2048       262144         167.564   1073741824     67108864
        2048       524288         331.648   2147483648    134217728
        3072            1           4.330         6144          384
        3072            2          34.940        12288          768
        3072            4           5.680        24576         1536
        3072            8          11.730        49152         3072
        3072           16           4.670        98304         6144
        3072           32           7.230       196608        12288
        3072           64           7.750       393216        24576
        3072          128           5.850       786432        49152
        3072          256           4.090      1572864        98304
        3072          512          11.700      3145728       196608
        3072         1024           8.050      6291456       393216
        3072         2048           7.510     12582912       786432
        3072         4096           5.820     25165824      1572864
        3072         8192           9.831     50331648      3145728
        3072        16384          19.210    100663296      6291456
        3072        32768          29.421    201326592     12582912
        3072        65536          45.632    402653184     25165824
        3072       131072          90.712    805306368     50331648
        3072       262144         185.945   1610612736    100663296
        4096            1           3.920         8192          512
        4096            2           4.380        16384         1024
        4096            4           4.460        32768         2048
        4096            8           4.421        65536         4096
        4096           16           5.350       131072         8192
        4096           32           4.280       262144        16384
        4096           64           5.770       524288        32768
        4096          128           4.890      1048576        65536
        4096          256           6.490      2097152       131072
        4096          512           4.330      4194304       262144
        4096         1024           5.151      8388608       524288
        4096         2048           5.340     16777216      1048576
        4096         4096           7.080     33554432      2097152
        4096         8192           9.731     67108864      4194304
        4096        16384          14.170    134217728      8388608
        4096        32768          25.371    268435456     16777216
        4096        65536          45.551    536870912     33554432
        4096       131072          86.482   1073741824     67108864
        4096       262144         212.555   2147483648    134217728
        5120            1           3.390        10240          640
        5120            2           4.550        20480         1280
        5120            4           4.450        40960         2560
        5120            8          15.790        81920         5120
        5120           16           4.400       163840        10240
        5120           32           5.160       327680        20480
        5120           64           3.910       655360        40960
        5120          128           4.641      1310720        81920
        5120          256           4.660      2621440       163840
        5120          512           4.270      5242880       327680
        5120         1024           4.710     10485760       655360
        5120         2048           5.501     20971520      1310720
        5120         4096          14.650     41943040      2621440
        5120         8192           9.230     83886080      5242880
        5120        16384          15.840    167772160     10485760
        5120        32768          24.841    335544320     20971520
        5120        65536          52.591    671088640     41943040
        5120       131072          86.623   1342177280     83886080
        5120       262144         168.374   2684354560    167772160
        6144            1           4.761        12288          768
        6144            2           4.040        24576         1536
        6144            4           8.330        49152         3072
        6144            8           5.031        98304         6144
        6144           16           5.670       196608        12288
        6144           32           4.380       393216        24576
        6144           64           3.970       786432        49152
        6144          128           5.570      1572864        98304
        6144          256           4.360      3145728       196608
        6144          512           6.490      6291456       393216
        6144         1024           4.320     12582912       786432
        6144         2048           5.800     25165824      1572864
        6144         4096           6.940     50331648      3145728
        6144         8192           9.610    100663296      6291456
        6144        16384          15.210    201326592     12582912
        6144        32768          27.301    402653184     25165824
        6144        65536          51.491    805306368     50331648
        6144       131072          98.963   1610612736    100663296
        7168            1          11.320        14336          896
        7168            2           4.150        28672         1792
        7168            4           4.470        57344         3584
        7168            8           4.410       114688         7168
        7168           16           4.100       229376        14336
        7168           32           5.841       458752        28672
        7168           64           4.340       917504        57344
        7168          128          13.620      1835008       114688
        7168          256           4.340      3670016       229376
        7168          512           4.710      7340032       458752
        7168         1024          43.461     14680064       917504
        7168         2048           6.101     29360128      1835008
        7168         4096           6.730     58720256      3670016
        7168         8192           9.040    117440512      7340032
        7168        16384          15.060    234881024     14680064
        7168        32768          24.701    469762048     29360128
        7168        65536          45.381    939524096     58720256
        7168       131072          85.882   1879048192    117440512
        8192            1           5.650        16384         1024
        8192            2           3.970        32768         2048
        8192            4           5.690        65536         4096
        8192            8           5.810       131072         8192
        8192           16           3.871       262144        16384
        8192           32           4.010       524288        32768
        8192           64           4.480      1048576        65536
        8192          128           4.580      2097152       131072
        8192          256           4.431      4194304       262144
        8192          512           5.040      8388608       524288
        8192         1024           5.360     16777216      1048576
        8192         2048           5.760     33554432      2097152
        8192         4096           8.030     67108864      4194304
        8192         8192          11.900    134217728      8388608
        8192        16384          20.471    268435456     16777216
        8192        32768          37.071    536870912     33554432
        8192        65536          71.622   1073741824     67108864
        8192       131072         139.503   2147483648    134217728
        9216            1           3.660        18432         1152
        9216            2           4.310        36864         2304
        9216            4           4.380        73728         4608
        9216            8           5.870       147456         9216
        9216           16           4.040       294912        18432
        9216           32           5.350       589824        36864
        9216           64           6.470      1179648        73728
        9216          128           4.520      2359296       147456
        9216          256           5.570      4718592       294912
        9216          512           4.670      9437184       589824
        9216         1024           6.711     18874368      1179648
        9216         2048           6.000     37748736      2359296
        9216         4096           8.490     75497472      4718592
        9216         8192          12.141    150994944      9437184
        9216        16384          21.310    301989888     18874368
        9216        32768          37.341    603979776     37748736
        9216        65536          71.722   1207959552     75497472
        9216       131072         149.214   2415919104    150994944
       10240            1           8.110        20480         1280
       10240            2           5.581        40960         2560
       10240            4           3.870        81920         5120
       10240            8           5.060       163840        10240
       10240           16           4.170       327680        20480
       10240           32           4.061       655360        40960
       10240           64          19.810      1310720        81920
       10240          128           4.361      2621440       163840
       10240          256           5.580      5242880       327680
       10240          512           4.220     10485760       655360
       10240         1024           5.510     20971520      1310720
       10240         2048           5.591     41943040      2621440
       10240         4096           7.570     83886080      5242880
       10240         8192           9.961    167772160     10485760
       10240        16384          17.060    335544320     20971520
       10240        32768          29.701    671088640     41943040
       10240        65536          58.122   1342177280     83886080
       10240       131072         112.813   2684354560    167772160
       11264            1           5.180        22528         1408
       11264            2           4.290        45056         2816
       11264            4           4.690        90112         5632
       11264            8           4.270       180224        11264
       11264           16           4.780       360448        22528
       11264           32           4.040       720896        45056
       11264           64           4.121      1441792        90112
       11264          128           4.270      2883584       180224
       11264          256           5.280      5767168       360448
       11264          512           4.260     11534336       720896
       11264         1024           5.081     23068672      1441792
       11264         2048           6.090     46137344      2883584
       11264         4096           6.580     92274688      5767168
       11264         8192           9.901    184549376     11534336
       11264        16384          14.720    369098752     23068672
       11264        32768          26.231    738197504     46137344
       11264        65536          45.071   1476395008     92274688
       12288            1           5.170        24576         1536
       12288            2          10.050        49152         3072
       12288            4           4.140        98304         6144
       12288            8           6.961       196608        12288
       12288           16          10.190       393216        24576
       12288           32          18.691       786432        49152
       12288           64           9.580      1572864        98304
       12288          128           4.770      3145728       196608
       12288          256           4.060      6291456       393216
       12288          512           5.100     12582912       786432
       12288         1024           5.850     25165824      1572864
       12288         2048           6.460     50331648      3145728
       12288         4096          13.450    100663296      6291456
       12288         8192          12.370    201326592     12582912
       12288        16384          34.660    402653184     25165824
       12288        32768          38.601    805306368     50331648
       12288        65536          72.902   1610612736    100663296
       13312            1           4.910        26624         1664
       13312            2           4.170        53248         3328
       13312            4           4.660       106496         6656
       13312            8           4.150       212992        13312
       13312           16           7.091       425984        26624
       13312           32           4.720       851968        53248
       13312           64           6.500      1703936       106496
       13312          128           4.480      3407872       212992
       13312          256           7.290      6815744       425984
       13312          512           4.610     13631488       851968
       13312         1024          10.750     27262976      1703936
       13312         2048           6.570     54525952      3407872
       13312         4096          11.210    109051904      6815744
       13312         8192          14.501    218103808     13631488
       13312        16384          25.051    436207616     27262976
       13312        32768          44.021    872415232     54525952
       13312        65536          99.132   1744830464    109051904
       14336            1           6.270        28672         1792
       14336            2           4.930        57344         3584
       14336            4           4.100       114688         7168
       14336            8           7.221       229376        14336
       14336           16           4.850       458752        28672
       14336           32           5.040       917504        57344
       14336           64           4.720      1835008       114688
       14336          128           4.890      3670016       229376
       14336          256           4.160      7340032       458752
       14336          512           4.480     14680064       917504
       14336         1024           6.450     29360128      1835008
       14336         2048           6.220     58720256      3670016
       14336         4096           8.800    117440512      7340032
       14336         8192          12.551    234881024     14680064
       14336        16384          20.930    469762048     29360128
       14336        32768          37.771    939524096     58720256
       14336        65536          72.092   1879048192    117440512
       15360            1           3.660        30720         1920
       15360            2           3.991        61440         3840
       15360            4           6.570       122880         7680
       15360            8           4.410       245760        15360
       15360           16          11.200       491520        30720
       15360           32           4.260       983040        61440
       15360           64           4.440      1966080       122880
       15360          128           3.640      3932160       245760
       15360          256           4.040      7864320       491520
       15360          512           5.280     15728640       983040
       15360         1024          10.450     31457280      1966080
       15360         2048           8.061     62914560      3932160
       15360         4096           7.370    125829120      7864320
       15360         8192          14.231    251658240     15728640
       15360        16384          20.330    503316480     31457280
       15360        32768          42.001   1006632960     62914560
       15360        65536          71.631   2013265920    125829120
       16384            1           3.560        32768         2048
       16384            2           4.840        65536         4096
       16384            4           4.250       131072         8192
       16384            8           5.580       262144        16384
       16384           16           3.621       524288        32768
       16384           32          27.200      1048576        65536
       16384           64           4.620      2097152       131072
       16384          128           4.570      4194304       262144
       16384          256           5.260      8388608       524288
       16384          512           4.890     16777216      1048576
       16384         1024           7.580     33554432      2097152
       16384         2048           6.830     67108864      4194304
       16384         4096          10.011    134217728      8388608
       16384         8192          15.890    268435456     16777216
       16384        16384          27.761    536870912     33554432
       16384        32768          50.171   1073741824     67108864
       16384        65536          98.962   2147483648    134217728
       17408            1           9.400        34816         2176
       17408            2           3.890        69632         4352
       17408            4           6.220       139264         8704
       17408            8           4.270       278528        17408
       17408           16           4.531       557056        34816
       17408           32           4.110      1114112        69632
       17408           64           4.090      2228224       139264
       17408          128           5.430      4456448       278528
       17408          256           4.800      8912896       557056
       17408          512           7.400     17825792      1114112
       17408         1024           5.820     35651584      2228224
       17408         2048           7.721     71303168      4456448
       17408         4096          13.260    142606336      8912896
       17408         8192          15.411    285212672     17825792
       17408        16384          26.590    570425344     35651584
       17408        32768          51.021   1140850688     71303168
       17408        65536          99.073   2281701376    142606336
       18432            1           2.930        36864         2304
       18432            2           4.820        73728         4608
       18432            4           4.030       147456         9216
       18432            8           5.451       294912        18432
       18432           16           5.470       589824        36864
       18432           32           4.360      1179648        73728
       18432           64           5.360      2359296       147456
       18432          128           4.381      4718592       294912
       18432          256           5.830      9437184       589824
       18432          512           4.900     18874368      1179648
       18432         1024           5.740     37748736      2359296
       18432         2048           6.050     75497472      4718592
       18432         4096          13.430    150994944      9437184
       18432         8192          15.451    301989888     18874368
       18432        16384          27.301    603979776     37748736
       18432        32768          88.932   1207959552     75497472
       18432        65536          98.733   2415919104    150994944
       19456            1           7.230        38912         2432
       19456            2           7.050        77824         4864
       19456            4           4.420       155648         9728
       19456            8           7.150       311296        19456
       19456           16           9.190       622592        38912
       19456           32           9.920      1245184        77824
       19456           64           2.940      2490368       155648
       19456          128           5.230      4980736       311296
       19456          256           4.430      9961472       622592
       19456          512           5.430     19922944      1245184
       19456         1024           5.541     39845888      2490368
       19456         2048           6.250     79691776      4980736
       19456         4096           9.170    159383552      9961472
       19456         8192          13.771    318767104     19922944
       19456        16384          45.651    637534208     39845888
       19456        32768          88.612   1275068416     79691776
       19456        65536          86.102   2550136832    159383552
       20480            1           4.681        40960         2560
       20480            2           4.570        81920         5120
       20480            4           4.580       163840        10240
       20480            8           9.081       327680        20480
       20480           16           7.970       655360        40960
       20480           32           4.720      1310720        81920
       20480           64          20.211      2621440       163840
       20480          128           4.660      5242880       327680
       20480          256           4.640     10485760       655360
       20480          512           4.770     20971520      1310720
       20480         1024           5.790     41943040      2621440
       20480         2048           6.950     83886080      5242880
       20480         4096          10.781    167772160     10485760
       20480         8192          18.600    335544320     20971520
       20480        16384          31.421    671088640     41943040
       20480        32768          59.482   1342177280     83886080
       20480        65536         125.543   2684354560    167772160
       22528            1           4.410        45056         2816
       22528            2           4.080        90112         5632
       22528            4           4.110       180224        11264
       22528            8           5.390       360448        22528
       22528           16           3.990       720896        45056
       22528           32           5.730      1441792        90112
       22528           64           4.270      2883584       180224
       22528          128           4.860      5767168       360448
       22528          256           4.950     11534336       720896
       22528          512           5.280     23068672      1441792
       22528         1024           5.630     46137344      2883584
       22528         2048           7.541     92274688      5767168
       22528         4096          12.630    184549376     11534336
       22528         8192          17.901    369098752     23068672
       22528        16384          34.411    738197504     46137344
       22528        32768          58.561   1476395008     92274688
       24576            1           8.860        49152         3072
       24576            2           2.500        98304         6144
       24576            4           7.660       196608        12288
       24576            8           9.680       393216        24576
       24576           16           7.121       786432        49152
       24576           32           6.830      1572864        98304
       24576           64           7.110      3145728       196608
       24576          128           8.040      6291456       393216
       24576          256           4.330     12582912       786432
       24576          512           3.500     25165824      1572864
       24576         1024           8.470     50331648      3145728
       24576         2048           8.030    100663296      6291456
       24576         4096          13.281    201326592     12582912
       24576         8192          19.230    402653184     25165824
       24576        16384          35.110    805306368     50331648
       24576        32768          65.551   1610612736    100663296
       26624            1           4.450        53248         3328
       26624            2           3.880       106496         6656
       26624            4           4.251       212992        13312
       26624            8           5.990       425984        26624
       26624           16           4.330       851968        53248
       26624           32           5.190      1703936       106496
       26624           64           6.990      3407872       212992
       26624          128           4.330      6815744       425984
       26624          256           5.750     13631488       851968
       26624          512           4.930     27262976      1703936
       26624         1024           5.590     54525952      3407872
       26624         2048          11.280    109051904      6815744
       26624         4096          11.901    218103808     13631488
       26624         8192          19.320    436207616     27262976
       26624        16384          35.030    872415232     54525952
       26624        32768          65.671   1744830464    109051904
       28672            1           3.940        57344         3584
       28672            2           4.771       114688         7168
       28672            4           4.760       229376        14336
       28672            8           4.910       458752        28672
       28672           16           4.580       917504        57344
       28672           32           6.321      1835008       114688
       28672           64           4.330      3670016       229376
       28672          128           4.960      7340032       458752
       28672          256           3.930     14680064       917504
       28672          512           5.441     29360128      1835008
       28672         1024           7.080     58720256      3670016
       28672         2048           8.470    117440512      7340032
       28672         4096          12.931    234881024     14680064
       28672         8192          21.420    469762048     29360128
       28672        16384          39.051    939524096     58720256
       28672        32768          72.391   1879048192    117440512
       30720            1           3.990        61440         3840
       30720            2           4.310       122880         7680
       30720            4           4.460       245760        15360
       30720            8           5.661       491520        30720
       30720           16           4.960       983040        61440
       30720           32           5.710      1966080       122880
       30720           64           4.750      3932160       245760
       30720          128           4.870      7864320       491520
       30720          256           4.150     15728640       983040
       30720          512           8.890     31457280      1966080
       30720         1024           6.071     62914560      3932160
       30720         2048          16.320    125829120      7864320
       30720         4096          13.241    251658240     15728640
       30720         8192          45.801    503316480     31457280
       30720        16384          42.671   1006632960     62914560
       30720        32768          72.362   2013265920    125829120
       33792            1           5.090        67584         4224
       33792            2           4.711       135168         8448
       33792            4           4.240       270336        16896
       33792            8           6.530       540672        33792
       33792           16           4.260      1081344        67584
       33792           32           5.341      2162688       135168
       33792           64           5.060      4325376       270336
       33792          128           5.020      8650752       540672
       33792          256           4.710     17301504      1081344
       33792          512           5.290     34603008      2162688
       33792         1024           6.910     69206016      4325376
       33792         2048           7.960    138412032      8650752
       33792         4096          12.151    276824064     17301504
       33792         8192          21.020    553648128     34603008
       33792        16384          38.961   1107296256     69206016
       33792        32768          72.332   2214592512    138412032
       36864            1           3.720        73728         4608
       36864            2           4.610       147456         9216
       36864            4           4.200       294912        18432
       36864            8           5.670       589824        36864
       36864           16           4.361      1179648        73728
       36864           32           4.920      2359296       147456
       36864           64           4.310      4718592       294912
       36864          128           4.770      9437184       589824
       36864          256           4.621     18874368      1179648
       36864          512           5.620     37748736      2359296
       36864         1024           6.680     75497472      4718592
       36864         2048           9.311    150994944      9437184
       36864         4096          14.790    301989888     18874368
       36864         8192          24.351    603979776     37748736
       36864        16384          47.011   1207959552     75497472
       36864        32768          86.152   2415919104    150994944
       39936            1           5.130        79872         4992
       39936            2           4.850       159744         9984
       39936            4           4.120       319488        19968
       39936            8           5.290       638976        39936
       39936           16           4.390      1277952        79872
       39936           32           6.130      2555904       159744
       39936           64           4.191      5111808       319488
       39936          128           4.650     10223616       638976
       39936          256           4.810     20447232      1277952
       39936          512           5.610     40894464      2555904
       39936         1024           6.601     81788928      5111808
       39936         2048           9.190    163577856     10223616
       39936         4096          15.081    327155712     20447232
       39936         8192          24.330    654311424     40894464
       39936        16384          45.792   1308622848     81788928
       39936        32768          86.102   2617245696    163577856
       43008            1           4.190        86016         5376
       43008            2           4.130       172032        10752
       43008            4           4.090       344064        21504
       43008            8           5.190       688128        43008
       43008           16           4.220      1376256        86016
       43008           32           4.650      2752512       172032
       43008           64           4.600      5505024       344064
       43008          128           4.670     11010048       688128
       43008          256          10.610     22020096      1376256
       43008          512           8.901     44040192      2752512
       43008         1024          10.860     88080384      5505024
       43008         2048           8.401    176160768     11010048
       43008         4096          16.300    352321536     22020096
       43008         8192          27.461    704643072     44040192
       43008        16384          46.071   1409286144     88080384
       47104            1           3.620        94208         5888
       47104            2           4.660       188416        11776
       47104            4           4.590       376832        23552
       47104            8           4.150       753664        47104
       47104           16           4.541      1507328        94208
       47104           32           4.190      3014656       188416
       47104           64           5.800      6029312       376832
       47104          128           4.650     12058624       753664
       47104          256           5.351     24117248      1507328
       47104          512          22.160     48234496      3014656
       47104         1024           6.891     96468992      6029312
       47104         2048          10.120    192937984     12058624
       47104         4096          14.740    385875968     24117248
       47104         8192          26.030    771751936     48234496
       47104        16384          48.162   1543503872     96468992
       51200            1           5.320       102400         6400
       51200            2           4.221       204800        12800
       51200            4           5.150       409600        25600
       51200            8           4.560       819200        51200
       51200           16           4.600      1638400       102400
       51200           32           4.720      3276800       204800
       51200           64           4.490      6553600       409600
       51200          128           6.280     13107200       819200
       51200          256           4.070     26214400      1638400
       51200          512           5.680     52428800      3276800
       51200         1024           6.470    104857600      6553600
       51200         2048          10.020    209715200     13107200
       51200         4096          16.040    419430400     26214400
       51200         8192          27.901    838860800     52428800
       51200        16384          52.111   1677721600    104857600
       56320            1           3.950       112640         7040
       56320            2           5.090       225280        14080
       56320            4           4.740       450560        28160
       56320            8           4.600       901120        56320
       56320           16           4.650      1802240       112640
       56320           32           4.131      3604480       225280
       56320           64           4.850      7208960       450560
       56320          128           4.420     14417920       901120
       56320          256           6.520     28835840      1802240
       56320          512           5.571     57671680      3604480
       56320         1024           7.480    115343360      7208960
       56320         2048          10.420    230686720     14417920
       56320         4096          17.080    461373440     28835840
       56320         8192          29.881    922746880     57671680
       56320        16384          55.141   1845493760    115343360
       61440            1           6.390       122880         7680
       61440            2           4.890       245760        15360
       61440            4           6.280       491520        30720
       61440            8           4.460       983040        61440
       61440           16           4.721      1966080       122880
       61440           32           4.740      3932160       245760
       61440           64           4.230      7864320       491520
       61440          128           5.170     15728640       983040
       61440          256           4.830     31457280      1966080
       61440          512           7.690     62914560      3932160
       61440         1024           8.440    125829120      7864320
       61440         2048          12.421    251658240     15728640
       61440         4096          19.310    503316480     31457280
       61440         8192          34.970   1006632960     62914560
       61440        16384          65.601   2013265920    125829120
       67584            1           7.020       135168         8448
       67584            2           5.260       270336        16896
       67584            4           4.450       540672        33792
       67584            8           4.900      1081344        67584
       67584           16           4.430      2162688       135168
       67584           32           4.520      4325376       270336
       67584           64           4.441      8650752       540672
       67584          128           5.100     17301504      1081344
       67584          256           5.750     34603008      2162688
       67584          512           5.950     69206016      4325376
       67584         1024           9.811    138412032      8650752
       67584         2048          12.220    276824064     17301504
       67584         4096          20.741    553648128     34603008
       67584         8192          36.801   1107296256     69206016
       67584        16384          69.632   2214592512    138412032
       73728            1           4.780       147456         9216
       73728            2           4.190       294912        18432
       73728            4           6.790       589824        36864
       73728            8           4.630      1179648        73728
       73728           16           5.571      2359296       147456
       73728           32           3.760      4718592       294912
       73728           64           4.670      9437184       589824
       73728          128           5.380     18874368      1179648
       73728          256           5.821     37748736      2359296
       73728          512           7.710     75497472      4718592
       73728         1024           9.260    150994944      9437184
       73728         2048          24.081    301989888     18874368
       73728         4096          22.241    603979776     37748736
       73728         8192          41.811   1207959552     75497472
       73728        16384          76.182   2415919104    150994944
       80896            1           4.870       161792        10112
       80896            2           5.290       323584        20224
       80896            4           4.190       647168        40448
       80896            8           5.380      1294336        80896
       80896           16           4.280      2588672       161792
       80896           32           4.700      5177344       323584
       80896           64           4.360     10354688       647168
       80896          128           4.910     20709376      1294336
       80896          256           5.860     41418752      2588672
       80896          512           6.471     82837504      5177344
       80896         1024           9.800    165675008     10354688
       80896         2048          13.681    331350016     20709376
       80896         4096          24.390    662700032     41418752
       80896         8192          41.851   1325400064     82837504
       80896        16384          79.652   2650800128    165675008
       88064            1           4.650       176128        11008
       88064            2           4.270       352256        22016
       88064            4           4.750       704512        44032
       88064            8           4.440      1409024        88064
       88064           16           6.240      2818048       176128
       88064           32           4.190      5636096       352256
       88064           64           6.760     11272192       704512
       88064          128           4.680     22544384      1409024
       88064          256           5.820     45088768      2818048
       88064          512           7.030     90177536      5636096
       88064         1024           8.820    180355072     11272192
       88064         2048          15.000    360710144     22544384
       88064         4096          23.711    721420288     45088768
       88064         8192          44.021   1442840576     90177536
       96256            1           7.080       192512        12032
       96256            2           4.740       385024        24064
       96256            4           6.081       770048        48128
       96256            8           4.350      1540096        96256
       96256           16           4.910      3080192       192512
       96256           32           4.600      6160384       385024
       96256           64           5.491     12320768       770048
       96256          128           4.600     24641536      1540096
       96256          256           6.440     49283072      3080192
       96256          512           6.540     98566144      6160384
       96256         1024           9.530    197132288     12320768
       96256         2048          14.920    394264576     24641536
       96256         4096          25.050    788529152     49283072
       96256         8192          45.751   1577058304     98566144
      105472            1           5.560       210944        13184
      105472            2           5.990       421888        26368
      105472            4           4.030       843776        52736
      105472            8           4.320      1687552       105472
      105472           16           4.351      3375104       210944
      105472           32           4.650      6750208       421888
      105472           64           4.770     13500416       843776
      105472          128           4.870     27000832      1687552
      105472          256           6.401     54001664      3375104
      105472          512           6.770    108003328      6750208
      105472         1024          10.710    216006656     13500416
      105472         2048          15.681    432013312     27000832
      105472         4096          27.741    864026624     54001664
      105472         8192          49.811   1728053248    108003328
      115712            1           3.570       231424        14464
      115712            2           5.370       462848        28928
      115712            4           5.740       925696        57856
      115712            8           5.731      1851392       115712
      115712           16           4.290      3702784       231424
      115712           32           4.760      7405568       462848
      115712           64           6.000     14811136       925696
      115712          128           5.220     29622272      1851392
      115712          256           6.390     59244544      3702784
      115712          512           8.060    118489088      7405568
      115712         1024          14.171    236978176     14811136
      115712         2048          21.131    473956352     29622272
      115712         4096          39.261    947912704     59244544
      115712         8192          73.872   1895825408    118489088
      126976            1           5.170       253952        15872
      126976            2           3.890       507904        31744
      126976            4           4.870      1015808        63488
      126976            8           6.230      2031616       126976
      126976           16           4.260      4063232       253952
      126976           32           6.240      8126464       507904
      126976           64           5.190     16252928      1015808
      126976          128           5.360     32505856      2031616
      126976          256           6.420     65011712      4063232
      126976          512           9.030    130023424      8126464
      126976         1024          13.511    260046848     16252928
      126976         2048          22.520    520093696     32505856
      126976         4096          42.151   1040187392     65011712
      126976         8192          78.232   2080374784    130023424
      139264            1           5.230       278528        17408
      139264            2           4.300       557056        34816
      139264            4           4.790      1114112        69632
      139264            8           4.171      2228224       139264
      139264           16           4.470      4456448       278528
      139264           32           5.730      8912896       557056
      139264           64           5.080     17825792      1114112
      139264          128           6.961     35651584      2228224
      139264          256           7.670     71303168      4456448
      139264          512           9.780    142606336      8912896
      139264         1024          26.641    285212672     17825792
      139264         2048          24.151    570425344     35651584
      139264         4096          44.481   1140850688     71303168
      139264         8192          83.582   2281701376    142606336
      152576            1           5.380       305152        19072
      152576            2           4.040       610304        38144
      152576            4           5.560      1220608        76288
      152576            8           3.850      2441216       152576
      152576           16           4.890      4882432       305152
      152576           32           4.681      9764864       610304
      152576           64           4.900     19529728      1220608
      152576          128           6.280     39059456      2441216
      152576          256           6.910     78118912      4882432
      152576          512          11.500    156237824      9764864
      152576         1024          17.020    312475648     19529728
      152576         2048          25.311    624951296     39059456
      152576         4096          49.722   1249902592     78118912
      152576         8192          91.592   2499805184    156237824
      166912            1           4.580       333824        20864
      166912            2           3.950       667648        41728
      166912            4           5.890      1335296        83456
      166912            8           4.380      2670592       166912
      166912           16           5.430      5341184       333824
      166912           32           4.560     10682368       667648
      166912           64           5.111     21364736      1335296
      166912          128           5.780     42729472      2670592
      166912          256           6.850     85458944      5341184
      166912          512          10.591    170917888     10682368
      166912         1024          15.310    341835776     21364736
      166912         2048          27.211    683671552     42729472
      166912         4096          48.941   1367343104     85458944
      183296            1           5.930       366592        22912
      183296            2           4.220       733184        45824
      183296            4           5.450      1466368        91648
      183296            8           5.080      2932736       183296
      183296           16           5.470      5865472       366592
      183296           32           5.840     11730944       733184
      183296           64           4.660     23461888      1466368
      183296          128           8.480     46923776      2932736
      183296          256           7.401     93847552      5865472
      183296          512          11.430    187695104     11730944
      183296         1024          16.400    375390208     23461888
      183296         2048          29.680    750780416     46923776
      183296         4096          52.832   1501560832     93847552
      200704            1           6.930       401408        25088
      200704            2           5.770       802816        50176
      200704            4           4.170      1605632       100352
      200704            8           5.121      3211264       200704
      200704           16           6.880      6422528       401408
      200704           32           4.680     12845056       802816
      200704           64           4.630     25690112      1605632
      200704          128           5.761     51380224      3211264
      200704          256           8.250    102760448      6422528
      200704          512          11.230    205520896     12845056
      200704         1024          18.841    411041792     25690112
      200704         2048          30.451    822083584     51380224
      200704         4096          56.471   1644167168    102760448
      220160            1           3.770       440320        27520
      220160            2           4.101       880640        55040
      220160            4           5.510      1761280       110080
      220160            8           4.620      3522560       220160
      220160           16           5.770      7045120       440320
      220160           32           4.531     14090240       880640
      220160           64           5.640     28180480      1761280
      220160          128           6.360     56360960      3522560
      220160          256           8.270    112721920      7045120
      220160          512          11.390    225443840     14090240
      220160         1024          18.300    450887680     28180480
      220160         2048          33.110    901775360     56360960
      220160         4096          59.942   1803550720    112721920
      241664            1           5.150       483328        30208
      241664            2           4.300       966656        60416
      241664            4           4.960      1933312       120832
      241664            8           4.800      3866624       241664
      241664           16           4.230      7733248       483328
      241664           32           5.250     15466496       966656
      241664           64           5.240     30932992      1933312
      241664          128           8.140     61865984      3866624
      241664          256           7.670    123731968      7733248
      241664          512          11.990    247463936     15466496
      241664         1024          19.020    494927872     30932992
      241664         2048          34.571    989855744     61865984
      241664         4096          75.102   1979711488    123731968
      265216            1           5.850       530432        33152
      265216            2           5.290      1060864        66304
      265216            4           4.060      2121728       132608
      265216            8           5.301      4243456       265216
      265216           16          17.080      8486912       530432
      265216           32           4.660     16973824      1060864
      265216           64           5.420     33947648      2121728
      265216          128           6.370     67895296      4243456
      265216          256           9.150    135790592      8486912
      265216          512          12.971    271581184     16973824
      265216         1024          23.230    543162368     33947648
      265216         2048          40.792   1086324736     67895296
      265216         4096          78.202   2172649472    135790592
      290816            1           8.060       581632        36352
      290816            2           4.140      1163264        72704
      290816            4           4.290      2326528       145408
      290816            8           5.011      4653056       290816
      290816           16           5.630      9306112       581632
      290816           32           4.660     18612224      1163264
      290816           64           6.050     37224448      2326528
      290816          128           6.411     74448896      4653056
      290816          256           9.670    148897792      9306112
      290816          512          13.450    297795584     18612224
      290816         1024          22.011    595591168     37224448
      290816         2048          40.261   1191182336     74448896
      290816         4096          74.262   2382364672    148897792
      319488            1           6.180       638976        39936
      319488            2           4.180      1277952        79872
      319488            4           4.700      2555904       159744
      319488            8           5.701      5111808       319488
      319488           16           5.000     10223616       638976
      319488           32           4.670     20447232      1277952
      319488           64           5.380     40894464      2555904
      319488          128           8.071     81788928      5111808
      319488          256           8.710    163577856     10223616
      319488          512          15.360    327155712     20447232
      319488         1024          23.180    654311424     40894464
      319488         2048          42.691   1308622848     81788928
      319488         4096          81.462   2617245696    163577856
      351232            1           5.080       702464        43904
      351232            2           5.590      1404928        87808
      351232            4           4.590      2809856       175616
      351232            8           6.190      5619712       351232
      351232           16           4.820     11239424       702464
      351232           32           5.140     22478848      1404928
      351232           64           6.310     44957696      2809856
      351232          128           7.420     89915392      5619712
      351232          256           9.700    179830784     11239424
      351232          512          14.580    359661568     22478848
      351232         1024          25.991    719323136     44957696
      351232         2048          45.611   1438646272     89915392
      386048            1           5.780       772096        48256
      386048            2           4.410      1544192        96512
      386048            4           5.161      3088384       193024
      386048            8           5.590      6176768       386048
      386048           16           4.850     12353536       772096
      386048           32           6.040     24707072      1544192
      386048           64           5.711     49414144      3088384
      386048          128           9.420     98828288      6176768
      386048          256           9.700    197656576     12353536
      386048          512          15.881    395313152     24707072
      386048         1024          27.551    790626304     49414144
      386048         2048          49.201   1581252608     98828288
      423936            1           8.570       847872        52992
      423936            2           4.110      1695744       105984
      423936            4           6.070      3391488       211968
      423936            8           4.910      6782976       423936
      423936           16           6.631     13565952       847872
      423936           32           5.170     27131904      1695744
      423936           64           6.340     54263808      3391488
      423936          128           6.770    108527616      6782976
      423936          256          10.381    217055232     13565952
      423936          512          18.680    434110464     27131904
      423936         1024          28.551    868220928     54263808
      423936         2048          53.912   1736441856    108527616
      465920            1           8.450       931840        58240
      465920            2           4.670      1863680       116480
      465920            4           5.810      3727360       232960
      465920            8           5.020      7454720       465920
      465920           16           4.530     14909440       931840
      465920           32           5.120     29818880      1863680
      465920           64           6.381     59637760      3727360
      465920          128           7.260    119275520      7454720
      465920          256          11.930    238551040     14909440
      465920          512          18.011    477102080     29818880
      465920         1024          42.151    954204160     59637760
      465920         2048          58.012   1908408320    119275520
      512000            1           4.630      1024000        64000
      512000            2           5.050      2048000       128000
      512000            4           4.370      4096000       256000
      512000            8           5.900      8192000       512000
      512000           16         515.223     16384000      1024000
      512000           32           9.920     32768000      2048000
      512000           64           9.280     65536000      4096000
      512000          128           7.440    131072000      8192000
      512000          256          13.311    262144000     16384000
      512000          512          18.230    524288000     32768000
      512000         1024          34.491   1048576000     65536000
      512000         2048          61.942   2097152000    131072000
      563200            1          12.500      1126400        70400
      563200            2           4.390      2252800       140800
      563200            4           5.100      4505600       281600
      563200            8           5.030      9011200       563200
      563200           16           4.990     18022400      1126400
      563200           32           7.110     36044800      2252800
      563200           64           6.271     72089600      4505600
      563200          128          11.090    144179200      9011200
      563200          256          12.390    288358400     18022400
      563200          512          20.411    576716800     36044800
      563200         1024          35.851   1153433600     72089600
      563200         2048          67.392   2306867200    144179200
      619520            1           8.340      1239040        77440
      619520            2           4.390      2478080       154880
      619520            4           6.720      4956160       309760
      619520            8           4.580      9912320       619520
      619520           16           5.230     19824640      1239040
      619520           32           5.270     39649280      2478080
      619520           64           6.740     79298560      4956160
      619520          128           8.770    158597120      9912320
      619520          256          12.731    317194240     19824640
      619520          512          23.220    634388480     39649280
      619520         1024          38.971   1268776960     79298560
      619520         2048          74.872   2537553920    158597120
      680960            1           9.621      1361920        85120
      680960            2           6.120      2723840       170240
      680960            4           6.090      5447680       340480
      680960            8           9.271     10895360       680960
      680960           16           6.460     21790720      1361920
      680960           32          10.850     43581440      2723840
      680960           64           7.390     87162880      5447680
      680960          128           8.620    174325760     10895360
      680960          256          14.671    348651520     21790720
      680960          512          22.320    697303040     43581440
      680960         1024          41.871   1394606080     87162880
      748544            1          19.020      1497088        93568
      748544            2           4.151      2994176       187136
      748544            4           5.670      5988352       374272
      748544            8           4.620     11976704       748544
      748544           16           5.930     23953408      1497088
      748544           32           5.761     47906816      2994176
      748544           64           7.470     95813632      5988352
      748544          128           9.740    191627264     11976704
      748544          256          14.421    383254528     23953408
      748544          512          25.331    766509056     47906816
      748544         1024          44.851   1533018112     95813632
      823296            1          18.491      1646592       102912
      823296            2           4.180      3293184       205824
      823296            4           5.411      6586368       411648
      823296            8           4.990     13172736       823296
      823296           16           5.410     26345472      1646592
      823296           32           5.680     52690944      3293184
      823296           64           7.400    105381888      6586368
      823296          128          10.050    210763776     13172736
      823296          256          15.481    421527552     26345472
      823296          512          29.041    843055104     52690944
      823296         1024          48.931   1686110208    105381888
      905216            1          23.631      1810432       113152
      905216            2           4.440      3620864       226304
      905216            4           4.640      7241728       452608
      905216            8           5.760     14483456       905216
      905216           16           5.040     28966912      1810432
      905216           32           7.200     57933824      3620864
      905216           64           7.771    115867648      7241728
      905216          128          11.470    231735296     14483456
      905216          256          17.121    463470592     28966912
      905216          512          29.111    926941184     57933824
      905216         1024          53.691   1853882368    115867648
      995328            1          10.440      1990656       124416
      995328            2           5.111      3981312       248832
      995328            4           5.240      7962624       497664
      995328            8           6.320     15925248       995328
      995328           16           5.540     31850496      1990656
      995328           32           6.310     63700992      3981312
      995328           64           7.810    127401984      7962624
      995328          128          11.150    254803968     15925248
      995328          256          17.990    509607936     31850496
      995328          512          31.161   1019215872     63700992
      995328         1024          58.692   2038431744    127401984
     1094656            1           6.160      2189312       136832
     1094656            2           5.421      4378624       273664
     1094656            4           4.690      8757248       547328
     1094656            8           5.690     17514496      1094656
     1094656           16           5.940     35028992      2189312
     1094656           32           6.271     70057984      4378624
     1094656           64           8.990    140115968      8757248
     1094656          128          11.810    280231936     17514496
     1094656          256          20.820    560463872     35028992
     1094656          512          35.391   1120927744     70057984
     1094656         1024          66.112   2241855488    140115968
     1203200            1           6.410      2406400       150400
     1203200            2           4.670      4812800       300800
     1203200            4           5.321      9625600       601600
     1203200            8           4.920     19251200      1203200
     1203200           16           6.930     38502400      2406400
     1203200           32           6.740     77004800      4812800
     1203200           64           9.490    154009600      9625600
     1203200          128          12.040    308019200     19251200
     1203200          256          20.721    616038400     38502400
     1203200          512          37.141   1232076800     77004800
     1203200         1024          68.862   2464153600    154009600
     1323008            1           7.070      2646016       165376
     1323008            2           4.090      5292032       330752
     1323008            4           5.480     10584064       661504
     1323008            8           5.310     21168128      1323008
     1323008           16           5.960     42336256      2646016
     1323008           32           7.031     84672512      5292032
     1323008           64           8.970    169345024     10584064
     1323008          128          14.080    338690048     21168128
     1323008          256          22.430    677380096     42336256
     1323008          512          41.071   1354760192     84672512
     1323008         1024          75.192   2709520384    169345024
     1455104            1          11.251      2910208       181888
     1455104            2           8.300      5820416       363776
     1455104            4           9.480     11640832       727552
     1455104            8           7.440     23281664      1455104
     1455104           16           4.460     46563328      2910208
     1455104           32           9.770     93126656      5820416
     1455104           64          12.080    186253312     11640832
     1455104          128          17.660    372506624     23281664
     1455104          256          24.540    745013248     46563328
     1455104          512          44.761   1490026496     93126656
     1600512            1          10.130      3201024       200064
     1600512            2           5.400      6402048       400128
     1600512            4          12.360     12804096       800256
     1600512            8          12.141     25608192      1600512
     1600512           16           7.630     51216384      3201024
     1600512           32           7.481    102432768      6402048
     1600512           64          11.850    204865536     12804096
     1600512          128          15.241    409731072     25608192
     1600512          256          26.760    819462144     51216384
     1600512          512          47.841   1638924288    102432768
     1760256            1         509.952      3520512       220032
     1760256            2           5.760      7041024       440064
     1760256            4           5.030     14082048       880128
     1760256            8           6.950     28164096      1760256
     1760256           16           6.300     56328192      3520512
     1760256           32           7.710    112656384      7041024
     1760256           64          10.910    225312768     14082048
     1760256          128          16.420    450625536     28164096
     1760256          256          29.291    901251072     56328192
     1760256          512          52.391   1802502144    112656384
     1935360            1         244.396      3870720       241920
     1935360            2           4.650      7741440       483840
     1935360            4           5.671     15482880       967680
     1935360            8           5.630     30965760      1935360
     1935360           16           6.710     61931520      3870720
     1935360           32           7.561    123863040      7741440
     1935360           64          11.010    247726080     15482880
     1935360          128          18.491    495452160     30965760
     1935360          256          31.410    990904320     61931520
     1935360          512          58.641   1981808640    123863040
     2128896            1          23.910      4257792       266112
     2128896            2           5.191      8515584       532224
     2128896            4           4.880     17031168      1064448
     2128896            8           5.490     34062336      2128896
     2128896           16           6.850     68124672      4257792
     2128896           32         501.612    136249344      8515584
     2128896           64          13.171    272498688     17031168
     2128896          128          18.900    544997376     34062336
     2128896          256          34.840   1089994752     68124672
     2128896          512          62.601   2179989504    136249344
     2340864            1          36.931      4681728       292608
     2340864            2           4.690      9363456       585216
     2340864            4           5.730     18726912      1170432
     2340864            8           6.440     37453824      2340864
     2340864           16           6.611     74907648      4681728
     2340864           32           9.910    149815296      9363456
     2340864           64          12.780    299630592     18726912
     2340864          128          20.810    599261184     37453824
     2340864          256          36.081   1198522368     74907648
     2340864          512          68.182   2397044736    149815296
     2574336            1          26.611      5148672       321792
     2574336            2           5.020     10297344       643584
     2574336            4           6.271     20594688      1287168
     2574336            8           5.750     41189376      2574336
     2574336           16           7.650     82378752      5148672
     2574336           32           9.591    164757504     10297344
     2574336           64          13.750    329515008     20594688
     2574336          128          21.351    659030016     41189376
     2574336          256          39.421   1318060032     82378752
     2574336          512          74.522   2636120064    164757504
     2831360            1          24.641      5662720       353920
     2831360            2           5.660     11325440       707840
     2831360            4           5.270     22650880      1415680
     2831360            8           6.130     45301760      2831360
     2831360           16           6.810     90603520      5662720
     2831360           32           9.650    181207040     11325440
     2831360           64          14.940    362414080     22650880
     2831360          128          23.511    724828160     45301760
     2831360          256          44.991   1449656320     90603520
     3113984            1          38.001      6227968       389248
     3113984            2           6.500     12455936       778496
     3113984            4           5.250     24911872      1556992
     3113984            8           6.461     49823744      3113984
     3113984           16           7.770     99647488      6227968
     3113984           32          10.000    199294976     12455936
     3113984           64          17.641    398589952     24911872
     3113984          128         461.501    797179904     49823744
     3113984          256          47.841   1594359808     99647488
     3425280            1          11.371      6850560       428160
     3425280            2           6.570     13701120       856320
     3425280            4           6.000     27402240      1712640
     3425280            8           6.630     54804480      3425280
     3425280           16           7.620    109608960      6850560
     3425280           32          10.630    219217920     13701120
     3425280           64          16.620    438435840     27402240
     3425280          128          27.831    876871680     54804480
     3425280          256          51.691   1753743360    109608960
     3767296            1          17.861      7534592       470912
     3767296            2           5.960     15069184       941824
     3767296            4           6.500     30138368      1883648
     3767296            8           7.461     60276736      3767296
     3767296           16           8.170    120553472      7534592
     3767296           32          12.030    241106944     15069184
     3767296           64          19.021    482213888     30138368
     3767296          128          30.191    964427776     60276736
     3767296          256          55.381   1928855552    120553472
     4143104            1          26.531      8286208       517888
     4143104            2           6.160     16572416      1035776
     4143104            4           6.340     33144832      2071552
     4143104            8           7.130     66289664      4143104
     4143104           16           9.230    132579328      8286208
     4143104           32          12.210    265158656     16572416
     4143104           64          21.401    530317312     33144832
     4143104          128          32.521   1060634624     66289664
     4143104          256          60.301   2121269248    132579328
     4556800            1          13.611      9113600       569600
     4556800            2           5.560     18227200      1139200
     4556800            4           6.560     36454400      2278400
     4556800            8           7.461     72908800      4556800
     4556800           16          10.430    145817600      9113600
     4556800           32          12.590    291635200     18227200
     4556800           64          20.990    583270400     36454400
     4556800          128          35.951   1166540800     72908800
     4556800          256          65.632   2333081600    145817600
     5012480            1          26.891     10024960       626560
     5012480            2           5.410     20049920      1253120
     5012480            4           7.940     40099840      2506240
     5012480            8           7.400     80199680      5012480
     5012480           16          11.591    160399360     10024960
     5012480           32          13.650    320798720     20049920
     5012480           64          22.001    641597440     40099840
     5012480          128          39.071   1283194880     80199680
     5012480          256          71.372   2566389760    160399360
     5513216            1          16.390     11026432       689152
     5513216            2           6.061     22052864      1378304
     5513216            4           8.510     44105728      2756608
     5513216            8           7.740     88211456      5513216
     5513216           16          10.081    176422912     11026432
     5513216           32          14.110    352845824     22052864
     5513216           64          23.891    705691648     44105728
     5513216          128          42.591   1411383296     88211456
     6064128            1         121.873     12128256       758016
     6064128            2           8.620     24256512      1516032
     6064128            4           6.670     48513024      3032064
     6064128            8           9.170     97026048      6064128
     6064128           16          10.360    194052096     12128256
     6064128           32          15.420    388104192     24256512
     6064128           64          25.260    776208384     48513024
     6064128          128          45.611   1552416768     97026048
     6670336            1          19.310     13340672       833792
     6670336            2           6.210     26681344      1667584
     6670336            4           9.010     53362688      3335168
     6670336            8           8.830    106725376      6670336
     6670336           16          11.570    213450752     13340672
     6670336           32          16.540    426901504     26681344
     6670336           64          27.810    853803008     53362688
     6670336          128          49.572   1707606016    106725376
     7336960            1          20.061     14673920       917120
     7336960            2           6.440     29347840      1834240
     7336960            4           7.100     58695680      3668480
     7336960            8           9.440    117391360      7336960
     7336960           16          12.061    234782720     14673920
     7336960           32          18.120    469565440     29347840
     7336960           64         588.165    939130880     58695680
     7336960          128          54.332   1878261760    117391360
     8070144            1          39.811     16140288      1008768
     8070144            2           6.830     32280576      2017536
     8070144            4           8.710     64561152      4035072
     8070144            8           9.210    129122304      8070144
     8070144           16          12.921    258244608     16140288
     8070144           32          18.820    516489216     32280576
     8070144           64          32.681   1032978432     64561152
     8070144          128          59.912   2065956864    129122304
     8877056            1          34.511     17754112      1109632
     8877056            2           8.080     35508224      2219264
     8877056            4           8.030     71016448      4438528
     8877056            8          12.121    142032896      8877056
     8877056           16          13.340    284065792     17754112
     8877056           32          20.611    568131584     35508224
     8877056           64          35.261   1136263168     71016448
     8877056          128          64.591   2272526336    142032896
     9763840            1          24.241     19527680      1220480
     9763840            2           7.360     39055360      2440960
     9763840            4           9.420     78110720      4881920
     9763840            8          10.470    156221440      9763840
     9763840           16          14.500    312442880     19527680
     9763840           32          23.221    624885760     39055360
     9763840           64          38.441   1249771520     78110720
     9763840          128          70.272   2499543040    156221440
    10739712            1          27.221     21479424      1342464
    10739712            2           8.800     42958848      2684928
    10739712            4           9.200     85917696      5369856
    10739712            8          13.540    171835392     10739712
    10739712           16          15.501    343670784     21479424
    10739712           32          25.391    687341568     42958848
    10739712           64          43.541   1374683136     85917696
    11812864            1          59.511     23625728      1476608
    11812864            2           8.450     47251456      2953216
    11812864            4           9.050     94502912      5906432
    11812864            8          12.570    189005824     11812864
    11812864           16          16.251    378011648     23625728
    11812864           32          26.251    756023296     47251456
    11812864           64          46.681   1512046592     94502912
    12993536            1          51.391     25987072      1624192
    12993536            2           8.420     51974144      3248384
    12993536            4           9.300    103948288      6496768
    12993536            8          13.401    207896576     12993536
    12993536           16          17.740    415793152     25987072
    12993536           32          29.481    831586304     51974144
    12993536           64          49.842   1663172608    103948288
    14291968            1          51.551     28583936      1786496
    14291968            2          27.481     57167872      3572992
    14291968            4           9.970    114335744      7145984
    14291968            8          14.070    228671488     14291968
    14291968           16          18.840    457342976     28583936
    14291968           32          31.430    914685952     57167872
    14291968           64          53.951   1829371904    114335744
    15720448            1          41.231     31440896      1965056
    15720448            2           9.180     62881792      3930112
    15720448            4          10.550    125763584      7860224
    15720448            8          14.571    251527168     15720448
    15720448           16          20.541    503054336     31440896
    15720448           32          34.691   1006108672     62881792
    15720448           64          59.431   2012217344    125763584
    17292288            1          43.531     34584576      2161536
    17292288            2          25.571     69169152      4323072
    17292288            4          13.280    138338304      8646144
    17292288            8          17.071    276676608     17292288
    17292288           16          23.491    553353216     34584576
    17292288           32          37.311   1106706432     69169152
    17292288           64          64.181   2213412864    138338304
    19020800            1          46.751     38041600      2377600
    19020800            2          10.180     76083200      4755200
    19020800            4          15.840    152166400      9510400
    19020800            8          20.861    304332800     19020800
    19020800           16          24.841    608665600     38041600
    19020800           32          42.521   1217331200     76083200
    19020800           64          73.862   2434662400    152166400
    20922368            1          69.651     41844736      2615296
    20922368            2          11.270     83689472      5230592
    20922368            4          14.561    167378944     10461184
    20922368            8          17.580    334757888     20922368
    20922368           16          26.121    669515776     41844736
    20922368           32          42.211   1339031552     83689472
    20922368           64          76.922   2678063104    167378944
    23014400            1          53.352     46028800      2876800
    23014400            2          11.000     92057600      5753600
    23014400            4          15.261    184115200     11507200
    23014400            8          18.630    368230400     23014400
    23014400           16          29.131    736460800     46028800
    23014400           32          47.531   1472921600     92057600
    25315328            1          60.422     50630656      3164416
    25315328            2          12.110    101261312      6328832
    25315328            4          14.500    202522624     12657664
    25315328            8          21.941    405045248     25315328
    25315328           16          30.070    810090496     50630656
    25315328           32          52.401   1620180992    101261312
    27846656            1          66.202     55693312      3480832
    27846656            2          13.721    111386624      6961664
    27846656            4          16.410    222773248     13923328
    27846656            8          21.561    445546496     27846656
    27846656           16          33.381    891092992     55693312
    27846656           32          55.411   1782185984    111386624
    30630912            1          72.431     61261824      3828864
    30630912            2          13.740    122523648      7657728
    30630912            4          17.641    245047296     15315456
    30630912            8          23.380    490094592     30630912
    30630912           16          46.401    980189184     61261824
    30630912           32          61.431   1960378368    122523648
    33693696            1          84.963     67387392      4211712
    33693696            2          16.030    134774784      8423424
    33693696            4          18.321    269549568     16846848
    33693696            8          27.241    539099136     33693696
    33693696           16          38.701   1078198272     67387392
    33693696           32          67.362   2156396544    134774784
    37062656            1          85.072     74125312      4632832
    37062656            2          16.281    148250624      9265664
    37062656            4          20.390    296501248     18531328
    37062656            8          27.151    593002496     37062656
    37062656           16          43.401   1186004992     74125312
    37062656           32          72.132   2372009984    148250624
    40768512            1          91.793     81537024      5096064
    40768512            2          17.380    163074048     10192128
    40768512            4          21.230    326148096     20384256
    40768512            8          29.561    652296192     40768512
    40768512           16          45.781   1304592384     81537024
    40768512           32          79.932   2609184768    163074048
    44845056            1          99.653     89690112      5605632
    44845056            2          19.730    179380224     11211264
    44845056            4          22.830    358760448     22422528
    44845056            8          32.671    717520896     44845056
    44845056           16          51.542   1435041792     89690112
    49329152            1         109.943     98658304      6166144
    49329152            2          20.241    197316608     12332288
    49329152            4          24.321    394633216     24664576
    49329152            8          36.281    789266432     49329152
    49329152           16          54.881   1578532864     98658304
    54261760            1         122.923    108523520      6782720
    54261760            2          23.070    217047040     13565440
    54261760            4          26.500    434094080     27130880
    54261760            8          37.811    868188160     54261760
    54261760           16          59.862   1736376320    108523520
    59687936            1         135.623    119375872      7460992
    59687936            2          24.370    238751744     14921984
    59687936            4          31.261    477503488     29843968
    59687936            8          41.631    955006976     59687936
    59687936           16          65.612   1910013952    119375872
    65655808            1         145.243    131311616      8206976
    65655808            2          29.520    262623232     16413952
    65655808            4          32.340    525246464     32827904
    65655808            8          45.371   1050492928     65655808
    65655808           16          82.312   2100985856    131311616
    72220672            1         157.584    144441344      9027584
    72220672            2          41.231    288882688     18055168
    72220672            4          35.511    577765376     36110336
    72220672            8          50.191   1155530752     72220672
    72220672           16          78.662   2311061504    144441344
    79441920            1         179.534    158883840      9930240
    79441920            2          36.180    317767680     19860480
    79441920            4          39.041    635535360     39720960
    79441920            8          55.191   1271070720     79441920
    79441920           16          87.262   2542141440    158883840
    87386112            1         252.776    174772224     10923264
    87386112            2          40.531    349544448     21846528
    87386112            4          49.092    699088896     43693056
    87386112            8          60.161   1398177792     87386112
    96123904            1         208.955    192247808     12015488
    96123904            2          46.741    384495616     24030976
    96123904            4          46.931    768991232     48061952
    96123904            8          76.492   1537982464     96123904
   105736192            1         297.508    211472384     13217024
   105736192            2          53.151    422944768     26434048
   105736192            4          62.641    845889536     52868096
   105736192            8          73.232   1691779072    105736192
   116308992            1         239.406    232617984     14538624
   116308992            2          61.811    465235968     29077248
   116308992            4          59.291    930471936     58154496
   116308992            8          80.152   1860943872    116308992
   127939584            1         350.308    255879168     15992448
   127939584            2          80.132    511758336     31984896
   127939584            4          65.221   1023516672     63969792
   127939584            8          89.342   2047033344    127939584
   140733440            1         231.486    281466880     17591680
   140733440            2          87.112    562933760     35183360
   140733440            4          74.542   1125867520     70366720
   140733440            8         100.353   2251735040    140733440
   154806272            1         229.396    309612544     19350784
   154806272            2         102.503    619225088     38701568
   154806272            4          84.122   1238450176     77403136
   154806272            8         126.323   2476900352    154806272
   170286080            1         426.411    340572160     21285760
   170286080            2         111.473    681144320     42571520
   170286080            4          92.022   1362288640     85143040
   187314176            1         231.996    374628352     23414272
   187314176            2         135.444    749256704     46828544
   187314176            4         103.082   1498513408     93657088
   206045184            1         234.476    412090368     25755648
   206045184            2         158.364    824180736     51511296
   206045184            4         114.893   1648361472    103022592
   226649088            1         246.776    453298176     28331136
   226649088            2         159.234    906596352     56662272
   226649088            4         127.213   1813192704    113324544
   249313280            1         338.998    498626560     31164160
   249313280            2         182.394    997253120     62328320
   249313280            4         143.744   1994506240    124656640
   274244608            1         259.226    548489216     34280576
   274244608            2         214.926   1096978432     68561152
   274244608            4         160.344   2193956864    137122304
   301668352            1         288.188    603336704     37708544
   301668352            2         249.786   1206673408     75417088
   301668352            4         173.634   2413346816    150834176
   331834368            1         302.967    663668736     41479296
   331834368            2         268.657   1327337472     82958592
   331834368            4         194.975   2654674944    165917184
   365017088            1         346.619    730034176     45627136
   365017088            2         300.027   1460068352     91254272
   401518592            1         401.649    803037184     50189824
   401518592            2         367.379   1606074368    100379648
   441669632            1         461.631    883339264     55208704
   441669632            2         484.361   1766678528    110417408
   485835776            1         534.993    971671552     60729472
   485835776            2         597.935   1943343104    121458944
   534418432            1         629.796   1068836864     66802304
   534418432            2         884.852   2137673728    133604608
   587859968            1         726.198   1175719936     73482496
   587859968            2        1007.785   2351439872    146964992
   646645760            1         876.961   1293291520     80830720
   646645760            2        1242.081   2586583040    161661440
   711310336            1        1037.876   1422620672     88913792
   782440448            1        1209.270   1564880896     97805056
   860684288            1        1796.314   1721368576    107585536
   946752512            1        1706.602   1893505024    118344064
  1041427456            1        1962.318   2082854912    130178432
  1145569280            1        2280.087   2291138560    143196160
  1260126208            1        2628.055   2520252416    157515776

META_DATA
FLOPS          1
MPI_PROCS      128
ERT_VERSION  1.1.0
HOSTNAME  ('tcn1101.local.snellius.surf.nl', [], ['172.18.60.87'])
UNAME  uname_result(system='Linux', node='tcn1101.local.snellius.surf.nl', release='4.18.0-372.80.1.el8_6.x86_64', version='#1 SMP Fri Nov 3 14:30:16 EDT 2023', machine='x86_64', processor='x86_64')
TIMESTAMP_DATA  1707409472.1945329
CONFIG  {'ERT_RESULTS': ['Results.snellius.genoa.01'], 'ERT_DRIVER': ['driver1'], 'ERT_KERNEL': ['kernel1'], 'ERT_MPI': ['True'], 'ERT_MPI_CFLAGS': [], 'ERT_MPI_LDFLAGS': [], 'ERT_OPENMP': ['False'], 'ERT_OPENMP_CFLAGS': ['-fopenmp'], 'ERT_OPENMP_LDFLAGS': ['-fopenmp'], 'ERT_FLOPS': ['1,2,4,8,16'], 'ERT_ALIGN': ['32'], 'ERT_CC': ['mpic++'], 'ERT_CFLAGS': ['-Ofast', '-fargument-noalias', '-mavx2'], 'ERT_LD': ['mpic++'], 'ERT_LDFLAGS': [], 'ERT_LDLIBS': [], 'ERT_RUN': ['export', 'OMP_NUM_THREADS=ERT_OPENMP_THREADS;', 'mpirun', '-np', 'ERT_MPI_PROCS', 'ERT_CODE'], 'ERT_PROCS_THREADS': ['64,128'], 'ERT_MPI_PROCS': ['64,128'], 'ERT_OPENMP_THREADS': [], 'ERT_NUM_EXPERIMENTS': ['5'], 'ERT_MEMORY_MAX': ['1357905920'], 'ERT_WORKING_SET_MIN': ['1'], 'ERT_TRIALS_MIN': ['1'], 'ERT_GNUPLOT': ['gnuplot'], 'ERT_GPU': [False], 'ERT_HIP': [False], 'ERT_PRECISION': ['FP64'], 'ERT_OCL': [False], 'ERT_SYCL': [False], 'ERT_WSS_MULT': [1.1]}
