fp64
        1024            1          12.440         2048          128
        1024            2           5.170         4096          256
        1024            4          23.170         8192          512
        1024            8           6.000        16384         1024
        1024           16           8.361        32768         2048
        1024           32           4.960        65536         4096
        1024           64           4.420       131072         8192
        1024          128           4.330       262144        16384
        1024          256           3.820       524288        32768
        1024          512           6.740      1048576        65536
        1024         1024           5.300      2097152       131072
        1024         2048           5.590      4194304       262144
        1024         4096           6.971      8388608       524288
        1024         8192          11.370     16777216      1048576
        1024        16384          15.641     33554432      2097152
        1024        32768          24.990     67108864      4194304
        1024        65536          44.951    134217728      8388608
        1024       131072         136.053    268435456     16777216
        1024       262144         169.655    536870912     33554432
        1024       524288         331.758   1073741824     67108864
        1024      1048576         683.737   2147483648    134217728
        2048            1           4.830         4096          256
        2048            2          12.131         8192          512
        2048            4           3.740        16384         1024
        2048            8           4.110        32768         2048
        2048           16           5.361        65536         4096
        2048           32           4.200       131072         8192
        2048           64           6.460       262144        16384
        2048          128           4.600       524288        32768
        2048          256           4.570      1048576        65536
        2048          512           4.530      2097152       131072
        2048         1024           9.330      4194304       262144
        2048         2048           5.901      8388608       524288
        2048         4096           6.750     16777216      1048576
        2048         8192           9.500     33554432      2097152
        2048        16384          14.251     67108864      4194304
        2048        32768          26.241    134217728      8388608
        2048        65536          45.031    268435456     16777216
        2048       131072          86.392    536870912     33554432
        2048       262144         299.568   1073741824     67108864
        2048       524288         331.848   2147483648    134217728
        3072            1          14.020         6144          384
        3072            2           4.510        12288          768
        3072            4           8.181        24576         1536
        3072            8           4.340        49152         3072
        3072           16           4.310        98304         6144
        3072           32           5.930       196608        12288
        3072           64           6.300       393216        24576
        3072          128           7.780       786432        49152
        3072          256           4.280      1572864        98304
        3072          512           9.361      3145728       196608
        3072         1024           5.380      6291456       393216
        3072         2048           6.340     12582912       786432
        3072         4096           6.631     25165824      1572864
        3072         8192          10.000     50331648      3145728
        3072        16384          17.171    100663296      6291456
        3072        32768          32.531    201326592     12582912
        3072        65536          46.131    402653184     25165824
        3072       131072         135.704    805306368     50331648
        3072       262144         172.914   1610612736    100663296
        4096            1           8.450         8192          512
        4096            2           4.151        16384         1024
        4096            4           4.750        32768         2048
        4096            8           4.310        65536         4096
        4096           16           5.041       131072         8192
        4096           32           4.450       262144        16384
        4096           64           4.310       524288        32768
        4096          128           4.190      1048576        65536
        4096          256           6.021      2097152       131072
        4096          512           4.570      4194304       262144
        4096         1024           5.220      8388608       524288
        4096         2048           5.400     16777216      1048576
        4096         4096           6.981     33554432      2097152
        4096         8192          10.110     67108864      4194304
        4096        16384          14.541    134217728      8388608
        4096        32768          24.950    268435456     16777216
        4096        65536          45.322    536870912     33554432
        4096       131072          86.792   1073741824     67108864
        4096       262144         168.474   2147483648    134217728
        5120            1          15.470        10240          640
        5120            2          90.963        20480         1280
        5120            4           4.610        40960         2560
        5120            8          11.640        81920         5120
        5120           16           4.110       163840        10240
        5120           32           4.910       327680        20480
        5120           64           4.050       655360        40960
        5120          128          14.381      1310720        81920
        5120          256           4.140      2621440       163840
        5120          512           5.530      5242880       327680
        5120         1024           5.741     10485760       655360
        5120         2048           5.790     20971520      1310720
        5120         4096          17.510     41943040      2621440
        5120         8192           9.450     83886080      5242880
        5120        16384          14.530    167772160     10485760
        5120        32768          24.341    335544320     20971520
        5120        65536          45.051    671088640     41943040
        5120       131072          86.092   1342177280     83886080
        5120       262144         167.714   2684354560    167772160
        6144            1           8.310        12288          768
        6144            2           3.760        24576         1536
        6144            4           6.071        49152         3072
        6144            8           4.470        98304         6144
        6144           16           4.490       196608        12288
        6144           32           5.630       393216        24576
        6144           64           4.151       786432        49152
        6144          128           6.140      1572864        98304
        6144          256           4.230      3145728       196608
        6144          512           6.080      6291456       393216
        6144         1024           5.220     12582912       786432
        6144         2048           6.060     25165824      1572864
        6144         4096           6.800     50331648      3145728
        6144         8192           9.531    100663296      6291456
        6144        16384          14.240    201326592     12582912
        6144        32768          24.531    402653184     25165824
        6144        65536          45.391    805306368     50331648
        6144       131072          85.922   1610612736    100663296
        7168            1           5.791        14336          896
        7168            2           4.480        28672         1792
        7168            4           5.110        57344         3584
        7168            8           5.590       114688         7168
        7168           16           3.910       229376        14336
        7168           32           6.450       458752        28672
        7168           64           3.951       917504        57344
        7168          128          11.110      1835008       114688
        7168          256           3.970      3670016       229376
        7168          512           4.450      7340032       458752
        7168         1024           4.320     14680064       917504
        7168         2048          66.161     29360128      1835008
        7168         4096           7.170     58720256      3670016
        7168         8192           9.450    117440512      7340032
        7168        16384          14.440    234881024     14680064
        7168        32768          24.701    469762048     29360128
        7168        65536          46.521    939524096     58720256
        7168       131072          85.732   1879048192    117440512
        8192            1          16.510        16384         1024
        8192            2           4.240        32768         2048
        8192            4           4.190        65536         4096
        8192            8           4.180       131072         8192
        8192           16           4.550       262144        16384
        8192           32           5.780       524288        32768
        8192           64           4.180      1048576        65536
        8192          128           5.800      2097152       131072
        8192          256           4.200      4194304       262144
        8192          512           4.920      8388608       524288
        8192         1024           4.780     16777216      1048576
        8192         2048           6.090     33554432      2097152
        8192         4096           8.990     67108864      4194304
        8192         8192          10.840    134217728      8388608
        8192        16384          18.760    268435456     16777216
        8192        32768          31.310    536870912     33554432
        8192        65536         108.662   1073741824     67108864
        8192       131072         113.603   2147483648    134217728
        9216            1          22.141        18432         1152
        9216            2           5.490        36864         2304
        9216            4           4.541        73728         4608
        9216            8           6.250       147456         9216
        9216           16           4.300       294912        18432
        9216           32           4.480       589824        36864
        9216           64           5.240      1179648        73728
        9216          128           4.580      2359296       147456
        9216          256           5.670      4718592       294912
        9216          512           4.650      9437184       589824
        9216         1024           5.240     18874368      1179648
        9216         2048           5.560     37748736      2359296
        9216         4096           8.880     75497472      4718592
        9216         8192          11.010    150994944      9437184
        9216        16384          18.190    301989888     18874368
        9216        32768          31.100    603979776     37748736
        9216        65536          58.352   1207959552     75497472
        9216       131072         113.813   2415919104    150994944
       10240            1           3.590        20480         1280
       10240            2           5.580        40960         2560
       10240            4           4.530        81920         5120
       10240            8           4.761       163840        10240
       10240           16           5.120       327680        20480
       10240           32           4.550       655360        40960
       10240           64           4.870      1310720        81920
       10240          128           4.480      2621440       163840
       10240          256          18.030      5242880       327680
       10240          512           4.390     10485760       655360
       10240         1024           5.700     20971520      1310720
       10240         2048           5.360     41943040      2621440
       10240         4096           7.260     83886080      5242880
       10240         8192           9.170    167772160     10485760
       10240        16384          14.350    335544320     20971520
       10240        32768          25.540    671088640     41943040
       10240        65536          45.102   1342177280     83886080
       10240       131072          87.502   2684354560    167772160
       11264            1          10.220        22528         1408
       11264            2           4.360        45056         2816
       11264            4           4.750        90112         5632
       11264            8           4.620       180224        11264
       11264           16           4.560       360448        22528
       11264           32           4.151       720896        45056
       11264           64           7.040      1441792        90112
       11264          128           4.290      2883584       180224
       11264          256           5.900      5767168       360448
       11264          512           4.201     11534336       720896
       11264         1024           4.870     23068672      1441792
       11264         2048           6.350     46137344      2883584
       11264         4096           7.020     92274688      5767168
       11264         8192          11.050    184549376     11534336
       11264        16384          17.060    369098752     23068672
       11264        32768          30.840    738197504     46137344
       11264        65536          57.992   1476395008     92274688
       12288            1          19.660        24576         1536
       12288            2           4.541        49152         3072
       12288            4           4.450        98304         6144
       12288            8           5.070       196608        12288
       12288           16           4.280       393216        24576
       12288           32           5.450       786432        49152
       12288           64           4.100      1572864        98304
       12288          128           5.230      3145728       196608
       12288          256           4.880      6291456       393216
       12288          512           5.160     12582912       786432
       12288         1024           5.490     25165824      1572864
       12288         2048           6.220     50331648      3145728
       12288         4096           9.661    100663296      6291456
       12288         8192          12.680    201326592     12582912
       12288        16384          22.871    402653184     25165824
       12288        32768          38.261    805306368     50331648
       12288        65536          84.712   1610612736    100663296
       13312            1           4.951        26624         1664
       13312            2           4.430        53248         3328
       13312            4           5.740       106496         6656
       13312            8           3.940       212992        13312
       13312           16           7.140       425984        26624
       13312           32           4.040       851968        53248
       13312           64           4.900      1703936       106496
       13312          128           5.040      3407872       212992
       13312          256           4.610      6815744       425984
       13312          512           4.910     13631488       851968
       13312         1024           5.330     27262976      1703936
       13312         2048           6.801     54525952      3407872
       13312         4096           8.440    109051904      6815744
       13312         8192          14.270    218103808     13631488
       13312        16384          20.830    436207616     27262976
       13312        32768          38.971    872415232     54525952
       13312        65536          87.083   1744830464    109051904
       14336            1           4.230        28672         1792
       14336            2           4.450        57344         3584
       14336            4           4.070       114688         7168
       14336            8           5.610       229376        14336
       14336           16           4.091       458752        28672
       14336           32          22.910       917504        57344
       14336           64           4.260      1835008       114688
       14336          128           4.820      3670016       229376
       14336          256           5.290      7340032       458752
       14336          512           4.660     14680064       917504
       14336         1024           5.851     29360128      1835008
       14336         2048           5.930     58720256      3670016
       14336         4096          10.320    117440512      7340032
       14336         8192          11.881    234881024     14680064
       14336        16384          20.500    469762048     29360128
       14336        32768          37.921    939524096     58720256
       14336        65536          72.201   1879048192    117440512
       15360            1           5.610        30720         1920
       15360            2           3.940        61440         3840
       15360            4           6.170       122880         7680
       15360            8           4.100       245760        15360
       15360           16           6.610       491520        30720
       15360           32           6.771       983040        61440
       15360           64           4.210      1966080       122880
       15360          128           4.510      3932160       245760
       15360          256           5.011      7864320       491520
       15360          512          10.890     15728640       983040
       15360         1024          17.721     31457280      1966080
       15360         2048          12.370     62914560      3932160
       15360         4096          13.311    125829120      7864320
       15360         8192          17.610    251658240     15728640
       15360        16384          23.591    503316480     31457280
       15360        32768          37.151   1006632960     62914560
       15360        65536          71.122   2013265920    125829120
       16384            1           4.660        32768         2048
       16384            2           5.840        65536         4096
       16384            4           3.920       131072         8192
       16384            8           5.070       262144        16384
       16384           16           3.900       524288        32768
       16384           32           4.450      1048576        65536
       16384           64           5.070      2097152       131072
       16384          128           4.180      4194304       262144
       16384          256           5.650      8388608       524288
       16384          512           4.900     16777216      1048576
       16384         1024          20.151     33554432      2097152
       16384         2048           6.620     67108864      4194304
       16384         4096          13.361    134217728      8388608
       16384         8192          15.710    268435456     16777216
       16384        16384          46.012    536870912     33554432
       16384        32768          50.721   1073741824     67108864
       16384        65536          97.903   2147483648    134217728
       17408            1           5.840        34816         2176
       17408            2           4.000        69632         4352
       17408            4           6.440       139264         8704
       17408            8           4.510       278528        17408
       17408           16           5.081       557056        34816
       17408           32           4.280      1114112        69632
       17408           64           4.300      2228224       139264
       17408          128           4.990      4456448       278528
       17408          256           4.501      8912896       557056
       17408          512           5.990     17825792      1114112
       17408         1024          12.040     35651584      2228224
       17408         2048           8.501     71303168      4456448
       17408         4096          10.100    142606336      8912896
       17408         8192          16.251    285212672     17825792
       17408        16384          27.610    570425344     35651584
       17408        32768          96.082   1140850688     71303168
       17408        65536         175.504   2281701376    142606336
       18432            1           4.790        36864         2304
       18432            2           6.500        73728         4608
       18432            4           4.231       147456         9216
       18432            8           5.690       294912        18432
       18432           16           4.340       589824        36864
       18432           32           4.490      1179648        73728
       18432           64           5.520      2359296       147456
       18432          128           4.280      4718592       294912
       18432          256           5.460      9437184       589824
       18432          512           4.831     18874368      1179648
       18432         1024           5.610     37748736      2359296
       18432         2048           6.370     75497472      4718592
       18432         4096          13.631    150994944      9437184
       18432         8192          14.680    301989888     18874368
       18432        16384          27.621    603979776     37748736
       18432        32768          44.511   1207959552     75497472
       18432        65536         179.154   2415919104    150994944
       19456            1          12.880        38912         2432
       19456            2           4.090        77824         4864
       19456            4           4.570       155648         9728
       19456            8           5.520       311296        19456
       19456           16           4.360       622592        38912
       19456           32           5.000      1245184        77824
       19456           64           4.200      2490368       155648
       19456          128           5.410      4980736       311296
       19456          256           4.560      9961472       622592
       19456          512           5.070     19922944      1245184
       19456         1024           5.240     39845888      2490368
       19456         2048           6.990     79691776      4980736
       19456         4096          13.300    159383552      9961472
       19456         8192          13.860    318767104     19922944
       19456        16384          24.751    637534208     39845888
       19456        32768          44.341   1275068416     79691776
       19456        65536          85.852   2550136832    159383552
       20480            1           3.720        40960         2560
       20480            2           4.711        81920         5120
       20480            4           4.220       163840        10240
       20480            8           4.420       327680        20480
       20480           16           6.190       655360        40960
       20480           32           4.290      1310720        81920
       20480           64           5.670      2621440       163840
       20480          128           4.260      5242880       327680
       20480          256           5.050     10485760       655360
       20480          512           5.630     20971520      1310720
       20480         1024           6.180     41943040      2621440
       20480         2048           7.700     83886080      5242880
       20480         4096          10.961    167772160     10485760
       20480         8192          18.450    335544320     20971520
       20480        16384          30.610    671088640     41943040
       20480        32768          59.872   1342177280     83886080
       20480        65536         113.053   2684354560    167772160
       22528            1          14.130        45056         2816
       22528            2           6.430        90112         5632
       22528            4           4.130       180224        11264
       22528            8           6.670       360448        22528
       22528           16           4.201       720896        45056
       22528           32           6.130      1441792        90112
       22528           64           4.480      2883584       180224
       22528          128           4.650      5767168       360448
       22528          256           5.700     11534336       720896
       22528          512           4.880     23068672      1441792
       22528         1024           6.570     46137344      2883584
       22528         2048           6.981     92274688      5767168
       22528         4096          11.250    184549376     11534336
       22528         8192          16.901    369098752     23068672
       22528        16384          31.340    738197504     46137344
       22528        32768          65.311   1476395008     92274688
       24576            1           7.020        49152         3072
       24576            2           4.471        98304         6144
       24576            4           4.260       196608        12288
       24576            8           6.720       393216        24576
       24576           16           4.250       786432        49152
       24576           32           5.021      1572864        98304
       24576           64           4.240      3145728       196608
       24576          128           4.800      6291456       393216
       24576          256           5.460     12582912       786432
       24576          512           5.220     25165824      1572864
       24576         1024           5.850     50331648      3145728
       24576         2048           7.720    100663296      6291456
       24576         4096          12.141    201326592     12582912
       24576         8192          19.370    402653184     25165824
       24576        16384          35.791    805306368     50331648
       24576        32768          65.911   1610612736    100663296
       26624            1           5.330        53248         3328
       26624            2           4.220       106496         6656
       26624            4           4.300       212992        13312
       26624            8           5.860       425984        26624
       26624           16           4.300       851968        53248
       26624           32           6.010      1703936       106496
       26624           64           4.070      3407872       212992
       26624          128           4.900      6815744       425984
       26624          256           4.280     13631488       851968
       26624          512           5.150     27262976      1703936
       26624         1024           5.721     54525952      3407872
       26624         2048           7.590    109051904      6815744
       26624         4096          11.930    218103808     13631488
       26624         8192          19.091    436207616     27262976
       26624        16384          34.631    872415232     54525952
       26624        32768          64.062   1744830464    109051904
       28672            1          11.060        57344         3584
       28672            2           3.710       114688         7168
       28672            4           4.210       229376        14336
       28672            8           5.730       458752        28672
       28672           16           4.620       917504        57344
       28672           32           6.280      1835008       114688
       28672           64           5.060      3670016       229376
       28672          128           4.350      7340032       458752
       28672          256           4.760     14680064       917504
       28672          512           5.240     29360128      1835008
       28672         1024           7.130     58720256      3670016
       28672         2048           8.340    117440512      7340032
       28672         4096          13.150    234881024     14680064
       28672         8192          22.121    469762048     29360128
       28672        16384          39.571    939524096     58720256
       28672        32768          72.122   1879048192    117440512
       30720            1           6.580        61440         3840
       30720            2           3.650       122880         7680
       30720            4           4.130       245760        15360
       30720            8           4.910       491520        30720
       30720           16           4.000       983040        61440
       30720           32           6.090      1966080       122880
       30720           64           4.030      3932160       245760
       30720          128           4.580      7864320       491520
       30720          256           5.190     15728640       983040
       30720          512           4.960     31457280      1966080
       30720         1024           6.181     62914560      3932160
       30720         2048           7.990    125829120      7864320
       30720         4096          13.280    251658240     15728640
       30720         8192          21.461    503316480     31457280
       30720        16384          46.221   1006632960     62914560
       30720        32768          72.182   2013265920    125829120
       33792            1           4.390        67584         4224
       33792            2           4.441       135168         8448
       33792            4           4.490       270336        16896
       33792            8           6.360       540672        33792
       33792           16           4.360      1081344        67584
       33792           32           5.260      2162688       135168
       33792           64           4.360      4325376       270336
       33792          128           4.500      8650752       540672
       33792          256           4.700     17301504      1081344
       33792          512           5.780     34603008      2162688
       33792         1024           6.120     69206016      4325376
       33792         2048           8.340    138412032      8650752
       33792         4096          13.020    276824064     17301504
       33792         8192          21.190    553648128     34603008
       33792        16384          38.811   1107296256     69206016
       33792        32768          71.972   2214592512    138412032
       36864            1          11.000        73728         4608
       36864            2           4.470       147456         9216
       36864            4           4.130       294912        18432
       36864            8           5.170       589824        36864
       36864           16           4.000      1179648        73728
       36864           32           4.290      2359296       147456
       36864           64           4.380      4718592       294912
       36864          128           5.110      9437184       589824
       36864          256           5.560     18874368      1179648
       36864          512           5.450     37748736      2359296
       36864         1024           7.091     75497472      4718592
       36864         2048           9.240    150994944      9437184
       36864         4096          15.640    301989888     18874368
       36864         8192          25.020    603979776     37748736
       36864        16384          46.092   1207959552     75497472
       36864        32768          86.082   2415919104    150994944
       39936            1          14.690        79872         4992
       39936            2           4.700       159744         9984
       39936            4           4.090       319488        19968
       39936            8           5.480       638976        39936
       39936           16           4.000      1277952        79872
       39936           32           6.760      2555904       159744
       39936           64           4.400      5111808       319488
       39936          128           4.760     10223616       638976
       39936          256           4.401     20447232      1277952
       39936          512           5.610     40894464      2555904
       39936         1024           6.910     81788928      5111808
       39936         2048           9.391    163577856     10223616
       39936         4096          16.120    327155712     20447232
       39936         8192          24.811    654311424     40894464
       39936        16384          46.961   1308622848     81788928
       39936        32768          85.902   2617245696    163577856
       43008            1           4.570        86016         5376
       43008            2           4.070       172032        10752
       43008            4           4.230       344064        21504
       43008            8           5.750       688128        43008
       43008           16           4.460      1376256        86016
       43008           32           4.970      2752512       172032
       43008           64          16.411      5505024       344064
       43008          128           5.060     11010048       688128
       43008          256           5.070     22020096      1376256
       43008          512           6.801     44040192      2752512
       43008         1024           6.810     88080384      5505024
       43008         2048           8.740    176160768     11010048
       43008         4096          15.321    352321536     22020096
       43008         8192          24.391    704643072     44040192
       43008        16384          45.951   1409286144     88080384
       47104            1         488.323        94208         5888
       47104            2           4.830       188416        11776
       47104            4           5.060       376832        23552
       47104            8           4.420       753664        47104
       47104           16           5.390      1507328        94208
       47104           32           4.060      3014656       188416
       47104           64           5.910      6029312       376832
       47104          128           4.621     12058624       753664
       47104          256           5.080     24117248      1507328
       47104          512           5.480     48234496      3014656
       47104         1024           7.080     96468992      6029312
       47104         2048           9.410    192937984     12058624
       47104         4096          14.890    385875968     24117248
       47104         8192          25.861    771751936     48234496
       47104        16384          47.961   1543503872     96468992
       51200            1          23.591       102400         6400
       51200            2           4.360       204800        12800
       51200            4           4.370       409600        25600
       51200            8           3.690       819200        51200
       51200           16           4.280      1638400       102400
       51200           32           5.750      3276800       204800
       51200           64           4.290      6553600       409600
       51200          128           6.190     13107200       819200
       51200          256           4.930     26214400      1638400
       51200          512           5.870     52428800      3276800
       51200         1024           7.130    104857600      6553600
       51200         2048           9.891    209715200     13107200
       51200         4096          14.900    419430400     26214400
       51200         8192          27.471    838860800     52428800
       51200        16384          51.982   1677721600    104857600
       56320            1          17.530       112640         7040
       56320            2           5.231       225280        14080
       56320            4           4.270       450560        28160
       56320            8           4.500       901120        56320
       56320           16           4.681      1802240       112640
       56320           32           4.190      3604480       225280
       56320           64           5.650      7208960       450560
       56320          128           4.760     14417920       901120
       56320          256           6.281     28835840      1802240
       56320          512           5.940     57671680      3604480
       56320         1024           7.900    115343360      7208960
       56320         2048          10.631    230686720     14417920
       56320         4096          17.300    461373440     28835840
       56320         8192          29.741    922746880     57671680
       56320        16384          55.292   1845493760    115343360
       61440            1         420.821       122880         7680
       61440            2           3.950       245760        15360
       61440            4           5.300       491520        30720
       61440            8           4.551       983040        61440
       61440           16           4.810      1966080       122880
       61440           32           4.290      3932160       245760
       61440           64           4.240      7864320       491520
       61440          128           6.281     15728640       983040
       61440          256           4.760     31457280      1966080
       61440          512           7.130     62914560      3932160
       61440         1024           8.181    125829120      7864320
       61440         2048          13.580    251658240     15728640
       61440         4096          19.501    503316480     31457280
       61440         8192          35.531   1006632960     62914560
       61440        16384          65.561   2013265920    125829120
       67584            1         480.522       135168         8448
       67584            2           6.760       270336        16896
       67584            4           4.460       540672        33792
       67584            8           5.430      1081344        67584
       67584           16           4.471      2162688       135168
       67584           32           4.560      4325376       270336
       67584           64           4.080      8650752       540672
       67584          128           4.680     17301504      1081344
       67584          256           6.680     34603008      2162688
       67584          512           6.540     69206016      4325376
       67584         1024           9.800    138412032      8650752
       67584         2048          12.101    276824064     17301504
       67584         4096          21.040    553648128     34603008
       67584         8192          36.891   1107296256     69206016
       67584        16384          69.051   2214592512    138412032
       73728            1           5.550       147456         9216
       73728            2           3.870       294912        18432
       73728            4           5.390       589824        36864
       73728            8           4.830      1179648        73728
       73728           16           5.161      2359296       147456
       73728           32           4.280      4718592       294912
       73728           64           4.450      9437184       589824
       73728          128           4.130     18874368      1179648
       73728          256           5.341     37748736      2359296
       73728          512           7.210     75497472      4718592
       73728         1024           8.580    150994944      9437184
       73728         2048          26.461    301989888     18874368
       73728         4096          22.001    603979776     37748736
       73728         8192          40.851   1207959552     75497472
       73728        16384          76.602   2415919104    150994944
       80896            1           6.290       161792        10112
       80896            2           4.220       323584        20224
       80896            4           4.480       647168        40448
       80896            8           7.370      1294336        80896
       80896           16           4.900      2588672       161792
       80896           32           6.820      5177344       323584
       80896           64           4.131     10354688       647168
       80896          128           5.080     20709376      1294336
       80896          256           5.350     41418752      2588672
       80896          512           6.910     82837504      5177344
       80896         1024           9.500    165675008     10354688
       80896         2048          13.560    331350016     20709376
       80896         4096          25.141    662700032     41418752
       80896         8192          41.621   1325400064     82837504
       80896        16384          79.522   2650800128    165675008
       88064            1           7.060       176128        11008
       88064            2           4.300       352256        22016
       88064            4           4.900       704512        44032
       88064            8           4.440      1409024        88064
       88064           16           5.001      2818048       176128
       88064           32           4.420      5636096       352256
       88064           64           4.930     11272192       704512
       88064          128           4.140     22544384      1409024
       88064          256           5.491     45088768      2818048
       88064          512           6.570     90177536      5636096
       88064         1024           8.780    180355072     11272192
       88064         2048          14.721    360710144     22544384
       88064         4096          23.321    721420288     45088768
       88064         8192          43.151   1442840576     90177536
       96256            1           4.480       192512        12032
       96256            2           4.570       385024        24064
       96256            4           5.270       770048        48128
       96256            8           4.570      1540096        96256
       96256           16           4.610      3080192       192512
       96256           32           4.080      6160384       385024
       96256           64           5.800     12320768       770048
       96256          128           4.670     24641536      1540096
       96256          256           7.700     49283072      3080192
       96256          512           6.880     98566144      6160384
       96256         1024           9.661    197132288     12320768
       96256         2048          15.220    394264576     24641536
       96256         4096          26.221    788529152     49283072
       96256         8192          47.741   1577058304     98566144
      105472            1           4.360       210944        13184
      105472            2           6.560       421888        26368
      105472            4           3.980       843776        52736
      105472            8           4.820      1687552       105472
      105472           16           3.900      3375104       210944
      105472           32           4.490      6750208       421888
      105472           64           4.580     13500416       843776
      105472          128           5.020     27000832      1687552
      105472          256           6.850     54001664      3375104
      105472          512           7.421    108003328      6750208
      105472         1024          12.510    216006656     13500416
      105472         2048          15.571    432013312     27000832
      105472         4096          27.370    864026624     54001664
      105472         8192          49.161   1728053248    108003328
      115712            1           8.190       231424        14464
      115712            2           3.510       462848        28928
      115712            4           8.570       925696        57856
      115712            8           7.400      1851392       115712
      115712           16           5.710      3702784       231424
      115712           32           6.080      7405568       462848
      115712           64           4.471     14811136       925696
      115712          128           8.580     29622272      1851392
      115712          256           9.140     59244544      3702784
      115712          512           8.741    118489088      7405568
      115712         1024          12.970    236978176     14811136
      115712         2048          21.301    473956352     29622272
      115712         4096          39.881    947912704     59244544
      115712         8192          73.282   1895825408    118489088
      126976            1          21.100       253952        15872
      126976            2           5.320       507904        31744
      126976            4           4.350      1015808        63488
      126976            8           6.300      2031616       126976
      126976           16           4.340      4063232       253952
      126976           32           6.260      8126464       507904
      126976           64           4.740     16252928      1015808
      126976          128           5.970     32505856      2031616
      126976          256           6.570     65011712      4063232
      126976          512           9.180    130023424      8126464
      126976         1024          13.961    260046848     16252928
      126976         2048          22.470    520093696     32505856
      126976         4096          43.351   1040187392     65011712
      126976         8192          78.782   2080374784    130023424
      139264            1           4.830       278528        17408
      139264            2           4.540       557056        34816
      139264            4           4.280      1114112        69632
      139264            8           4.980      2228224       139264
      139264           16           4.630      4456448       278528
      139264           32           5.740      8912896       557056
      139264           64          16.650     17825792      1114112
      139264          128           6.370     35651584      2228224
      139264          256           6.851     71303168      4456448
      139264          512           9.480    142606336      8912896
      139264         1024          14.100    285212672     17825792
      139264         2048          23.900    570425344     35651584
      139264         4096          45.072   1140850688     71303168
      139264         8192          82.892   2281701376    142606336
      152576            1           4.901       305152        19072
      152576            2           3.890       610304        38144
      152576            4           6.310      1220608        76288
      152576            8           4.400      2441216       152576
      152576           16           7.250      4882432       305152
      152576           32           7.300      9764864       610304
      152576           64           7.140     19529728      1220608
      152576          128           8.410     39059456      2441216
      152576          256           7.130     78118912      4882432
      152576          512          11.361    156237824      9764864
      152576         1024          19.090    312475648     19529728
      152576         2048          25.771    624951296     39059456
      152576         4096          46.531   1249902592     78118912
      152576         8192          89.023   2499805184    156237824
      166912            1           4.881       333824        20864
      166912            2           3.840       667648        41728
      166912            4           5.950      1335296        83456
      166912            8           4.560      2670592       166912
      166912           16           5.750      5341184       333824
      166912           32           4.420     10682368       667648
      166912           64           5.310     21364736      1335296
      166912          128           6.121     42729472      2670592
      166912          256           6.870     85458944      5341184
      166912          512          10.520    170917888     10682368
      166912         1024          15.211    341835776     21364736
      166912         2048          27.491    683671552     42729472
      166912         4096          48.801   1367343104     85458944
      183296            1           5.440       366592        22912
      183296            2           4.230       733184        45824
      183296            4           4.500      1466368        91648
      183296            8           5.710      2932736       183296
      183296           16           4.620      5865472       366592
      183296           32           6.981     11730944       733184
      183296           64           4.530     23461888      1466368
      183296          128           6.480     46923776      2932736
      183296          256           6.870     93847552      5865472
      183296          512          10.360    187695104     11730944
      183296         1024          16.480    375390208     23461888
      183296         2048          27.900    750780416     46923776
      183296         4096          53.302   1501560832     93847552
      200704            1           3.421       401408        25088
      200704            2           5.450       802816        50176
      200704            4           4.270      1605632       100352
      200704            8           5.190      3211264       200704
      200704           16           3.960      6422528       401408
      200704           32           4.530     12845056       802816
      200704           64           4.770     25690112      1605632
      200704          128           5.520     51380224      3211264
      200704          256           8.770    102760448      6422528
      200704          512          10.660    205520896     12845056
      200704         1024          17.751    411041792     25690112
      200704         2048          30.021    822083584     51380224
      200704         4096          56.501   1644167168    102760448
      220160            1           5.540       440320        27520
      220160            2           4.730       880640        55040
      220160            4           5.860      1761280       110080
      220160            8           4.471      3522560       220160
      220160           16           5.400      7045120       440320
      220160           32           4.920     14090240       880640
      220160           64           5.630     28180480      1761280
      220160          128           6.131     56360960      3522560
      220160          256           7.980    112721920      7045120
      220160          512          11.400    225443840     14090240
      220160         1024          17.901    450887680     28180480
      220160         2048          32.921    901775360     56360960
      220160         4096          71.412   1803550720    112721920
      241664            1           5.730       483328        30208
      241664            2           4.070       966656        60416
      241664            4           4.460      1933312       120832
      241664            8           5.290      3866624       241664
      241664           16           4.410      7733248       483328
      241664           32           6.640     15466496       966656
      241664           64           5.290     30932992      1933312
      241664          128           7.160     61865984      3866624
      241664          256          16.181    123731968      7733248
      241664          512          12.090    247463936     15466496
      241664         1024          19.551    494927872     30932992
      241664         2048          34.271    989855744     61865984
      241664         4096          65.282   1979711488    123731968
      265216            1           5.260       530432        33152
      265216            2           4.250      1060864        66304
      265216            4           4.410      2121728       132608
      265216            8           5.451      4243456       265216
      265216           16           4.560      8486912       530432
      265216           32           5.100     16973824      1060864
      265216           64           5.640     33947648      2121728
      265216          128           6.311     67895296      4243456
      265216          256           9.160    135790592      8486912
      265216          512          13.531    271581184     16973824
      265216         1024          23.060    543162368     33947648
      265216         2048          40.731   1086324736     67895296
      265216         4096          77.931   2172649472    135790592
      290816            1           4.991       581632        36352
      290816            2           4.470      1163264        72704
      290816            4           4.690      2326528       145408
      290816            8           5.620      4653056       290816
      290816           16           5.760      9306112       581632
      290816           32           5.000     18612224      1163264
      290816           64           6.140     37224448      2326528
      290816          128           6.661     74448896      4653056
      290816          256           8.590    148897792      9306112
      290816          512          12.970    297795584     18612224
      290816         1024          21.760    595591168     37224448
      290816         2048          39.921   1191182336     74448896
      290816         4096          83.513   2382364672    148897792
      319488            1          12.691       638976        39936
      319488            2           4.170      1277952        79872
      319488            4          14.061      2555904       159744
      319488            8           4.610      5111808       319488
      319488           16           4.950     10223616       638976
      319488           32           4.850     20447232      1277952
      319488           64           5.270     40894464      2555904
      319488          128           7.420     81788928      5111808
      319488          256           8.760    163577856     10223616
      319488          512          16.411    327155712     20447232
      319488         1024          23.241    654311424     40894464
      319488         2048          42.631   1308622848     81788928
      319488         4096          80.582   2617245696    163577856
      351232            1           4.800       702464        43904
      351232            2           5.120      1404928        87808
      351232            4           4.520      2809856       175616
      351232            8           6.760      5619712       351232
      351232           16           4.650     11239424       702464
      351232           32           5.470     22478848      1404928
      351232           64           5.870     44957696      2809856
      351232          128           6.891     89915392      5619712
      351232          256           9.120    179830784     11239424
      351232          512          14.240    359661568     22478848
      351232         1024          25.340    719323136     44957696
      351232         2048          44.981   1438646272     89915392
      386048            1           6.050       772096        48256
      386048            2           4.011      1544192        96512
      386048            4           5.010      3088384       193024
      386048            8           4.850      6176768       386048
      386048           16           4.950     12353536       772096
      386048           32           5.281     24707072      1544192
      386048           64           5.500     49414144      3088384
      386048          128           8.630     98828288      6176768
      386048          256          10.211    197656576     12353536
      386048          512          15.930    395313152     24707072
      386048         1024          26.631    790626304     49414144
      386048         2048          49.301   1581252608     98828288
      423936            1           3.731       847872        52992
      423936            2           6.590      1695744       105984
      423936            4           8.190      3391488       211968
      423936            8           4.651      6782976       423936
      423936           16           6.410     13565952       847872
      423936           32           5.190     27131904      1695744
      423936           64           6.000     54263808      3391488
      423936          128           7.520    108527616      6782976
      423936          256          10.440    217055232     13565952
      423936          512          17.061    434110464     27131904
      423936         1024          28.691    868220928     54263808
      423936         2048          54.071   1736441856    108527616
      465920            1           5.610       931840        58240
      465920            2           5.310      1863680       116480
      465920            4           4.701      3727360       232960
      465920            8           4.510      7454720       465920
      465920           16           4.840     14909440       931840
      465920           32           4.980     29818880      1863680
      465920           64           6.511     59637760      3727360
      465920          128           7.390    119275520      7454720
      465920          256          11.510    238551040     14909440
      465920          512          17.910    477102080     29818880
      465920         1024          30.771    954204160     59637760
      465920         2048          57.491   1908408320    119275520
      512000            1           5.590      1024000        64000
      512000            2           5.070      2048000       128000
      512000            4           4.440      4096000       256000
      512000            8           6.570      8192000       512000
      512000           16           4.830     16384000      1024000
      512000           32           6.450     32768000      2048000
      512000           64           5.980     65536000      4096000
      512000          128           7.850    131072000      8192000
      512000          256          11.300    262144000     16384000
      512000          512          18.380    524288000     32768000
      512000         1024          33.850   1048576000     65536000
      512000         2048          62.151   2097152000    131072000
      563200            1          13.250      1126400        70400
      563200            2           9.630      2252800       140800
      563200            4           7.910      4505600       281600
      563200            8           5.161      9011200       563200
      563200           16          12.220     18022400      1126400
      563200           32           7.051     36044800      2252800
      563200           64          15.840     72089600      4505600
      563200          128           9.861    144179200      9011200
      563200          256          14.890    288358400     18022400
      563200          512          20.331    576716800     36044800
      563200         1024          36.461   1153433600     72089600
      563200         2048          67.032   2306867200    144179200
      619520            1           5.410      1239040        77440
      619520            2           4.480      2478080       154880
      619520            4           6.660      4956160       309760
      619520            8           4.750      9912320       619520
      619520           16           7.040     19824640      1239040
      619520           32           5.471     39649280      2478080
      619520           64           6.520     79298560      4956160
      619520          128           8.680    158597120      9912320
      619520          256          12.771    317194240     19824640
      619520          512          21.160    634388480     39649280
      619520         1024          38.291   1268776960     79298560
      619520         2048          73.811   2537553920    158597120
      680960            1          18.520      1361920        85120
      680960            2          10.300      2723840       170240
      680960            4           4.820      5447680       340480
      680960            8           5.020     10895360       680960
      680960           16           5.710     21790720      1361920
      680960           32           5.520     43581440      2723840
      680960           64           8.561     87162880      5447680
      680960          128           8.930    174325760     10895360
      680960          256          15.691    348651520     21790720
      680960          512          22.490    697303040     43581440
      680960         1024          42.071   1394606080     87162880
      748544            1           5.880      1497088        93568
      748544            2           4.410      2994176       187136
      748544            4           5.780      5988352       374272
      748544            8           5.060     11976704       748544
      748544           16           5.900     23953408      1497088
      748544           32           5.420     47906816      2994176
      748544           64           7.760     95813632      5988352
      748544          128          17.220    191627264     11976704
      748544          256          18.921    383254528     23953408
      748544          512          26.991    766509056     47906816
      748544         1024          50.251   1533018112     95813632
      823296            1          10.600      1646592       102912
      823296            2           3.890      3293184       205824
      823296            4           6.880      6586368       411648
      823296            8           4.910     13172736       823296
      823296           16           5.341     26345472      1646592
      823296           32           6.060     52690944      3293184
      823296           64           7.410    105381888      6586368
      823296          128          10.491    210763776     13172736
      823296          256          15.440    421527552     26345472
      823296          512          28.531    843055104     52690944
      823296         1024          49.471   1686110208    105381888
      905216            1           6.510      1810432       113152
      905216            2           3.961      3620864       226304
      905216            4           4.410      7241728       452608
      905216            8           5.980     14483456       905216
      905216           16           5.390     28966912      1810432
      905216           32           6.351     57933824      3620864
      905216           64           7.050    115867648      7241728
      905216          128          11.140    231735296     14483456
      905216          256          16.451    463470592     28966912
      905216          512          28.961    926941184     57933824
      905216         1024          53.261   1853882368    115867648
      995328            1           5.180      1990656       124416
      995328            2           5.140      3981312       248832
      995328            4           4.790      7962624       497664
      995328            8           6.811     15925248       995328
      995328           16           5.200     31850496      1990656
      995328           32           6.420     63700992      3981312
      995328           64           8.251    127401984      7962624
      995328          128          11.220    254803968     15925248
      995328          256          18.191    509607936     31850496
      995328          512          31.110   1019215872     63700992
      995328         1024          58.831   2038431744    127401984
     1094656            1           8.070      2189312       136832
     1094656            2           5.390      4378624       273664
     1094656            4           4.510      8757248       547328
     1094656            8           5.280     17514496      1094656
     1094656           16           5.740     35028992      2189312
     1094656           32           6.271     70057984      4378624
     1094656           64           8.440    140115968      8757248
     1094656          128          12.310    280231936     17514496
     1094656          256          21.050    560463872     35028992
     1094656          512          35.331   1120927744     70057984
     1094656         1024          66.132   2241855488    140115968
     1203200            1           7.511      2406400       150400
     1203200            2           4.460      4812800       300800
     1203200            4           5.380      9625600       601600
     1203200            8           4.990     19251200      1203200
     1203200           16           6.960     38502400      2406400
     1203200           32           6.270     77004800      4812800
     1203200           64          10.120    154009600      9625600
     1203200          128          12.320    308019200     19251200
     1203200          256          21.041    616038400     38502400
     1203200          512          36.131   1232076800     77004800
     1203200         1024          68.332   2464153600    154009600
     1323008            1           8.050      2646016       165376
     1323008            2           4.510      5292032       330752
     1323008            4           6.950     10584064       661504
     1323008            8           4.780     21168128      1323008
     1323008           16           5.980     42336256      2646016
     1323008           32           6.200     84672512      5292032
     1323008           64           9.250    169345024     10584064
     1323008          128          14.061    338690048     21168128
     1323008          256          21.780    677380096     42336256
     1323008          512          51.002   1354760192     84672512
     1323008         1024          75.082   2709520384    169345024
     1455104            1           7.450      2910208       181888
     1455104            2           8.540      5820416       363776
     1455104            4           4.980     11640832       727552
     1455104            8           5.140     23281664      1455104
     1455104           16           5.690     46563328      2910208
     1455104           32           7.420     93126656      5820416
     1455104           64           9.720    186253312     11640832
     1455104          128          16.580    372506624     23281664
     1455104          256          27.261    745013248     46563328
     1455104          512          45.541   1490026496     93126656
     1600512            1           8.421      3201024       200064
     1600512            2           4.360      6402048       400128
     1600512            4           4.510     12804096       800256
     1600512            8           5.591     25608192      1600512
     1600512           16           6.920     51216384      3201024
     1600512           32           6.920    102432768      6402048
     1600512           64          10.831    204865536     12804096
     1600512          128          15.460    409731072     25608192
     1600512          256          25.821    819462144     51216384
     1600512          512          48.141   1638924288    102432768
     1760256            1           6.100      3520512       220032
     1760256            2           5.441      7041024       440064
     1760256            4           5.120     14082048       880128
     1760256            8           6.580     28164096      1760256
     1760256           16           5.420     56328192      3520512
     1760256           32           7.950    112656384      7041024
     1760256           64          10.490    225312768     14082048
     1760256          128          16.891    450625536     28164096
     1760256          256          28.491    901251072     56328192
     1760256          512          52.551   1802502144    112656384
     1935360            1          13.430      3870720       241920
     1935360            2           4.490      7741440       483840
     1935360            4           6.141     15482880       967680
     1935360            8           5.150     30965760      1935360
     1935360           16           6.640     61931520      3870720
     1935360           32           8.401    123863040      7741440
     1935360           64          10.970    247726080     15482880
     1935360          128          19.371    495452160     30965760
     1935360          256          44.031    990904320     61931520
     1935360          512          58.861   1981808640    123863040
     2128896            1          22.990      4257792       266112
     2128896            2           5.540      8515584       532224
     2128896            4           4.860     17031168      1064448
     2128896            8           6.080     34062336      2128896
     2128896           16           7.211     68124672      4257792
     2128896           32           8.390    136249344      8515584
     2128896           64          13.170    272498688     17031168
     2128896          128          20.650    544997376     34062336
     2128896          256          35.131   1089994752     68124672
     2128896          512          62.222   2179989504    136249344
     2340864            1          13.200      4681728       292608
     2340864            2           4.480      9363456       585216
     2340864            4           5.600     18726912      1170432
     2340864            8           6.210     37453824      2340864
     2340864           16           6.771     74907648      4681728
     2340864           32          10.000    149815296      9363456
     2340864           64          12.520    299630592     18726912
     2340864          128          20.650    599261184     37453824
     2340864          256          35.681   1198522368     74907648
     2340864          512          68.102   2397044736    149815296
     2574336            1           8.620      5148672       321792
     2574336            2           4.960     10297344       643584
     2574336            4           5.870     20594688      1287168
     2574336            8           5.820     41189376      2574336
     2574336           16           9.420     82378752      5148672
     2574336           32           8.990    164757504     10297344
     2574336           64          13.651    329515008     20594688
     2574336          128          22.600    659030016     41189376
     2574336          256          39.581   1318060032     82378752
     2574336          512          75.311   2636120064    164757504
     2831360            1           9.570      5662720       353920
     2831360            2           6.340     11325440       707840
     2831360            4           5.611     22650880      1415680
     2831360            8           6.950     45301760      2831360
     2831360           16           7.080     90603520      5662720
     2831360           32           9.551    181207040     11325440
     2831360           64          14.500    362414080     22650880
     2831360          128          23.561    724828160     45301760
     2831360          256          43.421   1449656320     90603520
     3113984            1           9.431      6227968       389248
     3113984            2           6.010     12455936       778496
     3113984            4           5.560     24911872      1556992
     3113984            8           6.521     49823744      3113984
     3113984           16           7.580     99647488      6227968
     3113984           32          10.260    199294976     12455936
     3113984           64          15.601    398589952     24911872
     3113984          128          25.491    797179904     49823744
     3113984          256          47.451   1594359808     99647488
     3425280            1          10.530      6850560       428160
     3425280            2           5.790     13701120       856320
     3425280            4           6.120     27402240      1712640
     3425280            8           6.710     54804480      3425280
     3425280           16           7.840    109608960      6850560
     3425280           32          11.301    219217920     13701120
     3425280           64          16.820    438435840     27402240
     3425280          128          27.911    876871680     54804480
     3425280          256          51.532   1753743360    109608960
     3767296            1          12.101      7534592       470912
     3767296            2           5.870     15069184       941824
     3767296            4           6.651     30138368      1883648
     3767296            8           6.770     60276736      3767296
     3767296           16           8.760    120553472      7534592
     3767296           32          11.341    241106944     15069184
     3767296           64          18.180    482213888     30138368
     3767296          128          29.891    964427776     60276736
     3767296          256          56.032   1928855552    120553472
     4143104            1          17.531      8286208       517888
     4143104            2           6.110     16572416      1035776
     4143104            4           6.380     33144832      2071552
     4143104            8           6.950     66289664      4143104
     4143104           16           9.490    132579328      8286208
     4143104           32          11.971    265158656     16572416
     4143104           64          19.160    530317312     33144832
     4143104          128          32.411   1060634624     66289664
     4143104          256          73.362   2121269248    132579328
     4556800            1          13.820      9113600       569600
     4556800            2           5.530     18227200      1139200
     4556800            4           6.101     36454400      2278400
     4556800            8           7.380     72908800      4556800
     4556800           16          23.111    145817600      9113600
     4556800           32          12.680    291635200     18227200
     4556800           64          20.621    583270400     36454400
     4556800          128          35.711   1166540800     72908800
     4556800          256          65.562   2333081600    145817600
     5012480            1         151.204     10024960       626560
     5012480            2           5.600     20049920      1253120
     5012480            4           7.820     40099840      2506240
     5012480            8           7.230     80199680      5012480
     5012480           16          12.070    160399360     10024960
     5012480           32          13.620    320798720     20049920
     5012480           64          22.181    641597440     40099840
     5012480          128          38.901   1283194880     80199680
     5012480          256          80.052   2566389760    160399360
     5513216            1          16.301     11026432       689152
     5513216            2           5.900     22052864      1378304
     5513216            4           7.220     44105728      2756608
     5513216            8           7.960     88211456      5513216
     5513216           16          10.360    176422912     11026432
     5513216           32          14.521    352845824     22052864
     5513216           64          23.720    705691648     44105728
     5513216          128          42.521   1411383296     88211456
     6064128            1          20.450     12128256       758016
     6064128            2           6.790     24256512      1516032
     6064128            4           6.590     48513024      3032064
     6064128            8           9.791     97026048      6064128
     6064128           16          11.520    194052096     12128256
     6064128           32          15.641    388104192     24256512
     6064128           64          25.780    776208384     48513024
     6064128          128          46.052   1552416768     97026048
     6670336            1          20.310     13340672       833792
     6670336            2           5.810     26681344      1667584
     6670336            4           9.450     53362688      3335168
     6670336            8           8.770    106725376      6670336
     6670336           16          11.600    213450752     13340672
     6670336           32          16.610    426901504     26681344
     6670336           64          27.770    853803008     53362688
     6670336          128          49.812   1707606016    106725376
     7336960            1          19.860     14673920       917120
     7336960            2           7.530     29347840      1834240
     7336960            4           7.230     58695680      3668480
     7336960            8          10.801    117391360      7336960
     7336960           16          11.740    234782720     14673920
     7336960           32          18.081    469565440     29347840
     7336960           64          30.851    939130880     58695680
     7336960          128          54.341   1878261760    117391360
     8070144            1          21.321     16140288      1008768
     8070144            2           6.420     32280576      2017536
     8070144            4           8.770     64561152      4035072
     8070144            8           9.650    129122304      8070144
     8070144           16          12.611    258244608     16140288
     8070144           32          19.530    516489216     32280576
     8070144           64          32.791   1032978432     64561152
     8070144          128          59.412   2065956864    129122304
     8877056            1          26.901     17754112      1109632
     8877056            2           7.390     35508224      2219264
     8877056            4           8.251     71016448      4438528
     8877056            8          10.950    142032896      8877056
     8877056           16          13.710    284065792     17754112
     8877056           32          20.900    568131584     35508224
     8877056           64          35.911   1136263168     71016448
     8877056          128          64.362   2272526336    142032896
     9763840            1          25.991     19527680      1220480
     9763840            2           7.210     39055360      2440960
     9763840            4           9.731     78110720      4881920
     9763840            8          10.280    156221440      9763840
     9763840           16          14.481    312442880     19527680
     9763840           32          22.340    624885760     39055360
     9763840           64          38.261   1249771520     78110720
     9763840          128          81.022   2499543040    156221440
    10739712            1          28.600     21479424      1342464
    10739712            2           9.810     42958848      2684928
    10739712            4          17.611     85917696      5369856
    10739712            8          13.350    171835392     10739712
    10739712           16          15.701    343670784     21479424
    10739712           32          24.510    687341568     42958848
    10739712           64          41.861   1374683136     85917696
    11812864            1          38.130     23625728      1476608
    11812864            2           8.230     47251456      2953216
    11812864            4           9.000     94502912      5906432
    11812864            8          13.161    189005824     11812864
    11812864           16          16.540    378011648     23625728
    11812864           32          26.350    756023296     47251456
    11812864           64          46.361   1512046592     94502912
    12993536            1          37.611     25987072      1624192
    12993536            2           7.940     51974144      3248384
    12993536            4           9.320    103948288      6496768
    12993536            8          13.701    207896576     12993536
    12993536           16          17.550    415793152     25987072
    12993536           32          29.701    831586304     51974144
    12993536           64          49.822   1663172608    103948288
    14291968            1          37.201     28583936      1786496
    14291968            2           8.360     57167872      3572992
    14291968            4          10.090    114335744      7145984
    14291968            8          14.331    228671488     14291968
    14291968           16          18.900    457342976     28583936
    14291968           32          32.970    914685952     57167872
    14291968           64          53.811   1829371904    114335744
    15720448            1          39.661     31440896      1965056
    15720448            2           8.560     62881792      3930112
    15720448            4          10.650    125763584      7860224
    15720448            8          14.521    251527168     15720448
    15720448           16          20.590    503054336     31440896
    15720448           32          34.441   1006108672     62881792
    15720448           64          59.322   2012217344    125763584
    17292288            1          43.811     34584576      2161536
    17292288            2           9.390     69169152      4323072
    17292288            4          11.680    138338304      8646144
    17292288            8          14.990    276676608     17292288
    17292288           16          21.860    553353216     34584576
    17292288           32          35.861   1106706432     69169152
    17292288           64          64.972   2213412864    138338304
    19020800            1          46.581     38041600      2377600
    19020800            2          10.140     76083200      4755200
    19020800            4          12.961    152166400      9510400
    19020800            8          15.880    304332800     19020800
    19020800           16          23.681    608665600     38041600
    19020800           32          39.251   1217331200     76083200
    19020800           64         101.353   2434662400    152166400
    20922368            1          48.471     41844736      2615296
    20922368            2          10.570     83689472      5230592
    20922368            4          13.660    167378944     10461184
    20922368            8          16.920    334757888     20922368
    20922368           16          25.761    669515776     41844736
    20922368           32          42.541   1339031552     83689472
    20922368           64          77.062   2678063104    167378944
    23014400            1          54.111     46028800      2876800
    23014400            2          11.170     92057600      5753600
    23014400            4          13.730    184115200     11507200
    23014400            8          18.720    368230400     23014400
    23014400           16          28.331    736460800     46028800
    23014400           32          46.701   1472921600     92057600
    25315328            1          60.092     50630656      3164416
    25315328            2          11.740    101261312      6328832
    25315328            4          14.641    202522624     12657664
    25315328            8          21.050    405045248     25315328
    25315328           16          30.460    810090496     50630656
    25315328           32          51.972   1620180992    101261312
    27846656            1          65.161     55693312      3480832
    27846656            2          12.850    111386624      6961664
    27846656            4          15.370    222773248     13923328
    27846656            8          21.690    445546496     27846656
    27846656           16          42.281    891092992     55693312
    27846656           32          55.712   1782185984    111386624
    30630912            1          79.792     61261824      3828864
    30630912            2          13.770    122523648      7657728
    30630912            4          17.331    245047296     15315456
    30630912            8          23.461    490094592     30630912
    30630912           16          35.811    980189184     61261824
    30630912           32          60.541   1960378368    122523648
    33693696            1          77.072     67387392      4211712
    33693696            2          16.460    134774784      8423424
    33693696            4          17.790    269549568     16846848
    33693696            8          27.211    539099136     33693696
    33693696           16          38.781   1078198272     67387392
    33693696           32          66.902   2156396544    134774784
    37062656            1          84.822     74125312      4632832
    37062656            2          16.370    148250624      9265664
    37062656            4          20.391    296501248     18531328
    37062656            8          27.331    593002496     37062656
    37062656           16          43.391   1186004992     74125312
    37062656           32          72.622   2372009984    148250624
    40768512            1          92.172     81537024      5096064
    40768512            2          16.841    163074048     10192128
    40768512            4          21.350    326148096     20384256
    40768512            8          29.420    652296192     40768512
    40768512           16          45.972   1304592384     81537024
    40768512           32          80.532   2609184768    163074048
    44845056            1         100.673     89690112      5605632
    44845056            2          20.161    179380224     11211264
    44845056            4          22.570    358760448     22422528
    44845056            8          32.280    717520896     44845056
    44845056           16          51.201   1435041792     89690112
    49329152            1         112.252     98658304      6166144
    49329152            2          20.120    197316608     12332288
    49329152            4          24.421    394633216     24664576
    49329152            8          36.391    789266432     49329152
    49329152           16          54.732   1578532864     98658304
    54261760            1         191.635    108523520      6782720
    54261760            2          29.271    217047040     13565440
    54261760            4          32.371    434094080     27130880
    54261760            8          40.481    868188160     54261760
    54261760           16          59.102   1736376320    108523520
    59687936            1         134.663    119375872      7460992
    59687936            2          25.671    238751744     14921984
    59687936            4          31.131    477503488     29843968
    59687936            8          41.161    955006976     59687936
    59687936           16          66.342   1910013952    119375872
    65655808            1         146.493    131311616      8206976
    65655808            2          26.690    262623232     16413952
    65655808            4          30.741    525246464     32827904
    65655808            8          44.581   1050492928     65655808
    65655808           16          72.851   2100985856    131311616
    72220672            1         161.734    144441344      9027584
    72220672            2          30.901    288882688     18055168
    72220672            4          34.741    577765376     36110336
    72220672            8          49.611   1155530752     72220672
    72220672           16          79.502   2311061504    144441344
    79441920            1         176.094    158883840      9930240
    79441920            2          34.771    317767680     19860480
    79441920            4          38.791    635535360     39720960
    79441920            8          55.482   1271070720     79441920
    79441920           16          93.052   2542141440    158883840
    87386112            1         187.174    174772224     10923264
    87386112            2          39.951    349544448     21846528
    87386112            4          54.031    699088896     43693056
    87386112            8          59.102   1398177792     87386112
    96123904            1         209.005    192247808     12015488
    96123904            2          46.111    384495616     24030976
    96123904            4          46.951    768991232     48061952
    96123904            8          80.222   1537982464     96123904
   105736192            1         218.726    211472384     13217024
   105736192            2          53.441    422944768     26434048
   105736192            4          52.102    845889536     52868096
   105736192            8          72.522   1691779072    105736192
   116308992            1         214.455    232617984     14538624
   116308992            2          65.042    465235968     29077248
   116308992            4          60.732    930471936     58154496
   116308992            8          80.332   1860943872    116308992
   127939584            1         227.056    255879168     15992448
   127939584            2          77.402    511758336     31984896
   127939584            4          67.932   1023516672     63969792
   127939584            8          91.493   2047033344    127939584
   140733440            1         231.466    281466880     17591680
   140733440            2          93.823    562933760     35183360
   140733440            4          78.802   1125867520     70366720
   140733440            8         112.893   2251735040    140733440
   154806272            1         231.146    309612544     19350784
   154806272            2         112.493    619225088     38701568
   154806272            4          83.883   1238450176     77403136
   154806272            8         110.072   2476900352    154806272
   170286080            1         224.496    340572160     21285760
   170286080            2         122.353    681144320     42571520
   170286080            4          94.883   1362288640     85143040
   187314176            1         227.865    374628352     23414272
   187314176            2         131.843    749256704     46828544
   187314176            4         104.943   1498513408     93657088
   206045184            1         236.206    412090368     25755648
   206045184            2         150.204    824180736     51511296
   206045184            4         124.673   1648361472    103022592
   226649088            1         241.916    453298176     28331136
   226649088            2         162.194    906596352     56662272
   226649088            4         129.343   1813192704    113324544
   249313280            1         253.686    498626560     31164160
   249313280            2         186.395    997253120     62328320
   249313280            4         140.704   1994506240    124656640
   274244608            1         282.567    548489216     34280576
   274244608            2         232.535   1096978432     68561152
   274244608            4         173.384   2193956864    137122304
   301668352            1         333.708    603336704     37708544
   301668352            2         253.177   1206673408     75417088
   301668352            4         174.074   2413346816    150834176
   331834368            1         305.787    663668736     41479296
   331834368            2         276.897   1327337472     82958592
   331834368            4         218.456   2654674944    165917184
   365017088            1         336.979    730034176     45627136
   365017088            2         319.158   1460068352     91254272
   401518592            1         379.780    803037184     50189824
   401518592            2         380.540   1606074368    100379648
   441669632            1         452.471    883339264     55208704
   441669632            2         479.032   1766678528    110417408
   485835776            1         495.592    971671552     60729472
   485835776            2         615.216   1943343104    121458944
   534418432            1         595.474   1068836864     66802304
   534418432            2         790.019   2137673728    133604608
   587859968            1         692.147   1175719936     73482496
   587859968            2         978.734   2351439872    146964992
   646645760            1         838.650   1293291520     80830720
   646645760            2        1271.861   2586583040    161661440
   711310336            1        1012.345   1422620672     88913792
   782440448            1        1203.450   1564880896     97805056
   860684288            1        1462.037   1721368576    107585536
   946752512            1        1675.791   1893505024    118344064
  1041427456            1        1996.440   2082854912    130178432
  1145569280            1        2268.076   2291138560    143196160
  1260126208            1        2601.775   2520252416    157515776

META_DATA
FLOPS          1
MPI_PROCS      128
ERT_VERSION  1.1.0
HOSTNAME  ('tcn1101.local.snellius.surf.nl', [], ['172.18.60.87'])
UNAME  uname_result(system='Linux', node='tcn1101.local.snellius.surf.nl', release='4.18.0-372.80.1.el8_6.x86_64', version='#1 SMP Fri Nov 3 14:30:16 EDT 2023', machine='x86_64', processor='x86_64')
TIMESTAMP_DATA  1707409492.1337323
CONFIG  {'ERT_RESULTS': ['Results.snellius.genoa.01'], 'ERT_DRIVER': ['driver1'], 'ERT_KERNEL': ['kernel1'], 'ERT_MPI': ['True'], 'ERT_MPI_CFLAGS': [], 'ERT_MPI_LDFLAGS': [], 'ERT_OPENMP': ['False'], 'ERT_OPENMP_CFLAGS': ['-fopenmp'], 'ERT_OPENMP_LDFLAGS': ['-fopenmp'], 'ERT_FLOPS': ['1,2,4,8,16'], 'ERT_ALIGN': ['32'], 'ERT_CC': ['mpic++'], 'ERT_CFLAGS': ['-Ofast', '-fargument-noalias', '-mavx2'], 'ERT_LD': ['mpic++'], 'ERT_LDFLAGS': [], 'ERT_LDLIBS': [], 'ERT_RUN': ['export', 'OMP_NUM_THREADS=ERT_OPENMP_THREADS;', 'mpirun', '-np', 'ERT_MPI_PROCS', 'ERT_CODE'], 'ERT_PROCS_THREADS': ['64,128'], 'ERT_MPI_PROCS': ['64,128'], 'ERT_OPENMP_THREADS': [], 'ERT_NUM_EXPERIMENTS': ['5'], 'ERT_MEMORY_MAX': ['1357905920'], 'ERT_WORKING_SET_MIN': ['1'], 'ERT_TRIALS_MIN': ['1'], 'ERT_GNUPLOT': ['gnuplot'], 'ERT_GPU': [False], 'ERT_HIP': [False], 'ERT_PRECISION': ['FP64'], 'ERT_OCL': [False], 'ERT_SYCL': [False], 'ERT_WSS_MULT': [1.1]}
