fp64
 512 134217728 10846044.206 10847132.019 10848102.941 12.669399822208048 12.670533854594916 12.671804656297564 50.67759928883219 50.682135418379666 50.687218625190255
 1024 67108864 5394800.93 5395519.661 5395828.55 25.471334420364414 25.472792633013444 25.476186286636533 101.88533768145766 101.89117053205378 101.90474514654613
 1536 33554432 2801727.032 2802233.513 2802418.891 36.78222960708696 36.784662886158266 36.7913126177811 147.12891842834784 147.13865154463306 147.1652504711244
 2048 33554432 2704549.58 2704670.785 2705531.797 50.799237925940375 50.81540948873746 50.81768679278566 203.1969517037615 203.26163795494983 203.27074717114263
 2560 16777216 1400702.118 1401015.401 1401412.201 61.29484662592859 61.31220674568445 61.325919919826944 245.17938650371437 245.2488269827378 245.30367967930778
 3072 16777216 1387933.607 1388264.952 1388451.792 74.2403990530483 74.25039071648334 74.26811670538358 296.9615962121932 297.00156286593335 297.0724668215343
 3584 16777216 2094756.605 2095070.43 2095474.817 57.38989717861162 57.40097448084359 57.40957398150798 229.55958871444648 229.60389792337435 229.63829592603193
 4096 16777216 1388251.911 1388324.623 1388977.15 98.94975844059063 98.99626585532367 99.00145094920025 395.7990337623625 395.9850634212947 396.005803796801
 4608 16777216 2094915.624 2095362.28 2095482.547 73.78673846621162 73.79097358572284 73.80670652537937 295.14695386484647 295.16389434289135 295.2268261015175
 5120 8388608 1040948.904 1041091.128 1041333.911 82.4897230490749 82.50895969598542 82.52023282787376 329.9588921962996 330.0358387839417 330.080931311495
 5632 8388608 1394254.738 1394614.801 1395023.441 67.73311310401127 67.75295977372895 67.77045681590505 270.93245241604507 271.0118390949158 271.0818272636202
 6144 8388608 1040882.451 1041136.83 1041346.089 98.98651004968626 99.00640543472082 99.03060139496961 395.94604019874504 396.0256217388833 396.12240557987843
 6656 8388608 1394371.123 1394712.526 1395043.81 80.0470557953302 80.06606925390157 80.08567292740759 320.1882231813208 320.2642770156063 320.34269170963034
 7168 8388608 1388203.529 1388413.943 1388612.348 86.6037843183575 86.61616003952793 86.62928869992808 346.41513727343 346.4646401581117 346.51715479971233
 7680 8388608 1741370.161 1741732.704 1741843.16 73.97280182218013 73.9774929781648 73.99289465601449 295.8912072887205 295.9099719126592 295.97157862405794
 8192 8388608 1388244.101 1388449.922 1388578.915 98.97813655913103 98.98733205589824 99.00200791272803 395.9125462365241 395.94932822359294 396.00803165091213
 8704 8388608 1741171.795 1741626.599 1741898.72 83.83316801794308 83.84626655785246 83.86816768071988 335.3326720717723 335.38506623140984 335.4726707228795
 9216 8388608 1735094.044 1735339.203 1735808.266 89.07598015551793 89.10005743470776 89.11264677017127 356.3039206220717 356.40022973883106 356.45058708068507
 9728 8388608 2088453.752 2088589.903 2088617.416 78.14200724255572 78.14303660741197 78.1481309278234 312.5680289702229 312.5721464296479 312.5925237112936
 10240 4194304 867652.711 867809.121 868066.249 98.95482749036128 98.98414736758683 99.00199103970759 395.81930996144513 395.9365894703473 396.00796415883036
 11264 4194304 1041093.425 1041132.399 1041279.774 90.743412934092 90.75625790029804 90.75965541901293 362.973651736368 363.02503160119215 363.0386216760517
 12288 4194304 1040954.683 1041162.975 1041436.458 98.97792065197703 99.00391925097028 99.02372964683612 395.9116826079081 396.01567700388114 396.09491858734447
 13312 4194304 1214528.111 1214727.477 1214949.761 91.91256567192329 91.92938482941717 91.94447512956741 367.65026268769316 367.7175393176687 367.77790051826963
 14336 4194304 1214454.724 1214595.152 1215016.857 98.97729697753483 99.01166169647283 99.02311046385292 395.90918791013934 396.0466467858913 396.09244185541166
 15360 4194304 1388355.601 1388457.282 1388603.909 92.79033282629193 92.80013188047077 92.8069284174696 371.1613313051677 371.2005275218831 371.2277136698784
 16896 4194304 1564555.118 1564826.804 1565096.458 90.55922402962845 90.57482937134044 90.59055774857016 362.2368961185138 362.29931748536177 362.36223099428065
 18432 4194304 1561619.548 1561812.84 1562097.391 98.98155105234407 98.99958477483128 99.01183860948954 395.9262042093763 395.9983390993251 396.0473544379582
 19968 4194304 1912031.911 1912168.51 1912257.488 87.59475415582737 87.59883015958671 87.60508837762801 350.3790166233095 350.39532063834685 350.42035351051203
 21504 2097152 954221.284 954409.028 954597.113 94.48416718184647 94.50278713834629 94.52138065702589 377.9366687273859 378.01114855338517 378.08552262810355
 23552 2097152 1040967.482 1041299.554 1041521.984 94.84605157215769 94.86631145527217 94.8965741160395 379.38420628863076 379.4652458210887 379.586296464158
 25600 2097152 1127791.196 1127858.17 1128509.274 95.14692069779126 95.20184829622683 95.2075018681029 380.58768279116504 380.8073931849073 380.8300074724116
 28160 2097152 1302799.006 1303053.428 1303656.141 90.60027174757887 90.64217790461927 90.65987930297823 362.4010869903155 362.5687116184771 362.6395172119129
 30720 2097152 1301399.36 1301453.287 1303518.547 98.84709287531142 99.00395209497826 99.00805459132852 395.3883715012457 396.01580837991304 396.03221836531407
 33792 2097152 1474798.276 1475247.98 1475420.863 96.06338389428075 96.0746414768858 96.10393711092186 384.253535577123 384.2985659075432 384.41574844368745
 36864 2097152 1561602.855 1561747.708 1562158.997 98.97764757168312 99.00371350889152 99.01289701215357 395.9105902867325 396.0148540355661 396.0515880486143
 40448 2097152 1823501.091 1823850.705 1824392.708 92.99050990944872 93.01814437273252 93.03597844241708 371.9620396377949 372.0725774909301 372.1439137696683
 44032 1048576 954309.885 954558.629 954637.919 96.72965532390508 96.73769013092227 96.76290512698608 386.9186212956203 386.9507605236891 387.05162050794434
 48128 1048576 1041162.878 1041296.81 1041928.528 96.87011032296064 96.92887799781121 96.94134663145375 387.48044129184257 387.71551199124485 387.765386525815
 52736 1048576 1171999.59 1172141.075 1172965.765 94.28698703069139 94.35332506541502 94.36471549618886 377.14794812276557 377.4133002616601 377.45886198475546
 57856 1048576 1258654.756 1259158.82 1259464.428 96.3368424026661 96.360224131218 96.39881431632233 385.3473696106644 385.440896524872 385.5952572652893
 63488 1048576 1344652.623 1345080.849 1373214.333 96.9579059702401 98.98586116588149 99.01738478667289 387.8316238809604 395.94344466352595 396.06953914669157
 69632 1048576 1474623.65 1475043.889 1475766.758 98.95119758755266 98.99969021464148 99.02790319685977 395.8047903502106 395.9987608585659 396.11161278743907
 76288 1048576 1648979.943 1649345.534 1649573.88 96.98718785241677 97.00061538227077 97.0221211332223 387.94875140966707 388.00246152908306 388.0884845328892
 83456 524288 911408.069 911498.437 911764.822 95.97865210904132 96.00670182608333 96.01622108965549 383.9146084361653 384.0268073043333 384.06488435862195
 91648 524288 998163.752 998224.761 998342.311 96.25946149847194 96.2707969212557 96.27668111113697 385.03784599388774 385.0831876850228 385.10672444454787
 100352 524288 1062710.178 1062912.559 1063042.386 98.98636229167253 98.99845275231151 99.01730587546889 395.94544916669014 395.99381100924603 396.06922350187557
 110080 524288 1193164.924 1193492.244 1193717.354 96.69562538671109 96.71386358837536 96.74039502689905 386.78250154684434 386.85545435350144 386.9615801075962
 120832 524288 1279685.934 1279804.073 1279963.046 98.98843222697228 99.00072824037652 99.00986786340655 395.9537289078891 396.00291296150607 396.0394714536262
 132608 524288 1431658.714 1432151.556 1432392.932 97.07501559216016 97.0913766950514 97.12479995983176 388.3000623686406 388.3655067802056 388.49919983932705
 145408 524288 1539991.412 1540044.712 1540330.345 98.98612950327873 99.00448851903204 99.00791512206173 395.94451801311493 396.01795407612815 396.0316604882469
 159744 524288 1691693.657 1691983.849 1692242.245 98.98330161589837 98.99841812497112 99.01540024749292 395.9332064635935 395.9936724998845 396.0616009899717
 175616 262144 943596.571 943760.802 943978.879 97.53752277332467 97.5600609952012 97.57704111877277 390.15009109329867 390.2402439808048 390.3081644750911
 193024 262144 1030388.031 1030561.575 1030835.117 98.17299124084846 98.19904930183333 98.21558856209191 392.69196496339384 392.7961972073333 392.86235424836764
 211968 262144 1127697.784 1128058.557 1128124.374 98.51066189622102 98.51640953777188 98.54792690095417 394.0426475848841 394.0656381510875 394.19170760381667
 232960 262144 1247134.513 1247265.128 1247800.288 97.88275708428111 97.92475532114773 97.93501118511664 391.53102833712444 391.6990212845909 391.74004474046654
 256000 262144 1355469.619 1355665.109 1355825.164 98.99338909157463 99.00507662914262 99.0193554459888 395.9735563662985 396.0203065165705 396.0774217839552
 281600 262144 1496549.065 1496584.387 1497126.662 98.61523713883335 98.65096955605216 98.65329794583114 394.4609485553334 394.60387822420864 394.61319178332457
 309760 262144 1648404.513 1648534.818 1648931.277 98.49012699635996 98.513813057966 98.52160049260918 393.96050798543985 394.055252231864 394.0864019704367
 340480 131072 905443.728 905611.614 906011.023 98.5140211919916 98.55746960418288 98.57574398041443 394.0560847679664 394.22987841673154 394.3029759216577
 374272 131072 997774.954 998030.38 998128.732 98.29709938457117 98.30678618019624 98.33195228510415 393.1883975382847 393.22714472078496 393.3278091404166
 411648 131072 1089855.551 1089975.956 1090295.053 98.97417494014805 99.00315022361833 99.0140878880563 395.8966997605922 396.01260089447334 396.0563515522252
 452608 131072 1198258.942 1198381.111 1198647.69 98.98527527467225 99.00729447662331 99.01738880743524 395.941101098689 396.02917790649326 396.06955522974096
 497664 131072 1317647.582 1317755.435 1318012.051 98.98212350715448 99.00139900845865 99.00950253935198 395.92849402861793 396.0055960338346 396.03801015740794
 547328 131072 1453174.027 1453405.182 1453965.422 98.68099272583665 98.71903101003255 98.73473415169978 394.7239709033466 394.8761240401302 394.93893660679913
 601600 131072 1599840.527 1600068.609 1600247.53 98.55089756020432 98.56191760337197 98.57596912845301 394.2035902408173 394.24767041348787 394.30387651381204
 661504 65536 875750.159 875815.827 875985.479 98.97955430377631 98.9987273751334 99.00615078049904 395.91821721510524 395.9949095005336 396.02460312199617
 727552 65536 965153.494 965311.75 965493.891 98.76985927402414 98.78849578283906 98.80469411013706 395.07943709609657 395.15398313135626 395.21877644054825
 800256 65536 1062902.876 1062956.128 1063309.327 98.6459459806845 98.6787240498415 98.68366790645509 394.583783922738 394.714896199366 394.73467162582034
 880128 65536 1168683.681 1168746.073 1169093.132 98.67489086917328 98.70419236565853 98.70946184282349 394.69956347669313 394.8167694626341 394.83784737129395
 967680 65536 1282306.501 1282759.145 1283019.565 98.85722433235068 98.87729388200931 98.91219678063537 395.42889732940273 395.50917552803725 395.6487871225415
 1064448 65536 1412597.883 1412901.894 1413163.551 98.72836598231792 98.74664960708164 98.7679012796595 394.9134639292717 394.98659842832654 395.071605118638
 1170432 65536 1550542.702 1550845.397 1551022.325 98.90951318447334 98.92079726371331 98.94010845758699 395.63805273789336 395.68318905485324 395.76043383034795
 1287168 65536 1705377.794 1705580.842 1705618.106 98.91527505630268 98.91743618447609 98.92921362619784 395.6611002252107 395.66974473790435 395.71685450479134
 1415680 32768 938256.414 938337.187 938735.344 98.83297254438946 98.87490953718326 98.88342152063349 395.33189017755785 395.499638148733 395.53368608253396
 1556992 32768 1031707.387 1031814.745 1032010.837 98.87398858002496 98.89277916066223 98.90306980229076 395.4959543200998 395.5711166426489 395.61227920916303
 1712640 32768 1134618.794 1134854.149 1135173.896 98.87434465811572 98.90220266534006 98.92271803846042 395.49737863246287 395.6088106613602 395.69087215384167
 1883648 32768 1248605.197 1248857.422 1248938.567 98.8413350262087 98.84775728065458 98.86772506201575 395.3653401048348 395.3910291226183 395.470900248063
 2071552 32768 1371695.302 1371898.039 1372595.366 98.90841484306746 98.95868935781749 98.97331548344108 395.63365937226985 395.83475743126996 395.89326193376434
 2278400 32768 1509034.729 1509287.143 1509485.721 98.91926788222995 98.93228276178326 98.94883101792416 395.6770715289198 395.729131047133 395.79532407169665
 2506240 32768 1660805.189 1660999.343 1661515.73 98.854883931794 98.88561686204109 98.89717694035937 395.419535727176 395.54246744816436 395.5887077614375
 2756608 16384 912504.512 912569.437 912646.057 98.97432882241664 98.98263877973812 98.98968142746017 395.89731528966655 395.9305551189525 395.9587257098407
 3032064 16384 1003857.766 1004101.362 1004216.985 98.93745538669613 98.94884810643252 98.97285902154391 395.7498215467845 395.7953924257301 395.89143608617564
 3335168 16384 1104211.937 1104389.291 1104485.385 98.94814952576307 98.95675910171425 98.97265313117151 395.7925981030523 395.827036406857 395.89061252468605
 3668480 16384 1214547.343 1214980.192 1215142.409 98.92564998939149 98.93885795958721 98.97411849181411 395.70259995756595 395.75543183834884 395.89647396725644
 4035072 16384 1335811.933 1336241.955 1336410.68 98.93758054672236 98.95007322682066 98.98192704346802 395.75032218688943 395.80029290728265 395.9277081738721
 4438528 16384 1469400.143 1469785.912 1470074.059 98.93493774248009 98.95433363223037 98.98031261046366 395.73975096992035 395.8173345289215 395.9212504418546
 4881920 16384 1616386.652 1616538.489 1616956.566 98.93324157477709 98.95882816805606 98.96812397087277 395.73296629910834 395.83531267222423 395.87249588349107
 5369856 8192 888508.935 888625.077 889051.988 98.95902814628204 99.00656979096259 99.0195114965276 395.83611258512815 396.02627916385035 396.0780459861104
 5906432 8192 977196.502 977428.083 977626.726 98.98561415556063 99.00573103136428 99.02919391334456 395.9424566222425 396.0229241254571 396.1167756533782
 6496768 8192 1075174.495 1075377.649 1075533.637 98.96765963443316 98.98201530502519 99.00071793648712 395.87063853773265 395.92806122010074 396.0028717459485
 7145984 8192 1182628.915 1182766.565 1183107.491 98.95956432246105 98.98808887618497 98.9996104196387 395.8382572898442 395.9523555047399 395.9984416785548
 7860224 8192 1300692.899 1300904.545 1301495.906 98.94914722536208 98.99412721015594 99.0102353253487 395.79658890144833 395.97650884062375 396.0409413013948
 8646144 8192 1430950.285 1431174.709 1431811.124 98.93652935189795 98.98052446369775 98.99604813733973 395.7461174075918 395.922097854791 395.9841925493589
 9510400 8192 1573974.678 1574357.997 1574824.924 98.943311872552 98.9726567254195 98.99676009908464 395.773247490208 395.890626901678 395.98704039633856
 10461184 4096 865308.956 865781.443 865944.571 98.96478619761449 98.98343285234864 99.03748104509391 395.85914479045795 395.93373140939457 396.14992418037565
 11507200 4096 952101.352 952421.133 952589.289 98.95868396647488 98.97615575063054 99.00939873888554 395.8347358658995 395.90462300252216 396.03759495554215
 12657664 4096 1047269.037 1047379.875 1047725.157 98.96830556680048 99.00093171830325 99.01140950851965 395.8732222672019 396.003726873213 396.0456380340786
 13923328 4096 1151865.011 1152304.57 1152537.246 98.96417957151208 98.98416264720706 99.02193563200437 395.8567182860483 395.93665058882823 396.0877425280175
 15315456 4096 1267185.868 1267498.072 1267655.217 98.9734541927894 98.98572496763529 99.01011266012634 395.8938167711576 395.94289987054117 396.04045064050536
 16846848 4096 1393516.702 1393814.961 1394053.732 98.99860790731701 99.01556711443565 99.03675974455597 395.99443162926804 396.0622684577426 396.14703897822386
 18531328 4096 1533162.655 1533378.598 1533491.922 98.99539527929772 99.00271151169412 99.01665585247379 395.9815811171909 396.01084604677646 396.06662340989516
 20384256 4096 1686716.707 1686804.128 1686899.199 98.99099202311021 98.99657131500688 99.00170221768012 395.96396809244084 395.9862852600275 396.0068088707205
 22422528 2048 927405.141 927720.185 927728.311 98.99738274560428 98.99824987423335 99.03188005726184 395.98953098241714 395.9929994969334 396.1275202290474
 24664576 2048 1020236.83 1020359.885 1020568.719 98.99000568525165 99.01026567307672 99.02220771230147 395.9600227410066 396.04106269230687 396.08883084920586
 27130880 2048 1122259.668 1122417.124 1122879.855 98.9670301637035 99.0078306039814 99.02172166450875 395.868120654814 396.0313224159256 396.086886658035
 29843968 2048 1234335.509 1234678.04 1235229.214 98.96211289575281 99.00629068287307 99.03376516084654 395.84845158301124 396.0251627314923 396.13506064338617
 32827904 2048 1357906.078 1358076.26 1358774.582 98.95908899479252 99.00997369912054 99.02238230058205 395.8363559791701 396.03989479648214 396.0895292023282
 36110336 2048 1493483.119 1493926.643 1495046.702 98.93198390266741 99.0061573297746 99.03555947457616 395.72793561066965 396.0246293190984 396.14223789830464
 39720960 2048 1643417.387 1643548.502 1644381.106 98.94120746483449 98.9913300167396 98.9992277354432 395.76482985933796 395.9653200669584 395.9969109417728
 43693056 1024 903472.765 903644.311 903719.939 99.01671394681931 99.0250008755934 99.04380314994884 396.06685578727723 396.1000035023736 396.1752125997954
 48061952 1024 993861.724 994077.014 994262.088 98.99892481468125 99.01735610999653 99.03880521713299 395.995699258725 396.0694244399861 396.15522086853196
 52868096 1024 1093177.711 1093341.447 1093636.933 99.0034785227942 99.0302351612945 99.0450678956443 396.0139140911768 396.120940645178 396.1802715825772
 58154496 1024 1202683.027 1202918.974 1203239.494 98.9831271346218 99.00950137311577 99.02892543938762 395.9325085384872 396.03800549246307 396.1157017575505
 63969792 1024 1323107.023 1323257.13 1323346.133 98.99914372289174 99.00580245957187 99.01703470589166 395.996574891567 396.02320983828747 396.06813882356664
 70366720 1024 1455183.443 1455492.379 1455688.066 98.99857388815056 99.01188397771747 99.03290423845209 395.99429555260224 396.0475359108699 396.13161695380836
 77403136 1024 1600845.769 1601136.201 1601285.816 98.99645706222879 99.00570759001907 99.02366961123535 395.98582824891514 396.0228303600763 396.0946784449414
 85143040 512 879836.074 879994.336 880117.478 99.06231286092014 99.0761751448364 99.09399663919669 396.2492514436806 396.3047005793456 396.37598655678676
 93657088 512 967832.163 968026.494 968305.543 99.04400403912591 99.07255504517215 99.09244782145146 396.17601615650364 396.2902201806886 396.36979128580583
 103022592 512 1064662.414 1064751.964 1065440.367 99.01552210289023 99.07953943722428 99.08787313308873 396.0620884115609 396.31815774889714 396.35149253235494
 113324544 512 1170992.147 1171343.809 1171458.488 99.05970569569172 99.06940401645987 99.09915566325311 396.2388227827669 396.2776160658395 396.39662265301246
 124656640 512 1288091.973 1288346.777 1288521.427 99.06579486008036 99.07922435078983 99.09882371419762 396.26317944032144 396.3168974031593 396.3952948567905
 137122304 512 1416892.687 1417151.668 1417453.074 99.06023830458038 99.08130686827798 99.09941704427756 396.2409532183215 396.3252274731119 396.39766817711023
 150834176 512 1558864.659 1558942.448 1559201.647 99.0597954544105 99.0762657224149 99.08120973316645 396.239181817642 396.3050628896596 396.3248389326658
 165917184 512 1714797.864 1715075.098 1715222.365 99.05374363282628 99.0622490024632 99.07826454815317 396.21497453130513 396.2489960098528 396.3130581926127
 182508544 256 942003.499 942076.492 942373.268 99.1585581860966 99.189795437545 99.19748135457829 396.6342327443864 396.75918175018 396.78992541831315
 200759296 256 1036101.133 1036379.208 1036479.015 99.17109566564645 99.18064619451532 99.2072648877221 396.6843826625858 396.7225847780613 396.8290595508884
 220834816 256 1139929.369 1140075.37 1140203.128 99.16428311359623 99.17539556354066 99.18809784784132 396.6571324543849 396.70158225416264 396.7523913913653
 242917888 256 1253647.663 1253958.317 1254041.525 99.17850101175877 99.18508212741493 99.20966019939847 396.7140040470351 396.7403285096597 396.8386407975939
 267209216 256 1379166.772 1379251.614 1379407.185 99.1810975611237 99.19228457179824 99.19838656901749 396.7243902444948 396.76913828719296 396.79354627606995
 293929984 256 1516817.712 1517101.387 1517666.447 99.16022859007043 99.19716183609289 99.21571367304813 396.6409143602817 396.78864734437155 396.8628546921925
 323322880 256 1668721.332 1668962.376 1669013.299 99.18513810476232 99.18816441911211 99.20249198324505 396.74055241904927 396.75265767644845 396.8099679329802
 355655168 128 915465.13 915820.612 915846.432 99.41374429900056 99.4165470999467 99.45515129341956 397.6549771960022 397.6661883997868 397.82060517367825
 391220224 128 1007111.806 1007201.101 1007401.177 99.41657765603345 99.43632631513576 99.44514278089994 397.6663106241338 397.74530526054303 397.78057112359977
 430342144 128 1107728.552 1107934.637 1108051.714 99.42459135440677 99.43509768979268 99.45359688083583 397.6983654176271 397.74039075917074 397.8143875233433
 473376256 128 1218623.281 1218725.377 1219044.164 99.40929550768925 99.43529840521241 99.44362907342159 397.637182030757 397.74119362084963 397.77451629368636
 520713728 128 1340555.705 1340702.234 1340742.338 99.42455801526273 99.42753207048062 99.43839996414025 397.69823206105093 397.7101282819225 397.753599856561
 572784640 128 1474482.826 1474667.482 1475122.099 99.40388523729925 99.434529905773 99.44698253135165 397.615540949197 397.738119623092 397.7879301254066
 630063104 128 1622218.397 1622415.577 1622458.76 99.41464066796989 99.41728673627004 99.42937086787333 397.65856267187957 397.6691469450802 397.7174834714933
 693069312 64 887964.354 888017.734 888171.953 99.8825414789922 99.89988773805275 99.9058932223759 399.5301659159688 399.599550952211 399.6235728895036
 762376192 64 976713.105 976932.879 977101.803 99.87101883998878 99.8882877970985 99.91076404774972 399.4840753599551 399.553151188394 399.6430561909989
 838613504 64 1074513.895 1074596.388 1074879.003 99.86475520724262 99.89101928006853 99.89868815237611 399.4590208289705 399.56407712027413 399.59475260950444
 922474496 64 1181716.365 1181839.494 1182253.586 99.87428829672419 99.9092821719495 99.91969222496127 399.49715318689675 399.637128687798 399.67876889984507
 1014721536 64 1300031.91 1300180.291 1300692.372 99.85785986296229 99.89718926450024 99.9085911729659 399.43143945184914 399.58875705800097 399.6343646918636
 1116193280 64 1429855.184 1430178.501 1430335.577 99.88756634276182 99.8985369589191 99.92112588654993 399.55026537104726 399.5941478356764 399.6845035461997
 1227812352 64 1573292.916 1573383.207 1573886.554 99.85470722561367 99.88665212441154 99.89238460157155 399.41882890245466 399.54660849764616 399.5695384062862
 1350593536 32 856947.908 857172.999 857267.368 100.82967056784086 100.84077123852569 100.86725867122368 403.31868227136346 403.36308495410276 403.4690346848947
 1485652480 32 942586.886 942663.514 942984.888 100.83062828468148 100.86500358599856 100.87320344917252 403.3225131387259 403.46001434399426 403.4928137966901
 1634217472 32 1036801.555 1037074.743 1037263.602 100.83253476390664 100.85089711610111 100.8774704316488 403.33013905562655 403.40358846440444 403.5098817265952
 1797639168 32 1140951.147 1141053.21 1141330.709 100.80242811726535 100.82694281364846 100.83596221845944 403.2097124690614 403.30777125459383 403.34384887383777
 1977402880 32 1254733.457 1254868.894 1255074.119 100.83371364619782 100.8502042923378 100.8610901494436 403.3348545847913 403.4008171693512 403.4443605977744
 2175142912 32 1380067.68 1380420.097 1380613.403 100.83137398601657 100.84549382505838 100.87124594353227 403.3254959440663 403.38197530023353 403.4849837741291
 2392656896 32 1518245.439 1518394.974 1518733.662 100.82744932534457 100.84993955202594 100.85987246229429 403.3097973013783 403.3997582081038 403.43948984917716
 2631922176 32 1670081.142 1670260.362 1670372.595 100.841584547189 100.84836058870681 100.85918284322499 403.366338188756 403.39344235482724 403.43673137289994
 2895114240 16 900759.361 900996.733 901134.35 102.80781736929681 102.82352009371824 102.85061659214885 411.23126947718725 411.294080374873 411.4024663685954
 3184625664 16 990879.982 990923.879 991208.119 102.81193151526234 102.84142244189475 102.84597842244027 411.2477260610494 411.365689767579 411.3839136897611
 3503088128 16 1089955.531 1090080.738 1090235.652 102.82072494176698 102.83533704271362 102.84715009717218 411.28289976706793 411.3413481708545 411.3886003886887
 3853396480 16 1199064.872 1199165.319 1199576.753 102.793495332099 102.82876381284005 102.83737789292856 411.173981328396 411.3150552513602 411.34951157171423
 4238735872 16 1318952.685 1319147.74 1319639.57 102.78529909799538 102.82362148761291 102.83882769001681 411.1411963919815 411.29448595045164 411.35531076006725
 4662609408 16 1450839.523 1450955.099 1451318.827 102.80546099192854 102.8312324473936 102.83942413388472 411.22184396771416 411.3249297895744 411.3576965355389
 5128869888 16 1596164.047 1596239.941 1596637.861 102.79340132471027 102.81902626317003 102.82391507594205 411.1736052988411 411.2761050526801 411.2956603037682
 5641756672 8 843315.923 843405.987 843615.919 107.00142650105681 107.028060202755 107.03949052791691 428.00570600422725 428.11224081102 428.15796211166764
 6205932032 8 927661.483 927752.184 927904.509 107.00983942734564 107.02740906940295 107.03787354724093 428.03935770938256 428.1096362776118 428.15149418896374
 6826525184 8 1020474.501 1020516.598 1020787.501 107.00013747915199 107.02854138585995 107.03295656772124 428.00054991660795 428.1141655434398 428.13182627088497
 7509177344 8 1122498.457 1122741.588 1123217.206 106.9666996393928 107.01201308310314 107.03519167866439 427.8667985575712 428.04805233241257 428.14076671465756
 8260094976 8 1234765.659 1235046.34 1235204.762 106.99563641740556 107.00936097345141 107.03368582750647 427.98254566962225 428.03744389380563 428.1347433100259
 9086104064 8 1358151.57 1358322.222 1359923.569 106.90134970666135 107.02737735523847 107.0408253653162 427.6053988266454 428.1095094209539 428.1633014612648
 9994714112 8 1493926.33 1494110.595 1494761.077 106.98393760222325 107.03051455973379 107.04371599903457 427.935750408893 428.12205823893515 428.1748639961383
 10994185216 4 754470.176 754738.235 755032.275 116.48969804370283 116.53508150146918 116.57648575892813 465.9587921748113 466.1403260058767 466.3059430357125
 12093603328 4 829980.385 830077.609 830608.612 116.47944076939093 116.55395299790577 116.56760614168009 465.91776307756373 466.21581199162307 466.27042456672035
 13302963200 4 913019.193 913180.108 913288.498 116.52802573672619 116.54185704185313 116.56239695280973 466.11210294690477 466.16742816741254 466.24958781123894
 14633259520 4 1004346.383 1004519.559 1004589.95 116.53120376129584 116.53936960325528 116.55946408680398 466.12481504518337 466.1574784130211 466.23785634721594
 16096585216 4 1104832.315 1104852.375 1105656.799 116.46713685880387 116.55193457678 116.55405076380303 465.8685474352155 466.20773830712 466.21620305521213
 17706243584 4 1215179.431 1215424.233 1215778.576 116.50966012087385 116.5436271764708 116.56710528372989 466.0386404834954 466.1745087058832 466.26842113491955
 19476867584 4 1336780.76 1336834.001 1340971.688 116.19554839699197 116.55518976585337 116.55983189943579 464.78219358796787 466.2207590634135 466.23932759774317
 21424553984 2 604400.091 604486.766 604554.286 141.75437660531284 141.7702102943971 141.790541087129 567.0175064212514 567.0808411775884 567.162164348516
 23567009280 2 664907.455 664943.096 664999.485 141.75655657838593 141.7685779235461 141.77617713731306 567.0262263135437 567.0743116941844 567.1047085492522
 25923709952 2 731334.767 731472.358 731477.417 141.76082186280263 141.76180230723085 141.78847292241474 567.0432874512105 567.0472092289234 567.153891689659
 28516080640 2 804410.482 804509.957 804595.286 141.76608357608498 141.7811197580989 141.7986526933397 567.0643343043399 567.1244790323956 567.1946107733588
 31367688704 2 884911.356 885043.339 885593.608 141.67983337115504 141.7679217356383 141.78906617625097 566.7193334846202 567.0716869425532 567.1562647050039
 34504457216 2 973443.973 973533.63 973578.05 141.76349689067044 141.76996521835613 141.7830226414068 567.0539875626818 567.0798608734245 567.1320905656272
 37954902528 2 1070749.742 1070847.795 1070911.747 141.76668669225083 141.7751531271538 141.78813606662536 567.0667467690033 567.1006125086152 567.1525442665014
 41750392320 2 1177869.913 1178088.208 1178205.363 141.7423265285205 141.7564220963665 141.78269385848557 566.969306114082 567.025688385466 567.1307754339423
 45925431296 1 647822.054 647964.187 648231.602 141.6945152143323 141.7529925801285 141.78409337080086 566.7780608573293 567.011970320514 567.1363734832034
 50517974016 1 712676.244 712726.092 712796.564 141.74584044712088 141.75985580727132 141.76977117256064 566.9833617884835 567.0394232290853 567.0790846902426
 55569771008 1 783937.168 784035.881 784144.758 141.73345021073263 141.75313236206338 141.77098184991274 566.9338008429305 567.0125294482535 567.083927399651
 61126747648 1 862349.063 862368.323 863066.67 141.65011759288538 141.7648260440568 141.7679922683467 566.6004703715415 567.0593041762272 567.0719690733868
 67239421952 1 948568.504 948623.882 949037.334 141.7002672984412 141.76202650567467 141.77030265807772 566.8010691937648 567.0481060226987 567.0812106323109
 73963363840 1 1043361.469 1043489.223 1043521.144 141.75728832189336 141.7616247676379 141.7789827161041 567.0291532875734 567.0464990705516 567.1159308644164
 81359699968 1 1147668.199 1147750.029 1147791.883 141.76733809155192 141.7725077975145 141.78261633264964 567.0693523662077 567.090031190058 567.1304653305986
 
META_DATA
 FLOPS          64
 MPI_PROCS      64
 ERT_VERSION  1.1.0
 HOSTNAME  ('tcn539.local.snellius.surf.nl', [], ['172.18.58.37'])
 UNAME  uname_result(system='Linux', node='tcn539.local.snellius.surf.nl', release='4.18.0-372.80.1.el8_6.x86_64', version='#1 SMP Fri Nov 3 14:30:16 EDT 2023', machine='x86_64', processor='x86_64')
 TIMESTAMP_DATA  1713825036.6426818
 CONFIG  {'ERT_RESULTS': ['Results.snellius.genoa.01'], 'ERT_DRIVER': ['driver1'], 'ERT_KERNEL': ['kernel1'], 'ERT_MPI': ['True'], 'ERT_MPI_CFLAGS': [], 'ERT_MPI_LDFLAGS': [], 'ERT_OPENMP': ['False'], 'ERT_OPENMP_CFLAGS': ['-fopenmp'], 'ERT_OPENMP_LDFLAGS': ['-fopenmp'], 'ERT_FLOPS': ['1,2,4,8,16,32,64'], 'ERT_ALIGN': ['32'], 'ERT_CC': ['mpic++'], 'ERT_CFLAGS': ['-Ofast', '-fargument-noalias', '-mavx2'], 'ERT_LD': ['mpic++'], 'ERT_LDFLAGS': [], 'ERT_LDLIBS': [], 'ERT_RUN': ['export', 'OMP_NUM_THREADS=ERT_OPENMP_THREADS;', 'mpirun', '-np', 'ERT_MPI_PROCS', 'ERT_CODE'], 'ERT_PROCS_THREADS': ['64,128'], 'ERT_MPI_PROCS': ['64,128'], 'ERT_OPENMP_THREADS': [], 'ERT_NUM_EXPERIMENTS': ['5'], 'ERT_MEMORY_MAX': ['85496692736'], 'ERT_WORKING_SET_MIN': ['1'], 'ERT_TRIALS_MIN': ['1'], 'ERT_GNUPLOT': ['gnuplot'], 'ERT_GPU': [False], 'ERT_HIP': [False], 'ERT_PRECISION': ['FP64'], 'ERT_OCL': [False], 'ERT_SYCL': [False], 'ERT_WSS_MULT': [1.1]}
 TIMESTAMP_DATA  1713825595.5117283
 TIMESTAMP_DATA  1713826154.6708007
 TIMESTAMP_DATA  1713826713.5314147
 TIMESTAMP_DATA  1713827272.3771322
 