fp64
        1024            1           3.990         2048          512
        1024            2           4.591         4096         1024
        1024            4          51.982         8192         2048
        1024            8           4.790        16384         4096
        1024           16           6.670        32768         8192
        1024           32           6.051        65536        16384
        1024           64           4.790       131072        32768
        1024          128           5.100       262144        65536
        1024          256           5.700       524288       131072
        1024          512           7.881      1048576       262144
        1024         1024           9.280      2097152       524288
        1024         2048          15.381      4194304      1048576
        1024         4096          25.460      8388608      2097152
        1024         8192          49.332     16777216      4194304
        1024        16384          91.182     33554432      8388608
        1024        32768         196.945     67108864     16777216
        1024        65536         345.849    134217728     33554432
        1024       131072         700.697    268435456     67108864
        1024       262144        1386.394    536870912    134217728
        1024       524288        2866.321   1073741824    268435456
        1024      1048576        5642.510   2147483648    536870912
        2048            1           4.760         4096         1024
        2048            2          15.921         8192         2048
        2048            4           5.310        16384         4096
        2048            8           4.240        32768         8192
        2048           16           5.111        65536        16384
        2048           32           4.610       131072        32768
        2048           64          11.400       262144        65536
        2048          128           4.720       524288       131072
        2048          256           5.800      1048576       262144
        2048          512           6.130      2097152       524288
        2048         1024          12.751      4194304      1048576
        2048         2048          14.700      8388608      2097152
        2048         4096          24.801     16777216      4194304
        2048         8192          45.471     33554432      8388608
        2048        16384          86.452     67108864     16777216
        2048        32768         170.224    134217728     33554432
        2048        65536         351.039    268435456     67108864
        2048       131072         663.486    536870912    134217728
        2048       262144        1350.414   1073741824    268435456
        2048       524288        2699.157   2147483648    536870912
        3072            1           6.690         6144         1536
        3072            2           3.860        12288         3072
        3072            4           4.530        24576         6144
        3072            8           4.341        49152        12288
        3072           16           4.660        98304        24576
        3072           32           5.330       196608        49152
        3072           64           4.330       393216        98304
        3072          128           4.710       786432       196608
        3072          256           5.780      1572864       393216
        3072          512          12.520      3145728       786432
        3072         1024           9.280      6291456      1572864
        3072         2048          15.500     12582912      3145728
        3072         4096          75.052     25165824      6291456
        3072         8192          47.032     50331648     12582912
        3072        16384          90.192    100663296     25165824
        3072        32768         175.614    201326592     50331648
        3072        65536         345.958    402653184    100663296
        3072       131072         733.439    805306368    201326592
        3072       262144        1885.546   1610612736    402653184
        4096            1           3.960         8192         2048
        4096            2           4.890        16384         4096
        4096            4           4.070        32768         8192
        4096            8           9.280        65536        16384
        4096           16           4.090       131072        32768
        4096           32           4.150       262144        65536
        4096           64           5.910       524288       131072
        4096          128           4.510      1048576       262144
        4096          256           6.910      2097152       524288
        4096          512           6.870      4194304      1048576
        4096         1024           9.881      8388608      2097152
        4096         2048          14.590     16777216      4194304
        4096         4096          26.221     33554432      8388608
        4096         8192          48.221     67108864     16777216
        4096        16384          92.623    134217728     33554432
        4096        32768         181.594    268435456     67108864
        4096        65536         381.839    536870912    134217728
        4096       131072         727.108   1073741824    268435456
        4096       262144        1441.025   2147483648    536870912
        5120            1           7.140        10240         2560
        5120            2           4.590        20480         5120
        5120            4           4.170        40960        10240
        5120            8          14.330        81920        20480
        5120           16           4.230       163840        40960
        5120           32           6.290       327680        81920
        5120           64           4.260       655360       163840
        5120          128           6.330      1310720       327680
        5120          256           5.571      2621440       655360
        5120          512           7.050      5242880      1310720
        5120         1024           9.750     10485760      2621440
        5120         2048          15.051     20971520      5242880
        5120         4096          30.941     41943040     10485760
        5120         8192          48.231     83886080     20971520
        5120        16384          92.742    167772160     41943040
        5120        32768         181.264    335544320     83886080
        5120        65536         358.959    671088640    167772160
        5120       131072         723.508   1342177280    335544320
        5120       262144        1433.486   2684354560    671088640
        6144            1           5.330        12288         3072
        6144            2           4.070        24576         6144
        6144            4           4.780        49152        12288
        6144            8           4.780        98304        24576
        6144           16           4.331       196608        49152
        6144           32           3.980       393216        98304
        6144           64           4.400       786432       196608
        6144          128           5.730      1572864       393216
        6144          256           5.661      3145728       786432
        6144          512           7.640      6291456      1572864
        6144         1024           9.640     12582912      3145728
        6144         2048          15.321     25165824      6291456
        6144         4096          26.341     50331648     12582912
        6144         8192          49.161    100663296     25165824
        6144        16384          92.812    201326592     50331648
        6144        32768         181.434    402653184    100663296
        6144        65536         370.919    805306368    201326592
        6144       131072         724.308   1610612736    402653184
        7168            1           8.400        14336         3584
        7168            2           4.100        28672         7168
        7168            4           5.720        57344        14336
        7168            8           4.820       114688        28672
        7168           16           4.670       229376        57344
        7168           32           6.010       458752       114688
        7168           64           4.711       917504       229376
        7168          128          13.170      1835008       458752
        7168          256           8.381      3670016       917504
        7168          512           7.090      7340032      1835008
        7168         1024          10.020     14680064      3670016
        7168         2048          15.251     29360128      7340032
        7168         4096          26.601     58720256     14680064
        7168         8192          48.541    117440512     29360128
        7168        16384          92.682    234881024     58720256
        7168        32768         181.594    469762048    117440512
        7168        65536         359.129    939524096    234881024
        7168       131072         725.778   1879048192    469762048
        8192            1           5.100        16384         4096
        8192            2           4.470        32768         8192
        8192            4           4.230        65536        16384
        8192            8           5.811       131072        32768
        8192           16           4.240       262144        65536
        8192           32           6.460       524288       131072
        8192           64           4.570      1048576       262144
        8192          128           5.080      2097152       524288
        8192          256           6.190      4194304      1048576
        8192          512           7.070      8388608      2097152
        8192         1024          10.031     16777216      4194304
        8192         2048          15.710     33554432      8388608
        8192         4096          27.051     67108864     16777216
        8192         8192          48.771    134217728     33554432
        8192        16384          94.092    268435456     67108864
        8192        32768         182.225    536870912    134217728
        8192        65536         377.429   1073741824    268435456
        8192       131072         726.758   2147483648    536870912
        9216            1           4.360        18432         4608
        9216            2           5.251        36864         9216
        9216            4           4.100        73728        18432
        9216            8           5.710       147456        36864
        9216           16           4.050       294912        73728
        9216           32           4.480       589824       147456
        9216           64           4.360      1179648       294912
        9216          128           5.200      2359296       589824
        9216          256           5.090      4718592      1179648
        9216          512           6.990      9437184      2359296
        9216         1024          10.180     18874368      4718592
        9216         2048          15.090     37748736      9437184
        9216         4096          29.511     75497472     18874368
        9216         8192          49.601    150994944     37748736
        9216        16384          95.593    301989888     75497472
        9216        32768         184.494    603979776    150994944
        9216        65536         372.779   1207959552    301989888
        9216       131072         742.218   2415919104    603979776
       10240            1           3.961        20480         5120
       10240            2           5.510        40960        10240
       10240            4           5.290        81920        20480
       10240            8           4.801       163840        40960
       10240           16           4.900       327680        81920
       10240           32           4.500       655360       163840
       10240           64           4.480      1310720       327680
       10240          128           4.881      2621440       655360
       10240          256          16.910      5242880      1310720
       10240          512           7.090     10485760      2621440
       10240         1024          12.170     20971520      5242880
       10240         2048          14.900     41943040     10485760
       10240         4096          28.010     83886080     20971520
       10240         8192          49.472    167772160     41943040
       10240        16384          92.662    335544320     83886080
       10240        32768         215.926    671088640    167772160
       10240        65536         359.739   1342177280    335544320
       10240       131072         727.038   2684354560    671088640
       11264            1           5.000        22528         5632
       11264            2           4.760        45056        11264
       11264            4           5.400        90112        22528
       11264            8           4.490       180224        45056
       11264           16           4.650       360448        90112
       11264           32           4.160       720896       180224
       11264           64           5.350      1441792       360448
       11264          128           4.741      2883584       720896
       11264          256           6.800      5767168      1441792
       11264          512           7.030     11534336      2883584
       11264         1024           9.701     23068672      5767168
       11264         2048          14.710     46137344     11534336
       11264         4096          26.331     92274688     23068672
       11264         8192          49.611    184549376     46137344
       11264        16384          92.763    369098752     92274688
       11264        32768         188.855    738197504    184549376
       11264        65536         363.469   1476395008    369098752
       12288            1           8.060        24576         6144
       12288            2           3.940        49152        12288
       12288            4           4.520        98304        24576
       12288            8           4.690       196608        49152
       12288           16           4.251       393216        98304
       12288           32           6.590       786432       196608
       12288           64           4.040      1572864       393216
       12288          128           6.170      3145728       786432
       12288          256           5.451      6291456      1572864
       12288          512           7.290     12582912      3145728
       12288         1024          10.360     25165824      6291456
       12288         2048          15.011     50331648     12582912
       12288         4096          26.971    100663296     25165824
       12288         8192          61.221    201326592     50331648
       12288        16384          95.313    402653184    100663296
       12288        32768         185.255    805306368    201326592
       12288        65536         363.369   1610612736    402653184
       13312            1           4.950        26624         6656
       13312            2           4.300        53248        13312
       13312            4           4.891       106496        26624
       13312            8           4.510       212992        53248
       13312           16           4.940       425984       106496
       13312           32           4.420       851968       212992
       13312           64           5.641      1703936       425984
       13312          128           5.000      3407872       851968
       13312          256           5.900      6815744      1703936
       13312          512           6.900     13631488      3407872
       13312         1024           9.480     27262976      6815744
       13312         2048          15.730     54525952     13631488
       13312         4096          26.431    109051904     27262976
       13312         8192          49.361    218103808     54525952
       13312        16384          93.132    436207616    109051904
       13312        32768         192.925    872415232    218103808
       13312        65536         359.579   1744830464    436207616
       14336            1          15.171        28672         7168
       14336            2           4.680        57344        14336
       14336            4           4.620       114688        28672
       14336            8           7.630       229376        57344
       14336           16           4.300       458752       114688
       14336           32           6.070       917504       229376
       14336           64           4.231      1835008       458752
       14336          128           5.140      3670016       917504
       14336          256           7.050      7340032      1835008
       14336          512           7.260     14680064      3670016
       14336         1024          10.890     29360128      7340032
       14336         2048          15.180     58720256     14680064
       14336         4096          27.750    117440512     29360128
       14336         8192          48.892    234881024     58720256
       14336        16384          94.532    469762048    117440512
       14336        32768         185.715    939524096    234881024
       14336        65536         359.729   1879048192    469762048
       15360            1           3.730        30720         7680
       15360            2           4.270        61440        15360
       15360            4           4.930       122880        30720
       15360            8           4.420       245760        61440
       15360           16           4.891       491520       122880
       15360           32           4.040       983040       245760
       15360           64           4.250      1966080       491520
       15360          128           4.370      3932160       983040
       15360          256           6.391      7864320      1966080
       15360          512           8.760     15728640      3932160
       15360         1024           9.870     31457280      7864320
       15360         2048          16.341     62914560     15728640
       15360         4096          42.321    125829120     31457280
       15360         8192          50.181    251658240     62914560
       15360        16384          94.662    503316480    125829120
       15360        32768         183.395   1006632960    251658240
       15360        65536         367.299   2013265920    503316480
       16384            1           4.280        32768         8192
       16384            2           5.770        65536        16384
       16384            4           4.300       131072        32768
       16384            8           6.410       262144        65536
       16384           16           3.840       524288       131072
       16384           32           5.230      1048576       262144
       16384           64           6.361      2097152       524288
       16384          128           4.760      4194304      1048576
       16384          256           6.870      8388608      2097152
       16384          512           7.300     16777216      4194304
       16384         1024          11.140     33554432      8388608
       16384         2048          15.560     67108864     16777216
       16384         4096          27.290    134217728     33554432
       16384         8192          48.692    268435456     67108864
       16384        16384          93.812    536870912    134217728
       16384        32768         196.115   1073741824    268435456
       16384        65536         372.239   2147483648    536870912
       17408            1           4.970        34816         8704
       17408            2           4.020        69632        17408
       17408            4           5.180       139264        34816
       17408            8           4.080       278528        69632
       17408           16           4.350       557056       139264
       17408           32           4.450      1114112       278528
       17408           64           4.270      2228224       557056
       17408          128           5.420      4456448      1114112
       17408          256           5.620      8912896      2228224
       17408          512           8.051     17825792      4456448
       17408         1024           9.680     35651584      8912896
       17408         2048          15.890     71303168     17825792
       17408         4096          27.340    142606336     35651584
       17408         8192          49.962    285212672     71303168
       17408        16384          96.242    570425344    142606336
       17408        32768         187.835   1140850688    285212672
       17408        65536         382.180   2281701376    570425344
       18432            1           7.030        36864         9216
       18432            2           5.560        73728        18432
       18432            4           4.640       147456        36864
       18432            8           5.500       294912        73728
       18432           16           5.011       589824       147456
       18432           32           4.260      1179648       294912
       18432           64           6.360      2359296       589824
       18432          128           4.740      4718592      1179648
       18432          256           7.640      9437184      2359296
       18432          512           6.950     18874368      4718592
       18432         1024          10.210     37748736      9437184
       18432         2048          15.400     75497472     18874368
       18432         4096          27.011    150994944     37748736
       18432         8192          49.461    301989888     75497472
       18432        16384          95.313    603979776    150994944
       18432        32768         187.294   1207959552    301989888
       18432        65536         378.839   2415919104    603979776
       19456            1           6.901        38912         9728
       19456            2           4.300        77824        19456
       19456            4           4.800       155648        38912
       19456            8           5.710       311296        77824
       19456           16           4.550       622592       155648
       19456           32           6.110      1245184       311296
       19456           64           4.620      2490368       622592
       19456          128           6.100      4980736      1245184
       19456          256           5.460      9961472      2490368
       19456          512           8.130     19922944      4980736
       19456         1024          10.210     39845888      9961472
       19456         2048          16.890     79691776     19922944
       19456         4096          27.911    159383552     39845888
       19456         8192          53.041    318767104     79691776
       19456        16384         103.083    637534208    159383552
       19456        32768         202.265   1275068416    318767104
       19456        65536         406.900   2550136832    637534208
       20480            1           5.180        40960        10240
       20480            2           5.030        81920        20480
       20480            4           4.491       163840        40960
       20480            8           4.290       327680        81920
       20480           16           4.440       655360       163840
       20480           32           4.450      1310720       327680
       20480           64           6.441      2621440       655360
       20480          128           5.160      5242880      1310720
       20480          256           5.900     10485760      2621440
       20480          512           6.990     20971520      5242880
       20480         1024           9.760     41943040     10485760
       20480         2048          15.651     83886080     20971520
       20480         4096          26.850    167772160     41943040
       20480         8192          50.591    335544320     83886080
       20480        16384          94.032    671088640    167772160
       20480        32768         186.895   1342177280    335544320
       20480        65536         363.339   2684354560    671088640
       22528            1           5.820        45056        11264
       22528            2           4.570        90112        22528
       22528            4           4.400       180224        45056
       22528            8           6.101       360448        90112
       22528           16           4.050       720896       180224
       22528           32           5.930      1441792       360448
       22528           64           4.430      2883584       720896
       22528          128           5.430      5767168      1441792
       22528          256           7.220     11534336      2883584
       22528          512           6.960     23068672      5767168
       22528         1024          10.281     46137344     11534336
       22528         2048          15.220     92274688     23068672
       22528         4096          27.711    184549376     46137344
       22528         8192          50.021    369098752     92274688
       22528        16384         108.042    738197504    184549376
       22528        32768         188.385   1476395008    369098752
       24576            1           5.480        49152        12288
       24576            2           4.300        98304        24576
       24576            4           4.310       196608        49152
       24576            8           5.580       393216        98304
       24576           16           4.350       786432       196608
       24576           32          18.671      1572864       393216
       24576           64           4.430      3145728       786432
       24576          128           5.310      6291456      1572864
       24576          256           5.410     12582912      3145728
       24576          512           7.001     25165824      6291456
       24576         1024          10.380     50331648     12582912
       24576         2048          15.111    100663296     25165824
       24576         4096          27.490    201326592     50331648
       24576         8192          49.052    402653184    100663296
       24576        16384          96.312    805306368    201326592
       24576        32768         185.475   1610612736    402653184
       26624            1           4.800        53248        13312
       26624            2           4.400       106496        26624
       26624            4           4.690       212992        53248
       26624            8           5.310       425984       106496
       26624           16           4.450       851968       212992
       26624           32           4.910      1703936       425984
       26624           64           4.400      3407872       851968
       26624          128           5.410      6815744      1703936
       26624          256           6.660     13631488      3407872
       26624          512           6.940     27262976      6815744
       26624         1024          10.431     54525952     13631488
       26624         2048          16.800    109051904     27262976
       26624         4096          29.471    218103808     54525952
       26624         8192          54.762    436207616    109051904
       26624        16384         108.262    872415232    218103808
       26624        32768         234.455   1744830464    436207616
       28672            1           4.900        57344        14336
       28672            2           4.400       114688        28672
       28672            4           4.430       229376        57344
       28672            8           5.100       458752       114688
       28672           16           4.300       917504       229376
       28672           32          12.470      1835008       458752
       28672           64           4.510      3670016       917504
       28672          128           5.120      7340032      1835008
       28672          256           5.480     14680064      3670016
       28672          512           7.531     29360128      7340032
       28672         1024          10.140     58720256     14680064
       28672         2048          15.370    117440512     29360128
       28672         4096          27.890    234881024     58720256
       28672         8192          49.442    469762048    117440512
       28672        16384          96.182    939524096    234881024
       28672        32768         186.375   1879048192    469762048
       30720            1           5.281        61440        15360
       30720            2           4.760       122880        30720
       30720            4           4.570       245760        61440
       30720            8           5.360       491520       122880
       30720           16           4.330       983040       245760
       30720           32           5.710      1966080       491520
       30720           64           4.340      3932160       983040
       30720          128           5.170      7864320      1966080
       30720          256           5.880     15728640      3932160
       30720          512           6.900     31457280      7864320
       30720         1024          10.211     62914560     15728640
       30720         2048          15.450    125829120     31457280
       30720         4096          27.881    251658240     62914560
       30720         8192          50.091    503316480    125829120
       30720        16384          97.323   1006632960    251658240
       30720        32768         188.005   2013265920    503316480
       33792            1           6.481        67584        16896
       33792            2           4.660       135168        33792
       33792            4           5.100       270336        67584
       33792            8           6.240       540672       135168
       33792           16           4.360      1081344       270336
       33792           32           6.430      2162688       540672
       33792           64           4.800      4325376      1081344
       33792          128           4.801      8650752      2162688
       33792          256           5.990     17301504      4325376
       33792          512           7.430     34603008      8650752
       33792         1024          12.110     69206016     17301504
       33792         2048          16.100    138412032     34603008
       33792         4096          29.270    276824064     69206016
       33792         8192          51.302    553648128    138412032
       33792        16384          99.542   1107296256    276824064
       33792        32768         195.475   2214592512    553648128
       36864            1          26.181        73728        18432
       36864            2           4.350       147456        36864
       36864            4           4.560       294912        73728
       36864            8           5.570       589824       147456
       36864           16           4.470      1179648       294912
       36864           32           5.290      2359296       589824
       36864           64           4.611      4718592      1179648
       36864          128           5.120      9437184      2359296
       36864          256           6.340     18874368      4718592
       36864          512           7.890     37748736      9437184
       36864         1024           9.790     75497472     18874368
       36864         2048          15.760    150994944     37748736
       36864         4096          37.321    301989888     75497472
       36864         8192          51.631    603979776    150994944
       36864        16384          99.982   1207959552    301989888
       36864        32768         195.764   2415919104    603979776
       39936            1           4.760        79872        19968
       39936            2           4.550       159744        39936
       39936            4           4.480       319488        79872
       39936            8           6.020       638976       159744
       39936           16           4.940      1277952       319488
       39936           32           6.210      2555904       638976
       39936           64           4.570      5111808      1277952
       39936          128           4.970     10223616      2555904
       39936          256           5.531     20447232      5111808
       39936          512           7.430     40894464     10223616
       39936         1024          10.370     81788928     20447232
       39936         2048          16.821    163577856     40894464
       39936         4096          30.451    327155712     81788928
       39936         8192          55.551    654311424    163577856
       39936        16384         107.713   1308622848    327155712
       39936        32768         219.116   2617245696    654311424
       43008            1           4.430        86016        21504
       43008            2           4.260       172032        43008
       43008            4           4.110       344064        86016
       43008            8           5.641       688128       172032
       43008           16           4.190      1376256       344064
       43008           32           6.710      2752512       688128
       43008           64           4.610      5505024      1376256
       43008          128           5.041     11010048      2752512
       43008          256           6.520     22020096      5505024
       43008          512           7.390     44040192     11010048
       43008         1024          10.521     88080384     22020096
       43008         2048          16.900    176160768     44040192
       43008         4096          30.791    352321536     88080384
       43008         8192          55.922    704643072    176160768
       43008        16384         109.663   1409286144    352321536
       47104            1           6.030        94208        23552
       47104            2           4.590       188416        47104
       47104            4           4.980       376832        94208
       47104            8           4.320       753664       188416
       47104           16           6.030      1507328       376832
       47104           32           4.130      3014656       753664
       47104           64           5.720      6029312      1507328
       47104          128           4.790     12058624      3014656
       47104          256           6.051     24117248      6029312
       47104          512           7.440     48234496     12058624
       47104         1024          11.300     96468992     24117248
       47104         2048          18.341    192937984     48234496
       47104         4096          30.811    385875968     96468992
       47104         8192          58.851    771751936    192937984
       47104        16384         111.263   1543503872    385875968
       51200            1           5.180       102400        25600
       51200            2           3.840       204800        51200
       51200            4           4.620       409600       102400
       51200            8           4.330       819200       204800
       51200           16           4.220      1638400       409600
       51200           32           5.411      3276800       819200
       51200           64           4.200      6553600      1638400
       51200          128           6.320     13107200      3276800
       51200          256           5.780     26214400      6553600
       51200          512           7.721     52428800     13107200
       51200         1024          11.710    104857600     26214400
       51200         2048          17.851    209715200     52428800
       51200         4096          31.081    419430400    104857600
       51200         8192          58.951    838860800    209715200
       51200        16384         114.653   1677721600    419430400
       56320            1           4.320       112640        28160
       56320            2           6.510       225280        56320
       56320            4           4.470       450560       112640
       56320            8           4.920       901120       225280
       56320           16          11.601      1802240       450560
       56320           32           4.450      3604480       901120
       56320           64           4.960      7208960      1802240
       56320          128           5.000     14417920      3604480
       56320          256           7.670     28835840      7208960
       56320          512          11.770     57671680     14417920
       56320         1024          15.591    115343360     28835840
       56320         2048          24.051    230686720     57671680
       56320         4096          44.561    461373440    115343360
       56320         8192          60.932    922746880    230686720
       56320        16384         117.353   1845493760    461373440
       61440            1           7.341       122880        30720
       61440            2           6.310       245760        61440
       61440            4           7.240       491520       122880
       61440            8           9.471       983040       245760
       61440           16          10.090      1966080       491520
       61440           32           7.950      3932160       983040
       61440           64           7.730      7864320      1966080
       61440          128          12.700     15728640      3932160
       61440          256          10.001     31457280      7864320
       61440          512           9.120     62914560     15728640
       61440         1024          11.730    125829120     31457280
       61440         2048          18.790    251658240     62914560
       61440         4096          32.501    503316480    125829120
       61440         8192          61.412   1006632960    251658240
       61440        16384         117.913   2013265920    503316480
       67584            1           4.931       135168        33792
       67584            2           5.760       270336        67584
       67584            4           4.110       540672       135168
       67584            8           6.760      1081344       270336
       67584           16           4.370      2162688       540672
       67584           32           4.680      4325376      1081344
       67584           64           4.840      8650752      2162688
       67584          128           5.110     17301504      4325376
       67584          256           7.230     34603008      8650752
       67584          512           9.050     69206016     17301504
       67584         1024          13.851    138412032     34603008
       67584         2048          20.100    276824064     69206016
       67584         4096          36.341    553648128    138412032
       67584         8192          67.872   1107296256    276824064
       67584        16384         130.604   2214592512    553648128
       73728            1           4.940       147456        36864
       73728            2           3.920       294912        73728
       73728            4           5.280       589824       147456
       73728            8           4.220      1179648       294912
       73728           16           6.140      2359296       589824
       73728           32           4.570      4718592      1179648
       73728           64           6.340      9437184      2359296
       73728          128           5.180     18874368      4718592
       73728          256           6.260     37748736      9437184
       73728          512          13.860     75497472     18874368
       73728         1024          14.141    150994944     37748736
       73728         2048          25.860    301989888     75497472
       73728         4096          40.511    603979776    150994944
       73728         8192          80.882   1207959552    301989888
       73728        16384         132.583   2415919104    603979776
       80896            1           5.000       161792        40448
       80896            2           4.610       323584        80896
       80896            4           4.471       647168       161792
       80896            8           9.350      1294336       323584
       80896           16           4.240      2588672       647168
       80896           32           6.841      5177344      1294336
       80896           64           8.270     10354688      2588672
       80896          128           9.920     20709376      5177344
       80896          256           9.700     41418752     10354688
       80896          512          10.220     82837504     20709376
       80896         1024          16.890    165675008     41418752
       80896         2048          28.031    331350016     82837504
       80896         4096          54.531    662700032    165675008
       80896         8192         103.562   1325400064    331350016
       80896        16384         204.435   2650800128    662700032
       88064            1           4.800       176128        44032
       88064            2           4.300       352256        88064
       88064            4           5.020       704512       176128
       88064            8           4.390      1409024       352256
       88064           16           5.990      2818048       704512
       88064           32           4.510      5636096      1409024
       88064           64           6.501     11272192      2818048
       88064          128           5.050     22544384      5636096
       88064          256           6.750     45088768     11272192
       88064          512           9.260     90177536     22544384
       88064         1024          14.030    180355072     45088768
       88064         2048          25.061    360710144     90177536
       88064         4096          44.511    721420288    180355072
       88064         8192          85.562   1442840576    360710144
       96256            1           4.820       192512        48128
       96256            2           4.550       385024        96256
       96256            4           4.730       770048       192512
       96256            8           4.170      1540096       385024
       96256           16           4.280      3080192       770048
       96256           32           5.380      6160384      1540096
       96256           64           5.810     12320768      3080192
       96256          128          10.940     24641536      6160384
       96256          256           7.651     49283072     12320768
       96256          512           9.720     98566144     24641536
       96256         1024          19.691    197132288     49283072
       96256         2048          31.691    394264576     98566144
       96256         4096          53.041    788529152    197132288
       96256         8192         101.913   1577058304    394264576
      105472            1           4.971       210944        52736
      105472            2           5.000       421888       105472
      105472            4           4.970       843776       210944
      105472            8          20.251      1687552       421888
      105472           16           4.640      3375104       843776
      105472           32          33.031      6750208      1687552
      105472           64           5.990     13500416      3375104
      105472          128           5.730     27000832      6750208
      105472          256          10.090     54001664     13500416
      105472          512          15.241    108003328     27000832
      105472         1024          18.600    216006656     54001664
      105472         2048          34.891    432013312    108003328
      105472         4096          57.022    864026624    216006656
      105472         8192         103.763   1728053248    432013312
      115712            1           5.071       231424        57856
      115712            2           5.600       462848       115712
      115712            4           4.330       925696       231424
      115712            8           5.400      1851392       462848
      115712           16           4.060      3702784       925696
      115712           32           5.650      7405568      1851392
      115712           64           4.910     14811136      3702784
      115712          128           5.791     29622272      7405568
      115712          256           7.320     59244544     14811136
      115712          512          10.950    118489088     29622272
      115712         1024          18.501    236978176     59244544
      115712         2048          31.651    473956352    118489088
      115712         4096          59.761    947912704    236978176
      115712         8192         113.522   1895825408    473956352
      126976            1           6.010       253952        63488
      126976            2           5.201       507904       126976
      126976            4           4.150      1015808       253952
      126976            8           6.250      2031616       507904
      126976           16           4.510      4063232      1015808
      126976           32           5.821      8126464      2031616
      126976           64           5.060     16252928      4063232
      126976          128           7.430     32505856      8126464
      126976          256           7.500     65011712     16252928
      126976          512          11.280    130023424     32505856
      126976         1024          18.391    260046848     65011712
      126976         2048          32.580    520093696    130023424
      126976         4096          61.711   1040187392    260046848
      126976         8192         119.263   2080374784    520093696
      139264            1           5.880       278528        69632
      139264            2           5.010       557056       139264
      139264            4           4.761      1114112       278528
      139264            8           4.760      2228224       557056
      139264           16           4.860      4456448      1114112
      139264           32           5.210      8912896      2228224
      139264           64           5.381     17825792      4456448
      139264          128           7.710     35651584      8912896
      139264          256           7.830     71303168     17825792
      139264          512          12.251    142606336     35651584
      139264         1024          20.100    285212672     71303168
      139264         2048          35.340    570425344    142606336
      139264         4096          77.451   1140850688    285212672
      139264         8192         131.493   2281701376    570425344
      152576            1           8.111       305152        76288
      152576            2           4.330       610304       152576
      152576            4           6.850      1220608       305152
      152576            8           4.751      2441216       610304
      152576           16           5.070      4882432      1220608
      152576           32           4.370      9764864      2441216
      152576           64           5.280     19529728      4882432
      152576          128           6.671     39059456      9764864
      152576          256           8.640     78118912     19529728
      152576          512          26.331    156237824     39059456
      152576         1024          21.690    312475648     78118912
      152576         2048          41.171    624951296    156237824
      152576         4096          74.812   1249902592    312475648
      152576         8192         144.383   2499805184    624951296
      166912            1           3.960       333824        83456
      166912            2           3.950       667648       166912
      166912            4           6.870      1335296       333824
      166912            8           4.330      2670592       667648
      166912           16           6.010      5341184      1335296
      166912           32           5.110     10682368      2670592
      166912           64           5.300     21364736      5341184
      166912          128           6.400     42729472     10682368
      166912          256           8.910     85458944     21364736
      166912          512          13.961    170917888     42729472
      166912         1024          22.940    341835776     85458944
      166912         2048          44.221    683671552    170917888
      166912         4096          79.762   1367343104    341835776
      183296            1           4.810       366592        91648
      183296            2           4.570       733184       183296
      183296            4           4.500      1466368       366592
      183296            8           5.310      2932736       733184
      183296           16           4.280      5865472      1466368
      183296           32           6.180     11730944      2932736
      183296           64           5.480     23461888      5865472
      183296          128           7.320     46923776     11730944
      183296          256           9.421     93847552     23461888
      183296          512          18.040    187695104     46923776
      183296         1024          24.280    375390208     93847552
      183296         2048          49.902    750780416    187695104
      183296         4096          86.352   1501560832    375390208
      200704            1           4.281       401408       100352
      200704            2           5.680       802816       200704
      200704            4           4.450      1605632       401408
      200704            8           4.921      3211264       802816
      200704           16           5.080      6422528      1605632
      200704           32           4.850     12845056      3211264
      200704           64           5.180     25690112      6422528
      200704          128           6.791     51380224     12845056
      200704          256          10.860    102760448     25690112
      200704          512          15.131    205520896     51380224
      200704         1024          27.860    411041792    102760448
      200704         2048          48.551    822083584    205520896
      200704         4096         101.753   1644167168    411041792
      220160            1           4.420       440320       110080
      220160            2           3.990       880640       220160
      220160            4           6.091      1761280       440320
      220160            8           4.260      3522560       880640
      220160           16          14.770      7045120      1761280
      220160           32           4.880     14090240      3522560
      220160           64           6.100     28180480      7045120
      220160          128           7.270     56360960     14090240
      220160          256           9.991    112721920     28180480
      220160          512          17.080    225443840     56360960
      220160         1024          28.711    450887680    112721920
      220160         2048          53.032    901775360    225443840
      220160         4096         101.812   1803550720    450887680
      241664            1           6.520       483328       120832
      241664            2           4.120       966656       241664
      241664            4           4.890      1933312       483328
      241664            8           4.910      3866624       966656
      241664           16           4.710      7733248      1933312
      241664           32           6.000     15466496      3866624
      241664           64           5.491     30932992      7733248
      241664          128           8.150     61865984     15466496
      241664          256          10.780    123731968     30932992
      241664          512          17.001    247463936     61865984
      241664         1024          35.951    494927872    123731968
      241664         2048          56.431    989855744    247463936
      241664         4096         108.803   1979711488    494927872
      265216            1           4.730       530432       132608
      265216            2           5.740      1060864       265216
      265216            4           4.750      2121728       530432
      265216            8           6.670      4243456      1060864
      265216           16           5.481      8486912      2121728
      265216           32           5.550     16973824      4243456
      265216           64           5.900     33947648      8486912
      265216          128          12.761     67895296     16973824
      265216          256          13.980    135790592     33947648
      265216          512          22.141    271581184     67895296
      265216         1024          42.811    543162368    135790592
      265216         2048          78.482   1086324736    271581184
      265216         4096         155.604   2172649472    543162368
      290816            1           3.010       581632       145408
      290816            2           4.580      1163264       290816
      290816            4           5.740      2326528       581632
      290816            8           4.560      4653056      1163264
      290816           16           6.490      9306112      2326528
      290816           32           5.120     18612224      4653056
      290816           64           8.100     37224448      9306112
      290816          128           8.020     74448896     18612224
      290816          256          12.391    148897792     37224448
      290816          512          20.230    297795584     74448896
      290816         1024          35.301    595591168    148897792
      290816         2048          75.492   1191182336    297795584
      290816         4096         128.894   2382364672    595591168
      319488            1         451.511       638976       159744
      319488            2           4.030      1277952       319488
      319488            4           4.910      2555904       638976
      319488            8           4.920      5111808      1277952
      319488           16           4.690     10223616      2555904
      319488           32           5.120     20447232      5111808
      319488           64           6.590     40894464     10223616
      319488          128          10.460     81788928     20447232
      319488          256          12.530    163577856     40894464
      319488          512          21.631    327155712     81788928
      319488         1024          38.671    654311424    163577856
      319488         2048          72.772   1308622848    327155712
      319488         4096         142.103   2617245696    654311424
      351232            1           4.180       702464       175616
      351232            2           5.250      1404928       351232
      351232            4           4.350      2809856       702464
      351232            8           6.071      5619712      1404928
      351232           16           4.750     11239424      2809856
      351232           32           5.700     22478848      5619712
      351232           64           6.280     44957696     11239424
      351232          128           9.600     89915392     22478848
      351232          256          14.040    179830784     44957696
      351232          512          23.071    359661568     89915392
      351232         1024          43.441    719323136    179830784
      351232         2048          79.842   1438646272    359661568
      386048            1           7.980       772096       193024
      386048            2           4.090      1544192       386048
      386048            4           4.950      3088384       772096
      386048            8           5.150      6176768      1544192
      386048           16           5.310     12353536      3088384
      386048           32           6.960     24707072      6176768
      386048           64           6.680     49414144     12353536
      386048          128          10.680     98828288     24707072
      386048          256          15.590    197656576     49414144
      386048          512          27.571    395313152     98828288
      386048         1024          50.781    790626304    197656576
      386048         2048          98.183   1581252608    395313152
      423936            1           5.190       847872       211968
      423936            2           4.140      1695744       423936
      423936            4           5.900      3391488       847872
      423936            8           4.980      6782976      1695744
      423936           16           8.600     13565952      3391488
      423936           32           5.570     27131904      6782976
      423936           64           6.870     54263808     13565952
      423936          128          10.030    108527616     27131904
      423936          256          15.780    217055232     54263808
      423936          512          28.520    434110464    108527616
      423936         1024          49.531    868220928    217055232
      423936         2048          97.143   1736441856    434110464
      465920            1           4.160       931840       232960
      465920            2           7.401      1863680       465920
      465920            4           7.330      3727360       931840
      465920            8           5.110      7454720      1863680
      465920           16           9.061     14909440      3727360
      465920           32           5.680     29818880      7454720
      465920           64           9.100     59637760     14909440
      465920          128          18.851    119275520     29818880
      465920          256          19.211    238551040     59637760
      465920          512          33.021    477102080    119275520
      465920         1024          54.721    954204160    238551040
      465920         2048         105.453   1908408320    477102080
      512000            1           4.200      1024000       256000
      512000            2           5.030      2048000       512000
      512000            4           5.030      4096000      1024000
      512000            8           7.020      8192000      2048000
      512000           16           5.100     16384000      4096000
      512000           32           6.150     32768000      8192000
      512000           64           8.341     65536000     16384000
      512000          128          10.980    131072000     32768000
      512000          256          17.921    262144000     65536000
      512000          512          31.831    524288000    131072000
      512000         1024          71.201   1048576000    262144000
      512000         2048         117.923   2097152000    524288000
      563200            1           7.970      1126400       281600
      563200            2           4.091      2252800       563200
      563200            4           6.060      4505600      1126400
      563200            8           6.260      9011200      2252800
      563200           16           5.260     18022400      4505600
      563200           32           7.340     36044800      9011200
      563200           64           7.990     72089600     18022400
      563200          128          12.460    144179200     36044800
      563200          256          19.410    288358400     72089600
      563200          512          35.351    576716800    144179200
      563200         1024          64.832   1153433600    288358400
      563200         2048         127.043   2306867200    576716800
      619520            1           5.200      1239040       309760
      619520            2           4.240      2478080       619520
      619520            4           5.930      4956160      1239040
      619520            8           5.230      9912320      2478080
      619520           16           6.591     19824640      4956160
      619520           32           6.600     39649280      9912320
      619520           64           8.720     79298560     19824640
      619520          128          12.601    158597120     39649280
      619520          256          20.820    317194240     79298560
      619520          512          37.610    634388480    158597120
      619520         1024          73.931   1268776960    317194240
      619520         2048         147.623   2537553920    634388480
      680960            1           5.520      1361920       340480
      680960            2           4.431      2723840       680960
      680960            4           5.290      5447680      1361920
      680960            8           4.870     10895360      2723840
      680960           16           5.400     21790720      5447680
      680960           32           6.360     43581440     10895360
      680960           64          10.080     87162880     21790720
      680960          128          13.101    174325760     43581440
      680960          256          23.840    348651520     87162880
      680960          512          40.361    697303040    174325760
      680960         1024          76.831   1394606080    348651520
      748544            1           7.221      1497088       374272
      748544            2           4.600      2994176       748544
      748544            4           5.990      5988352      1497088
      748544            8           5.291     11976704      2994176
      748544           16           7.180     23953408      5988352
      748544           32           6.730     47906816     11976704
      748544           64           9.911     95813632     23953408
      748544          128          15.100    191627264     47906816
      748544          256          25.461    383254528     95813632
      748544          512          46.521    766509056    191627264
      748544         1024          99.843   1533018112    383254528
      823296            1           4.990      1646592       411648
      823296            2           4.220      3293184       823296
      823296            4         573.534      6586368      1646592
      823296            8           5.230     13172736      3293184
      823296           16           6.160     26345472      6586368
      823296           32           7.171     52690944     13172736
      823296           64           9.930    105381888     26345472
      823296          128          15.580    210763776     52690944
      823296          256          25.990    421527552    105381888
      823296          512          52.352    843055104    210763776
      823296         1024          91.002   1686110208    421527552
      905216            1           6.790      1810432       452608
      905216            2           4.281      3620864       905216
      905216            4           5.030      7241728      1810432
      905216            8           4.790     14483456      3620864
      905216           16           5.840     28966912      7241728
      905216           32           9.220     57933824     14483456
      905216           64         530.463    115867648     28966912
      905216          128          17.011    231735296     57933824
      905216          256          31.331    463470592    115867648
      905216          512          51.921    926941184    231735296
      905216         1024          99.983   1853882368    463470592
      995328            1          18.310      1990656       497664
      995328            2           5.390      3981312       995328
      995328            4           5.120      7962624      1990656
      995328            8           8.290     15925248      3981312
      995328           16           6.420     31850496      7962624
      995328           32           7.740     63700992     15925248
      995328           64          12.070    127401984     31850496
      995328          128          17.490    254803968     63700992
      995328          256          30.441    509607936    127401984
      995328          512          56.631   1019215872    254803968
      995328         1024         109.442   2038431744    509607936
     1094656            1          22.750      2189312       547328
     1094656            2          12.551      4378624      1094656
     1094656            4           5.290      8757248      2189312
     1094656            8           6.020     17514496      4378624
     1094656           16           6.601     35028992      8757248
     1094656           32           8.120     70057984     17514496
     1094656           64          12.930    140115968     35028992
     1094656          128          22.000    280231936     70057984
     1094656          256          34.301    560463872    140115968
     1094656          512          70.232   1120927744    280231936
     1094656         1024         120.913   2241855488    560463872
     1203200            1          20.110      2406400       601600
     1203200            2           4.540      4812800      1203200
     1203200            4           4.820      9625600      2406400
     1203200            8           5.320     19251200      4812800
     1203200           16           8.160     38502400      9625600
     1203200           32           8.380     77004800     19251200
     1203200           64          13.320    154009600     38502400
     1203200          128          20.181    308019200     77004800
     1203200          256          36.171    616038400    154009600
     1203200          512          70.912   1232076800    308019200
     1203200         1024         160.784   2464153600    616038400
     1323008            1          20.790      2646016       661504
     1323008            2           4.720      5292032      1323008
     1323008            4           8.030     10584064      2646016
     1323008            8           5.680     21168128      5292032
     1323008           16           7.390     42336256     10584064
     1323008           32           9.080     84672512     21168128
     1323008           64          13.450    169345024     42336256
     1323008          128          40.351    338690048     84672512
     1323008          256          39.181    677380096    169345024
     1323008          512          77.192   1354760192    338690048
     1323008         1024         143.483   2709520384    677380096
     1455104            1          19.260      2910208       727552
     1455104            2           4.710      5820416      1455104
     1455104            4           6.560     11640832      2910208
     1455104            8           5.990     23281664      5820416
     1455104           16           7.281     46563328     11640832
     1455104           32          10.150     93126656     23281664
     1455104           64          14.671    186253312     46563328
     1455104          128          25.930    372506624     93126656
     1455104          256          45.732    745013248    186253312
     1455104          512          94.742   1490026496    372506624
     1600512            1           7.550      3201024       800256
     1600512            2           4.830      6402048      1600512
     1600512            4           5.190     12804096      3201024
     1600512            8           6.180     25608192      6402048
     1600512           16           9.280     51216384     12804096
     1600512           32          10.050    102432768     25608192
     1600512           64         512.993    204865536     51216384
     1600512          128          25.881    409731072    102432768
     1600512          256          48.031    819462144    204865536
     1600512          512          90.762   1638924288    409731072
     1760256            1          23.951      3520512       880128
     1760256            2           5.690      7041024      1760256
     1760256            4           5.810     14082048      3520512
     1760256            8           9.720     28164096      7041024
     1760256           16           7.670     56328192     14082048
     1760256           32          10.540    112656384     28164096
     1760256           64          17.340    225312768     56328192
     1760256          128          28.090    450625536    112656384
     1760256          256          51.882    901251072    225312768
     1760256          512         112.433   1802502144    450625536
     1935360            1           8.710      3870720       967680
     1935360            2           4.810      7741440      1935360
     1935360            4           7.461     15482880      3870720
     1935360            8           6.090     30965760      7741440
     1935360           16           8.130     61931520     15482880
     1935360           32          11.421    123863040     30965760
     1935360           64          26.600    247726080     61931520
     1935360          128          31.190    495452160    123863040
     1935360          256          56.901    990904320    247726080
     1935360          512         110.833   1981808640    495452160
     2128896            1          18.990      4257792      1064448
     2128896            2           5.000      8515584      2128896
     2128896            4           6.850     17031168      4257792
     2128896            8           7.280     34062336      8515584
     2128896           16           7.700     68124672     17031168
     2128896           32          11.530    136249344     34062336
     2128896           64          20.760    272498688     68124672
     2128896          128          32.970    544997376    136249344
     2128896          256          64.001   1089994752    272498688
     2128896          512         119.473   2179989504    544997376
     2340864            1          10.791      4681728      1170432
     2340864            2           5.790      9363456      2340864
     2340864            4           5.520     18726912      4681728
     2340864            8           7.270     37453824      9363456
     2340864           16           8.530     74907648     18726912
     2340864           32          13.801    149815296     37453824
     2340864           64          24.440    299630592     74907648
     2340864          128          39.790    599261184    149815296
     2340864          256          73.671   1198522368    299630592
     2340864          512         130.583   2397044736    599261184
     2574336            1          27.770      5148672      1287168
     2574336            2           4.950     10297344      2574336
     2574336            4           6.850     20594688      5148672
     2574336            8           7.470     41189376     10297344
     2574336           16          11.441     82378752     20594688
     2574336           32          13.330    164757504     41189376
     2574336           64          22.311    329515008     82378752
     2574336          128          47.471    659030016    164757504
     2574336          256          72.902   1318060032    329515008
     2574336          512         158.124   2636120064    659030016
     2831360            1          21.301      5662720      1415680
     2831360            2           6.570     11325440      2831360
     2831360            4           6.550     22650880      5662720
     2831360            8           7.411     45301760     11325440
     2831360           16          10.070     90603520     22650880
     2831360           32          15.121    181207040     45301760
     2831360           64          23.940    362414080     90603520
     2831360          128          42.561    724828160    181207040
     2831360          256          80.992   1449656320    362414080
     3113984            1          27.450      6227968      1556992
     3113984            2           7.040     12455936      3113984
     3113984            4           6.260     24911872      6227968
     3113984            8           7.671     49823744     12455936
     3113984           16          11.000     99647488     24911872
     3113984           32          15.311    199294976     49823744
     3113984           64          28.331    398589952     99647488
     3113984          128          45.891    797179904    199294976
     3113984          256          88.572   1594359808    398589952
     3425280            1          18.590      6850560      1712640
     3425280            2           5.880     13701120      3425280
     3425280            4           6.590     27402240      6850560
     3425280            8           8.100     54804480     13701120
     3425280           16          11.300    109608960     27402240
     3425280           32          16.200    219217920     54804480
     3425280           64          28.610    438435840    109608960
     3425280          128          50.392    876871680    219217920
     3425280          256          96.562   1753743360    438435840
     3767296            1          16.050      7534592      1883648
     3767296            2           6.040     15069184      3767296
     3767296            4           7.140     30138368      7534592
     3767296            8           8.250     60276736     15069184
     3767296           16          12.750    120553472     30138368
     3767296           32          17.521    241106944     60276736
     3767296           64          31.380    482213888    120553472
     3767296          128          63.101    964427776    241106944
     3767296          256         105.323   1928855552    482213888
     4143104            1          30.111      8286208      2071552
     4143104            2          14.001     16572416      4143104
     4143104            4           7.660     33144832      8286208
     4143104            8          17.200     66289664     16572416
     4143104           16          24.251    132579328     33144832
     4143104           32          18.611    265158656     66289664
     4143104           64          33.551    530317312    132579328
     4143104          128          59.941   1060634624    265158656
     4143104          256         116.213   2121269248    530317312
     4556800            1          27.111      9113600      2278400
     4556800            2           6.190     18227200      4556800
     4556800            4           8.210     36454400      9113600
     4556800            8          10.131     72908800     18227200
     4556800           16          14.020    145817600     36454400
     4556800           32          21.331    291635200     72908800
     4556800           64          39.301    583270400    145817600
     4556800          128          72.892   1166540800    291635200
     4556800          256         134.483   2333081600    583270400
     5012480            1          15.480     10024960      2506240
     5012480            2           6.340     20049920      5012480
     5012480            4           9.440     40099840     10024960
     5012480            8          10.330     80199680     20049920
     5012480           16          15.701    160399360     40099840
     5012480           32          22.970    320798720     80199680
     5012480           64          41.231    641597440    160399360
     5012480          128          77.062   1283194880    320798720
     5012480          256         147.313   2566389760    641597440
     5513216            1          36.531     11026432      2756608
     5513216            2           6.960     22052864      5513216
     5513216            4          10.630     44105728     11026432
     5513216            8          10.020     88211456     22052864
     5513216           16          15.270    176422912     44105728
     5513216           32          24.881    352845824     88211456
     5513216           64          45.671    705691648    176422912
     5513216          128          85.232   1411383296    352845824
     6064128            1          16.491     12128256      3032064
     6064128            2           8.530     24256512      6064128
     6064128            4           8.260     48513024     12128256
     6064128            8          12.020     97026048     24256512
     6064128           16          17.740    194052096     48513024
     6064128           32          27.300    388104192     97026048
     6064128           64          54.552    776208384    194052096
     6064128          128          91.442   1552416768    388104192
     6670336            1          31.910     13340672      3335168
     6670336            2           6.970     26681344      6670336
     6670336            4          11.010     53362688     13340672
     6670336            8          11.921    106725376     26681344
     6670336           16          17.800    213450752     53362688
     6670336           32          30.421    426901504    106725376
     6670336           64          53.192    853803008    213450752
     6670336          128         104.873   1707606016    426901504
     7336960            1          30.811     14673920      3668480
     7336960            2           8.890     29347840      7336960
     7336960            4           9.030     58695680     14673920
     7336960            8          13.370    117391360     29347840
     7336960           16          18.731    234782720     58695680
     7336960           32          32.740    469565440    117391360
     7336960           64          59.031    939130880    234782720
     7336960          128         112.573   1878261760    469565440
     8070144            1          30.261     16140288      4035072
     8070144            2           8.590     32280576      8070144
     8070144            4          10.600     64561152     16140288
     8070144            8          13.800    129122304     32280576
     8070144           16          21.141    258244608     64561152
     8070144           32          34.901    516489216    129122304
     8070144           64          67.152   1032978432    258244608
     8070144          128         121.163   2065956864    516489216
     8877056            1          23.211     17754112      4438528
     8877056            2           9.491     35508224      8877056
     8877056            4          10.140     71016448     17754112
     8877056            8          14.640    142032896     35508224
     8877056           16          23.090    284065792     71016448
     8877056           32          39.051    568131584    142032896
     8877056           64          70.232   1136263168    284065792
     8877056          128         136.654   2272526336    568131584
     9763840            1          27.691     19527680      4881920
     9763840            2           8.520     39055360      9763840
     9763840            4          12.281     78110720     19527680
     9763840            8          16.400    156221440     39055360
     9763840           16          23.961    312442880     78110720
     9763840           32          43.191    624885760    156221440
     9763840           64          77.442   1249771520    312442880
     9763840          128         650.667   2499543040    624885760
    10739712            1          50.731     21479424      5369856
    10739712            2          11.820     42958848     10739712
    10739712            4          11.510     85917696     21479424
    10739712            8          17.361    171835392     42958848
    10739712           16          26.041    343670784     85917696
    10739712           32          47.731    687341568    171835392
    10739712           64          86.332   1374683136    343670784
    11812864            1          40.261     23625728      5906432
    11812864            2           9.970     47251456     11812864
    11812864            4          11.741     94502912     23625728
    11812864            8          19.140    189005824     47251456
    11812864           16          29.121    378011648     94502912
    11812864           32          50.542    756023296    189005824
    11812864           64          94.292   1512046592    378011648
    12993536            1          44.321     25987072      6496768
    12993536            2          11.010     51974144     12993536
    12993536            4          13.950    103948288     25987072
    12993536            8          19.421    207896576     51974144
    12993536           16          31.661    415793152    103948288
    12993536           32          56.881    831586304    207896576
    12993536           64         626.236   1663172608    415793152
    14291968            1          56.741     28583936      7145984
    14291968            2          10.110     57167872     14291968
    14291968            4          13.720    114335744     28583936
    14291968            8          20.230    228671488     57167872
    14291968           16          34.021    457342976    114335744
    14291968           32          61.382    914685952    228671488
    14291968           64         121.553   1829371904    457342976
    15720448            1          60.452     31440896      7860224
    15720448            2          11.770     62881792     15720448
    15720448            4          15.221    125763584     31440896
    15720448            8          22.731    251527168     62881792
    15720448           16          38.541    503054336    125763584
    15720448           32          70.332   1006108672    251527168
    15720448           64         127.973   2012217344    503054336
    17292288            1          61.581     34584576      8646144
    17292288            2          11.701     69169152     17292288
    17292288            4          16.280    138338304     34584576
    17292288            8          25.331    276676608     69169152
    17292288           16          39.361    553353216    138338304
    17292288           32          71.712   1106706432    276676608
    17292288           64         648.796   2213412864    553353216
    19020800            1          68.262     38041600      9510400
    19020800            2          13.110     76083200     19020800
    19020800            4          16.681    152166400     38041600
    19020800            8          26.801    304332800     76083200
    19020800           16          43.271    608665600    152166400
    19020800           32         615.315   1217331200    304332800
    19020800           64         148.353   2434662400    608665600
    20922368            1          51.462     41844736     10461184
    20922368            2          13.110     83689472     20922368
    20922368            4          20.391    167378944     41844736
    20922368            8          28.181    334757888     83689472
    20922368           16          48.811    669515776    167378944
    20922368           32          84.312   1339031552    334757888
    20922368           64         170.535   2678063104    669515776
    23014400            1         280.447     46028800     11507200
    23014400            2          15.361     92057600     23014400
    23014400            4          20.081    184115200     46028800
    23014400            8          29.910    368230400     92057600
    23014400           16          52.091    736460800    184115200
    23014400           32          93.182   1472921600    368230400
    25315328            1         285.507     50630656     12657664
    25315328            2          16.601    101261312     25315328
    25315328            4          21.110    202522624     50630656
    25315328            8          32.500    405045248    101261312
    25315328           16          55.562    810090496    202522624
    25315328           32         102.783   1620180992    405045248
    27846656            1         121.063     55693312     13923328
    27846656            2          17.690    111386624     27846656
    27846656            4          23.680    222773248     55693312
    27846656            8          34.971    445546496    111386624
    27846656           16          60.112    891092992    222773248
    27846656           32         110.683   1782185984    445546496
    30630912            1         106.982     61261824     15315456
    30630912            2          17.470    122523648     30630912
    30630912            4          24.551    245047296     61261824
    30630912            8          38.461    490094592    122523648
    30630912           16          65.392    980189184    245047296
    30630912           32         127.453   1960378368    490094592
    33693696            1         129.803     67387392     16846848
    33693696            2          20.041    134774784     33693696
    33693696            4          26.631    269549568     67387392
    33693696            8          44.661    539099136    134774784
    33693696           16          72.022   1078198272    269549568
    33693696           32         134.063   2156396544    539099136
    37062656            1          95.613     74125312     18531328
    37062656            2          19.890    148250624     37062656
    37062656            4          30.190    296501248     74125312
    37062656            8          44.531    593002496    148250624
    37062656           16          78.402   1186004992    296501248
    37062656           32         145.173   2372009984    593002496
    40768512            1          96.102     81537024     20384256
    40768512            2          22.670    163074048     40768512
    40768512            4          32.861    326148096     81537024
    40768512            8          49.112    652296192    163074048
    40768512           16          85.732   1304592384    326148096
    40768512           32         159.764   2609184768    652296192
    44845056            1         101.662     89690112     22422528
    44845056            2          27.541    179380224     44845056
    44845056            4          33.401    358760448     89690112
    44845056            8          53.292    717520896    179380224
    44845056           16          93.452   1435041792    358760448
    49329152            1         182.745     98658304     24664576
    49329152            2          27.591    197316608     49329152
    49329152            4          36.871    394633216     98658304
    49329152            8          59.711    789266432    197316608
    49329152           16         106.212   1578532864    394633216
    54261760            1         125.163    108523520     27130880
    54261760            2          28.331    217047040     54261760
    54261760            4          40.381    434094080    108523520
    54261760            8          64.972    868188160    217047040
    54261760           16         113.453   1736376320    434094080
    59687936            1         188.145    119375872     29843968
    59687936            2          30.721    238751744     59687936
    59687936            4          44.541    477503488    119375872
    59687936            8          69.542    955006976    238751744
    59687936           16         123.973   1910013952    477503488
    65655808            1         198.195    131311616     32827904
    65655808            2          33.410    262623232     65655808
    65655808            4         642.036    525246464    131311616
    65655808            8          77.122   1050492928    262623232
    65655808           16         136.903   2100985856    525246464
    72220672            1         517.393    144441344     36110336
    72220672            2          38.561    288882688     72220672
    72220672            4          52.831    577765376    144441344
    72220672            8          85.202   1155530752    288882688
    72220672           16         152.674   2311061504    577765376
    79441920            1         182.904    158883840     39720960
    79441920            2          40.751    317767680     79441920
    79441920            4          55.801    635535360    158883840
    79441920            8          92.853   1271070720    317767680
    79441920           16         163.384   2542141440    635535360
    87386112            1         292.307    174772224     43693056
    87386112            2          51.421    349544448     87386112
    87386112            4          62.452    699088896    174772224
    87386112            8         101.882   1398177792    349544448
    96123904            1         205.615    192247808     48061952
    96123904            2          57.911    384495616     96123904
    96123904            4          70.442    768991232    192247808
    96123904            8         114.483   1537982464    384495616
   105736192            1         777.349    211472384     52868096
   105736192            2          66.162    422944768    105736192
   105736192            4          77.812    845889536    211472384
   105736192            8         133.954   1691779072    422944768
   116308992            1         325.308    232617984     58154496
   116308992            2         240.416    465235968    116308992
   116308992            4          95.392    930471936    232617984
   116308992            8         138.654   1860943872    465235968
   127939584            1         230.786    255879168     63969792
   127939584            2          90.422    511758336    127939584
   127939584            4          99.683   1023516672    255879168
   127939584            8         152.684   2047033344    511758336
   140733440            1         226.826    281466880     70366720
   140733440            2         104.972    562933760    140733440
   140733440            4         109.012   1125867520    281466880
   140733440            8         169.784   2251735040    562933760
   154806272            1         236.666    309612544     77403136
   154806272            2         118.033    619225088    154806272
   154806272            4         135.454   1238450176    309612544
   154806272            8         191.604   2476900352    619225088
   170286080            1         224.496    340572160     85143040
   170286080            2         128.933    681144320    170286080
   170286080            4         137.744   1362288640    340572160
   187314176            1         447.081    374628352     93657088
   187314176            2         916.142    749256704    187314176
   187314176            4         163.414   1498513408    374628352
   206045184            1         244.986    412090368    103022592
   206045184            2         159.824    824180736    206045184
   206045184            4         167.554   1648361472    412090368
   226649088            1         245.656    453298176    113324544
   226649088            2         176.755    906596352    226649088
   226649088            4         192.555   1813192704    453298176
   249313280            1         264.166    498626560    124656640
   249313280            2         207.915    997253120    249313280
   249313280            4         214.495   1994506240    498626560
   274244608            1         281.107    548489216    137122304
   274244608            2         224.245   1096978432    274244608
   274244608            4         236.445   2193956864    548489216
   301668352            1         301.098    603336704    150834176
   301668352            2         250.186   1206673408    301668352
   301668352            4         252.896   2413346816    603336704
   331834368            1         309.617    663668736    165917184
   331834368            2         279.857   1327337472    331834368
   331834368            4         248.266   2654674944    663668736
   365017088            1         356.319    730034176    182508544
   365017088            2         313.408   1460068352    365017088
   401518592            1         393.239    803037184    200759296
   401518592            2         369.989   1606074368    401518592
   441669632            1         441.161    883339264    220834816
   441669632            2         449.421   1766678528    441669632
   485835776            1         511.142    971671552    242917888
   485835776            2         568.414   1943343104    485835776
   534418432            1         601.565   1068836864    267209216
   534418432            2         701.958   2137673728    534418432
   587859968            1         708.618   1175719936    293929984
   587859968            2         947.753   2351439872    587859968
   646645760            1         844.531   1293291520    323322880
   646645760            2        1184.849   2586583040    646645760
   711310336            1        1014.345   1422620672    355655168
   782440448            1        1237.661   1564880896    391220224
   860684288            1        1485.887   1721368576    430342144
   946752512            1        1739.183   1893505024    473376256
  1041427456            1        2001.829   2082854912    520713728
  1145569280            1        2275.147   2291138560    572784640
  1260126208            1        2589.254   2520252416    630063104

META_DATA
FLOPS          4
MPI_PROCS      128
ERT_VERSION  1.1.0
HOSTNAME  ('tcn1101.local.snellius.surf.nl', [], ['172.18.60.87'])
UNAME  uname_result(system='Linux', node='tcn1101.local.snellius.surf.nl', release='4.18.0-372.80.1.el8_6.x86_64', version='#1 SMP Fri Nov 3 14:30:16 EDT 2023', machine='x86_64', processor='x86_64')
TIMESTAMP_DATA  1707409772.691271
CONFIG  {'ERT_RESULTS': ['Results.snellius.genoa.01'], 'ERT_DRIVER': ['driver1'], 'ERT_KERNEL': ['kernel1'], 'ERT_MPI': ['True'], 'ERT_MPI_CFLAGS': [], 'ERT_MPI_LDFLAGS': [], 'ERT_OPENMP': ['False'], 'ERT_OPENMP_CFLAGS': ['-fopenmp'], 'ERT_OPENMP_LDFLAGS': ['-fopenmp'], 'ERT_FLOPS': ['1,2,4,8,16'], 'ERT_ALIGN': ['32'], 'ERT_CC': ['mpic++'], 'ERT_CFLAGS': ['-Ofast', '-fargument-noalias', '-mavx2'], 'ERT_LD': ['mpic++'], 'ERT_LDFLAGS': [], 'ERT_LDLIBS': [], 'ERT_RUN': ['export', 'OMP_NUM_THREADS=ERT_OPENMP_THREADS;', 'mpirun', '-np', 'ERT_MPI_PROCS', 'ERT_CODE'], 'ERT_PROCS_THREADS': ['64,128'], 'ERT_MPI_PROCS': ['64,128'], 'ERT_OPENMP_THREADS': [], 'ERT_NUM_EXPERIMENTS': ['5'], 'ERT_MEMORY_MAX': ['1357905920'], 'ERT_WORKING_SET_MIN': ['1'], 'ERT_TRIALS_MIN': ['1'], 'ERT_GNUPLOT': ['gnuplot'], 'ERT_GPU': [False], 'ERT_HIP': [False], 'ERT_PRECISION': ['FP64'], 'ERT_OCL': [False], 'ERT_SYCL': [False], 'ERT_WSS_MULT': [1.1]}
