fp64
        1024            1           3.877         2048          512
        1024            2           4.539         4096         1024
        1024            4         310.357         8192         2048
        1024            8           4.809        16384         4096
        1024           16           5.040        32768         8192
        1024           32           4.739        65536        16384
        1024           64           3.827       131072        32768
        1024          128           5.251       262144        65536
        1024          256           6.162       524288       131072
        1024          512          11.802      1048576       262144
        1024         1024          10.500      2097152       524288
        1024         2048          17.323      4194304      1048576
        1024         4096          29.046      8388608      2097152
        1024         8192          52.672     16777216      4194304
        1024        16384         102.828     33554432      8388608
        1024        32768         201.166     67108864     16777216
        1024        65536         402.904    134217728     33554432
        1024       131072         830.896    268435456     67108864
        1024       262144        1585.817    536870912    134217728
        1024       524288        4448.766   1073741824    268435456
        1024      1048576        6346.332   2147483648    536870912
        2048            1           8.707         4096         1024
        2048            2           4.619         8192         2048
        2048            4          20.019        16384         4096
        2048            8           3.917        32768         8192
        2048           16           4.950        65536        16384
        2048           32           4.839       131072        32768
        2048           64           3.638       262144        65536
        2048          128           4.669       524288       131072
        2048          256           5.831      1048576       262144
        2048          512          11.592      2097152       524288
        2048         1024          10.380      4194304      1048576
        2048         2048          16.722      8388608      2097152
        2048         4096          28.415     16777216      4194304
        2048         8192          50.608     33554432      8388608
        2048        16384         100.733     67108864     16777216
        2048        32768         193.371    134217728     33554432
        2048        65536         386.462    268435456     67108864
        2048       131072         762.395    536870912    134217728
        2048       262144        1550.058   1073741824    268435456
        2048       524288        3036.324   2147483648    536870912
        3072            1           8.005         6144         1536
        3072            2           4.548        12288         3072
        3072            4           4.308        24576         6144
        3072            8           9.187        49152        12288
        3072           16           4.399        98304        24576
        3072           32           4.779       196608        49152
        3072           64           5.300       393216        98304
        3072          128           4.569       786432       196608
        3072          256           6.303      1572864       393216
        3072          512           7.835      3145728       786432
        3072         1024          15.469      6291456      1572864
        3072         2048          17.133     12582912      3145728
        3072         4096          30.058     25165824      6291456
        3072         8192          54.235     50331648     12582912
        3072        16384         102.297    100663296     25165824
        3072        32768         202.018    201326592     50331648
        3072        65536         398.787    402653184    100663296
        3072       131072         799.736    805306368    201326592
        3072       262144        1609.292   1610612736    402653184
        4096            1           9.278         8192         2048
        4096            2           3.927        16384         4096
        4096            4           3.095        32768         8192
        4096            8           4.027        65536        16384
        4096           16           4.619       131072        32768
        4096           32           9.338       262144        65536
        4096           64           4.829       524288       131072
        4096          128           5.190      1048576       262144
        4096          256           5.962      2097152       524288
        4096          512           6.753      4194304      1048576
        4096         1024          10.530      8388608      2097152
        4096         2048          16.933     16777216      4194304
        4096         4096          33.204     33554432      8388608
        4096         8192          53.734     67108864     16777216
        4096        16384         103.248    134217728     33554432
        4096        32768         201.477    268435456     67108864
        4096        65536         404.076    536870912    134217728
        4096       131072         818.062   1073741824    268435456
        4096       262144        1579.855   2147483648    536870912
        5120            1          16.752        10240         2560
        5120            2           4.839        20480         5120
        5120            4           4.990        40960        10240
        5120            8           4.108        81920        20480
        5120           16           3.457       163840        40960
        5120           32           3.857       327680        81920
        5120           64           4.679       655360       163840
        5120          128           9.348      1310720       327680
        5120          256           5.972      2621440       655360
        5120          512           7.725      5242880      1310720
        5120         1024          10.661     10485760      2621440
        5120         2048          15.580     20971520      5242880
        5120         4096          29.005     41943040     10485760
        5120         8192          53.633     83886080     20971520
        5120        16384         107.226    167772160     41943040
        5120        32768         201.517    335544320     83886080
        5120        65536         454.243    671088640    167772160
        5120       131072         797.121   1342177280    335544320
        5120       262144        1584.073   2684354560    671088640
        6144            1           9.358        12288         3072
        6144            2           6.352        24576         6144
        6144            4          10.300        49152        12288
        6144            8           3.857        98304        24576
        6144           16           5.250       196608        49152
        6144           32           4.809       393216        98304
        6144           64           3.757       786432       196608
        6144          128           4.548      1572864       393216
        6144          256           6.101      3145728       786432
        6144          512          12.143      6291456      1572864
        6144         1024          10.630     12582912      3145728
        6144         2048          17.173     25165824      6291456
        6144         4096          29.296     50331648     12582912
        6144         8192          52.652    100663296     25165824
        6144        16384         102.808    201326592     50331648
        6144        32768         201.577    402653184    100663296
        6144        65536         402.584    805306368    201326592
        6144       131072         795.118   1610612736    402653184
        7168            1           9.539        14336         3584
        7168            2           6.172        28672         7168
        7168            4           3.517        57344        14336
        7168            8           4.449       114688        28672
        7168           16           4.499       229376        57344
        7168           32           8.796       458752       114688
        7168           64           4.799       917504       229376
        7168          128           5.500      1835008       458752
        7168          256           5.992      3670016       917504
        7168          512           6.252      7340032      1835008
        7168         1024          10.601     14680064      3670016
        7168         2048          17.103     29360128      7340032
        7168         4096          33.765     58720256     14680064
        7168         8192          54.004    117440512     29360128
        7168        16384         105.653    234881024     58720256
        7168        32768         241.193    469762048    117440512
        7168        65536         412.141    939524096    234881024
        7168       131072         811.299   1879048192    469762048
        8192            1           9.098        16384         4096
        8192            2          13.276        32768         8192
        8192            4           5.311        65536        16384
        8192            8           5.420       131072        32768
        8192           16           5.250       262144        65536
        8192           32           4.098       524288       131072
        8192           64           4.980      1048576       262144
        8192          128           5.590      2097152       524288
        8192          256          12.244      4194304      1048576
        8192          512           7.876      8388608      2097152
        8192         1024          11.692     16777216      4194304
        8192         2048          17.925     33554432      8388608
        8192         4096          29.567     67108864     16777216
        8192         8192          56.068    134217728     33554432
        8192        16384         107.457    268435456     67108864
        8192        32768         218.760    536870912    134217728
        8192        65536         415.218   1073741824    268435456
        8192       131072         870.352   2147483648    536870912
        9216            1          11.452        18432         4608
        9216            2           3.978        36864         9216
        9216            4           4.689        73728        18432
        9216            8           4.739       147456        36864
        9216           16           9.869       294912        73728
        9216           32           4.990       589824       147456
        9216           64           5.741      1179648       294912
        9216          128           5.901      2359296       589824
        9216          256           5.440      4718592      1179648
        9216          512           7.955      9437184      2359296
        9216         1024          11.311     18874368      4718592
        9216         2048          22.123     37748736      9437184
        9216         4096          30.529     75497472     18874368
        9216         8192          56.678    150994944     37748736
        9216        16384         107.687    301989888     75497472
        9216        32768         209.052    603979776    150994944
        9216        65536         415.679   1207959552    301989888
        9216       131072         880.201   2415919104    603979776
       10240            1          15.800        20480         5120
       10240            2           5.100        40960        10240
       10240            4           4.318        81920        20480
       10240            8           4.108       163840        40960
       10240           16           3.356       327680        81920
       10240           32           4.018       655360       163840
       10240           64           4.960      1310720       327680
       10240          128           9.689      2621440       655360
       10240          256           6.112      5242880      1310720
       10240          512           7.985     10485760      2621440
       10240         1024          11.061     20971520      5242880
       10240         2048          16.271     41943040     10485760
       10240         4096          30.048     83886080     20971520
       10240         8192          55.466    167772160     41943040
       10240        16384         111.895    335544320     83886080
       10240        32768         209.814    671088640    167772160
       10240        65536         418.684   1342177280    335544320
       10240       131072         825.316   2684354560    671088640
       11264            1           7.715        22528         5632
       11264            2           7.785        45056        11264
       11264            4           4.157        90112        22528
       11264            8          10.370       180224        45056
       11264           16           4.849       360448        90112
       11264           32           5.029       720896       180224
       11264           64           4.979      1441792       360448
       11264          128           3.967      2883584       720896
       11264          256           6.332      5767168      1441792
       11264          512           7.745     11534336      2883584
       11264         1024          16.692     23068672      5767168
       11264         2048          17.494     46137344     11534336
       11264         4096          30.619     92274688     23068672
       11264         8192          56.208    184549376     46137344
       11264        16384         107.186    369098752     92274688
       11264        32768         212.909    738197504    184549376
       11264        65536         419.796   1476395008    369098752
       12288            1          18.145        24576         6144
       12288            2           4.869        49152        12288
       12288            4           5.090        98304        24576
       12288            8           4.378       196608        49152
       12288           16           3.477       393216        98304
       12288           32           4.509       786432       196608
       12288           64           4.899      1572864       393216
       12288          128           9.207      3145728       786432
       12288          256           6.031      6291456      1572864
       12288          512           8.116     12582912      3145728
       12288         1024          11.001     25165824      6291456
       12288         2048          16.060     50331648     12582912
       12288         4096          30.829    100663296     25165824
       12288         8192          55.627    201326592     50331648
       12288        16384         112.968    402653184    100663296
       12288        32768         209.743    805306368    201326592
       12288        65536         450.525   1610612736    402653184
       13312            1           8.877        26624         6656
       13312            2           3.587        53248        13312
       13312            4           6.282       106496        26624
       13312            8           4.820       212992        53248
       13312           16           9.358       425984       106496
       13312           32           4.639       851968       212992
       13312           64           5.380      1703936       425984
       13312          128           5.651      3407872       851968
       13312          256           5.009      6815744      1703936
       13312          512           7.624     13631488      3407872
       13312         1024          10.830     27262976      6815744
       13312         2048          21.712     54525952     13631488
       13312         4096          30.187    109051904     27262976
       13312         8192          55.597    218103808     54525952
       13312        16384         107.617    436207616    109051904
       13312        32768         210.885    872415232    218103808
       13312        65536         420.267   1744830464    436207616
       14336            1           8.676        28672         7168
       14336            2          11.772        57344        14336
       14336            4           5.160       114688        28672
       14336            8           4.548       229376        57344
       14336           16           4.720       458752       114688
       14336           32           3.687       917504       229376
       14336           64           4.188      1835008       458752
       14336          128           5.361      3670016       917504
       14336          256          10.641      7340032      1835008
       14336          512           7.735     14680064      3670016
       14336         1024          11.252     29360128      7340032
       14336         2048          17.434     58720256     14680064
       14336         4096          28.946    117440512     29360128
       14336         8192          56.087    234881024     58720256
       14336        16384         106.866    469762048    117440512
       14336        32768         214.001    939524096    234881024
       14336        65536         417.732   1879048192    469762048
       15360            1          10.731        30720         7680
       15360            2           5.009        61440        15360
       15360            4           4.099       122880        30720
       15360            8           4.790       245760        61440
       15360           16           5.150       491520       122880
       15360           32           9.729       983040       245760
       15360           64           5.530      1966080       491520
       15360          128           6.373      3932160       983040
       15360          256           6.873      7864320      1966080
       15360          512           7.223     15728640      3932160
       15360         1024          10.771     31457280      7864320
       15360         2048          17.263     62914560     15728640
       15360         4096          34.386    125829120     31457280
       15360         8192          56.508    251658240     62914560
       15360        16384         109.099    503316480    125829120
       15360        32768         213.690   1006632960    251658240
       15360        65536         420.878   2013265920    503316480
       16384            1           9.508        32768         8192
       16384            2           4.189        65536        16384
       16384            4          11.321       131072        32768
       16384            8           4.058       262144        65536
       16384           16           5.210       524288       131072
       16384           32           4.219      1048576       262144
       16384           64           3.667      2097152       524288
       16384          128           5.450      4194304      1048576
       16384          256           5.601      8388608      2097152
       16384          512          11.672     16777216      4194304
       16384         1024          11.041     33554432      8388608
       16384         2048          17.383     67108864     16777216
       16384         4096          30.589    134217728     33554432
       16384         8192          55.817    268435456     67108864
       16384        16384         110.993    536870912    134217728
       16384        32768         217.778   1073741824    268435456
       16384        65536         440.737   2147483648    536870912
       17408            1           9.859        34816         8704
       17408            2           6.051        69632        17408
       17408            4           4.388       139264        34816
       17408            8           3.737       278528        69632
       17408           16           4.128       557056       139264
       17408           32           4.178      1114112       278528
       17408           64           8.867      2228224       557056
       17408          128           5.291      4456448      1114112
       17408          256           6.632      8912896      2228224
       17408          512           7.946     17825792      4456448
       17408         1024          10.029     35651584      8912896
       17408         2048          17.334     71303168     17825792
       17408         4096          29.627    142606336     35651584
       17408         8192          61.198    285212672     71303168
       17408        16384         146.482    570425344    142606336
       17408        32768         215.404   1140850688    285212672
       17408        65536         434.184   2281701376    570425344
       18432            1           8.577        36864         9216
       18432            2           4.639        73728        18432
       18432            4           4.177       147456        36864
       18432            8          10.209       294912        73728
       18432           16           4.699       589824       147456
       18432           32           5.000      1179648       294912
       18432           64           4.679      2359296       589824
       18432          128           4.138      4718592      1179648
       18432          256           6.293      9437184      2359296
       18432          512           7.604     18874368      4718592
       18432         1024          16.923     37748736      9437184
       18432         2048          18.024     75497472     18874368
       18432         4096          31.440    150994944     37748736
       18432         8192          57.781    301989888     75497472
       18432        16384         110.172    603979776    150994944
       18432        32768         216.797   1207959552    301989888
       18432        65536         431.289   2415919104    603979776
       19456            1          17.564        38912         9728
       19456            2           5.190        77824        19456
       19456            4           4.659       155648        38912
       19456            8           5.100       311296        77824
       19456           16           3.527       622592       155648
       19456           32           4.278      1245184       311296
       19456           64           5.220      2490368       622592
       19456          128          10.140      4980736      1245184
       19456          256           6.442      9961472      2490368
       19456          512           8.305     19922944      4980736
       19456         1024          11.312     39845888      9961472
       19456         2048          16.512     79691776     19922944
       19456         4096          31.200    159383552     39845888
       19456         8192          56.859    318767104     79691776
       19456        16384         113.198    637534208    159383552
       19456        32768         217.528   1275068416    318767104
       19456        65536         426.610   2550136832    637534208
       20480            1          10.681        40960        10240
       20480            2           3.436        81920        20480
       20480            4           4.749       163840        40960
       20480            8           4.559       327680        81920
       20480           16           9.328       655360       163840
       20480           32           4.729      1310720       327680
       20480           64           5.330      2621440       655360
       20480          128           5.481      5242880      1310720
       20480          256           4.980     10485760      2621440
       20480          512           7.845     20971520      5242880
       20480         1024          10.801     41943040     10485760
       20480         2048          21.471     83886080     20971520
       20480         4096          30.228    167772160     41943040
       20480         8192          58.211    335544320     83886080
       20480        16384         110.883    671088640    167772160
       20480        32768         212.418   1342177280    335544320
       20480        65536         455.274   2684354560    671088640
       22528            1           9.107        45056        11264
       22528            2          11.532        90112        22528
       22528            4           4.758       180224        45056
       22528            8           4.618       360448        90112
       22528           16           4.890       720896       180224
       22528           32           3.727      1441792       360448
       22528           64           4.399      2883584       720896
       22528          128           4.799      5767168      1441792
       22528          256          10.811     11534336      2883584
       22528          512           7.294     23068672      5767168
       22528         1024          10.981     46137344     11534336
       22528         2048          17.373     92274688     23068672
       22528         4096          30.108    184549376     46137344
       22528         8192          57.230    369098752     92274688
       22528        16384         114.500    738197504    184549376
       22528        32768         226.335   1476395008    369098752
       24576            1          10.951        49152        12288
       24576            2           6.723        98304        24576
       24576            4           4.739       196608        49152
       24576            8           3.567       393216        98304
       24576           16           3.988       786432       196608
       24576           32           4.329      1572864       393216
       24576           64           9.849      3145728       786432
       24576          128           5.380      6291456      1572864
       24576          256           6.212     12582912      3145728
       24576          512           7.454     25165824      6291456
       24576         1024           9.979     50331648     12582912
       24576         2048          17.043    100663296     25165824
       24576         4096          30.569    201326592     50331648
       24576         8192         112.295    402653184    100663296
       24576        16384         116.033    805306368    201326592
       24576        32768         218.330   1610612736    402653184
       26624            1           9.157        53248        13312
       26624            2           3.527       106496        26624
       26624            4           5.110       212992        53248
       26624            8           4.779       425984       106496
       26624           16           9.509       851968       212992
       26624           32           3.948      1703936       425984
       26624           64           5.311      3407872       851968
       26624          128           5.060      6815744      1703936
       26624          256           5.250     13631488      3407872
       26624          512           7.274     27262976      6815744
       26624         1024          10.580     54525952     13631488
       26624         2048          21.622    109051904     27262976
       26624         4096          31.040    218103808     54525952
       26624         8192          58.152    436207616    109051904
       26624        16384         112.616    872415232    218103808
       26624        32768         219.962   1744830464    436207616
       28672            1          11.372        57344        14336
       28672            2           4.529       114688        28672
       28672            4          11.172       229376        57344
       28672            8           4.198       458752       114688
       28672           16           4.678       917504       229376
       28672           32           4.669      1835008       458752
       28672           64           3.998      3670016       917504
       28672          128           4.649      7340032      1835008
       28672          256           6.312     14680064      3670016
       28672          512          11.332     29360128      7340032
       28672         1024         100.182     58720256     14680064
       28672         2048          18.305    117440512     29360128
       28672         4096          31.260    234881024     58720256
       28672         8192          58.692    469762048    117440512
       28672        16384         114.119    939524096    234881024
       28672        32768         223.199   1879048192    469762048
       30720            1          18.154        61440        15360
       30720            2           5.520       122880        30720
       30720            4           4.699       245760        61440
       30720            8           4.158       491520       122880
       30720           16           3.587       983040       245760
       30720           32           4.820      1966080       491520
       30720           64           4.950      3932160       983040
       30720          128           9.999      7864320      1966080
       30720          256           6.282     15728640      3932160
       30720          512           7.685     31457280      7864320
       30720         1024          10.901     62914560     15728640
       30720         2048          16.783    125829120     31457280
       30720         4096          31.270    251658240     62914560
       30720         8192          58.142    503316480    125829120
       30720        16384         116.524   1006632960    251658240
       30720        32768         219.552   2013265920    503316480
       33792            1          10.420        67584        16896
       33792            2           4.859       135168        33792
       33792            4           3.858       270336        67584
       33792            8           4.979       540672       135168
       33792           16           4.799      1081344       270336
       33792           32           8.567      2162688       540672
       33792           64           5.050      4325376      1081344
       33792          128           5.771      8650752      2162688
       33792          256           6.663     17301504      4325376
       33792          512           6.813     34603008      8650752
       33792         1024          11.422     69206016     17301504
       33792         2048          18.305    138412032     34603008
       33792         4096          37.191    276824064     69206016
       33792         8192          60.065    553648128    138412032
       33792        16384         115.772   1107296256    276824064
       33792        32768         227.557   2214592512    553648128
       36864            1           9.107        73728        18432
       36864            2           6.172       147456        36864
       36864            4           4.358       294912        73728
       36864            8           9.117       589824       147456
       36864           16           4.959      1179648       294912
       36864           32           5.531      2359296       589824
       36864           64           4.799      4718592      1179648
       36864          128           4.498      9437184      2359296
       36864          256           6.372     18874368      4718592
       36864          512           7.945     37748736      9437184
       36864         1024          16.361     75497472     18874368
       36864         2048          18.565    150994944     37748736
       36864         4096          33.304    301989888     75497472
       36864         8192          63.933    603979776    150994944
       36864        16384         126.242   1207959552    301989888
       36864        32768         226.976   2415919104    603979776
       39936            1           9.748        79872        19968
       39936            2          11.582       159744        39936
       39936            4           5.290       319488        79872
       39936            8           5.411       638976       159744
       39936           16           4.850      1277952       319488
       39936           32           3.757      2555904       638976
       39936           64           5.000      5111808      1277952
       39936          128           5.721     10223616      2555904
       39936          256          11.121     20447232      5111808
       39936          512           8.466     40894464     10223616
       39936         1024          12.354     81788928     20447232
       39936         2048          19.789    163577856     40894464
       39936         4096          38.784    327155712     81788928
       39936         8192          74.513    654311424    163577856
       39936        16384         151.130   1308622848    327155712
       39936        32768         314.624   2617245696    654311424
       43008            1          11.392        86016        21504
       43008            2           7.094       172032        43008
       43008            4           5.270       344064        86016
       43008            8           4.017       688128       172032
       43008           16           4.529      1376256       344064
       43008           32           4.658      2752512       688128
       43008           64           9.468      5505024      1376256
       43008          128           6.082     11010048      2752512
       43008          256           7.355     22020096      5505024
       43008          512           8.396     44040192     11010048
       43008         1024          11.863     88080384     22020096
       43008         2048          20.099    176160768     44040192
       43008         4096          35.889    352321536     88080384
       43008         8192          71.167    704643072    176160768
       43008        16384         128.386   1409286144    352321536
       47104            1          10.790        94208        23552
       47104            2           7.214       188416        47104
       47104            4           4.298       376832        94208
       47104            8           5.401       753664       188416
       47104           16           5.380      1507328       376832
       47104           32           9.899      3014656       753664
       47104           64           5.681      6029312      1507328
       47104          128           6.682     12058624      3014656
       47104          256           7.414     24117248      6029312
       47104          512           7.845     48234496     12058624
       47104         1024          13.005     96468992     24117248
       47104         2048          21.361    192937984     48234496
       47104         4096          45.167    385875968     96468992
       47104         8192          79.663    771751936    192937984
       47104        16384         157.152   1543503872    385875968
       51200            1           9.769       102400        25600
       51200            2           3.266       204800        51200
       51200            4           4.448       409600       102400
       51200            8           4.429       819200       204800
       51200           16           9.248      1638400       409600
       51200           32           4.799      3276800       819200
       51200           64           4.850      6553600      1638400
       51200          128           5.932     13107200      3276800
       51200          256           5.651     26214400      6553600
       51200          512           8.616     52428800     13107200
       51200         1024          12.784    104857600     26214400
       51200         2048          25.840    209715200     52428800
       51200         4096          37.542    419430400    104857600
       51200         8192          70.746    838860800    209715200
       51200        16384         136.311   1677721600    419430400
       56320            1           8.887       112640        28160
       56320            2           5.059       225280        56320
       56320            4           4.368       450560       112640
       56320            8           9.108       901120       225280
       56320           16           4.799      1802240       450560
       56320           32           4.759      3604480       901120
       56320           64           5.370      7208960      1802240
       56320          128           4.589     14417920      3604480
       56320          256           6.883     28835840      7208960
       56320          512           8.507     57671680     14417920
       56320         1024          17.824    115343360     28835840
       56320         2048          22.623    230686720     57671680
       56320         4096          48.623    461373440    115343360
       56320         8192          94.902    922746880    230686720
       56320        16384         190.276   1845493760    461373440
       61440            1          10.650       122880        30720
       61440            2           4.930       245760        61440
       61440            4          10.319       491520       122880
       61440            8           4.048       983040       245760
       61440           16           5.271      1966080       491520
       61440           32           4.970      3932160       983040
       61440           64           4.137      7864320      1966080
       61440          128           5.030     15728640      3932160
       61440          256           6.332     31457280      7864320
       61440          512          13.125     62914560     15728640
       61440         1024          13.696    125829120     31457280
       61440         2048          25.559    251658240     62914560
       61440         4096          48.874    503316480    125829120
       61440         8192          96.044   1006632960    251658240
       61440        16384         190.185   2013265920    503316480
       67584            1          10.500       135168        33792
       67584            2          12.634       270336        67584
       67584            4           5.060       540672       135168
       67584            8           4.830      1081344       270336
       67584           16           4.959      2162688       540672
       67584           32           3.617      4325376      1081344
       67584           64           4.549      8650752      2162688
       67584          128           5.771     17301504      4325376
       67584          256          11.562     34603008      8650752
       67584          512           9.368     69206016     17301504
       67584         1024          14.307    138412032     34603008
       67584         2048          24.577    276824064     69206016
       67584         4096          43.243    553648128    138412032
       67584         8192          84.072   1107296256    276824064
       67584        16384         163.784   2214592512    553648128
       73728            1          16.942       147456        36864
       73728            2           7.614       294912        73728
       73728            4           4.569       589824       147456
       73728            8           4.899      1179648       294912
       73728           16           3.787      2359296       589824
       73728           32           4.328      4718592      1179648
       73728           64           5.320      9437184      2359296
       73728          128          10.260     18874368      4718592
       73728          256           7.023     37748736      9437184
       73728          512          10.149     75497472     18874368
       73728         1024          15.289    150994944     37748736
       73728         2048          24.437    301989888     75497472
       73728         4096          51.669    603979776    150994944
       73728         8192          92.137   1207959552    301989888
       73728        16384         187.710   2415919104    603979776
       80896            1           9.258       161792        40448
       80896            2           5.060       323584        80896
       80896            4           3.998       647168       161792
       80896            8           3.516      1294336       323584
       80896           16           4.078      2588672       647168
       80896           32           4.999      5177344      1294336
       80896           64          11.453     10354688      2588672
       80896          128           6.292     20709376      5177344
       80896          256           8.636     41418752     10354688
       80896          512          11.752     82837504     20709376
       80896         1024          18.957    165675008     41418752
       80896         2048          35.708    331350016     82837504
       80896         4096          84.352    662700032    165675008
       80896         8192         171.469   1325400064    331350016
       80896        16384         338.820   2650800128    662700032
       88064            1          10.560       176128        44032
       88064            2           4.098       352256        88064
       88064            4           3.757       704512       176128
       88064            8           4.849      1409024       352256
       88064           16           4.578      2818048       704512
       88064           32          11.062      5636096      1409024
       88064           64           5.260     11272192      2818048
       88064          128           6.402     22544384      5636096
       88064          256           7.875     45088768     11272192
       88064          512          10.009     90177536     22544384
       88064         1024          17.073    180355072     45088768
       88064         2048          30.158    360710144     90177536
       88064         4096          61.538    721420288    180355072
       88064         8192         107.156   1442840576    360710144
       96256            1           9.959       192512        48128
       96256            2           4.909       385024        96256
       96256            4           3.777       770048       192512
       96256            8           4.999      1540096       385024
       96256           16           5.170      3080192       770048
       96256           32           9.959      6160384      1540096
       96256           64           5.601     12320768      3080192
       96256          128           6.854     24641536      6160384
       96256          256           8.656     49283072     12320768
       96256          512          11.202     98566144     24641536
       96256         1024          20.709    197132288     49283072
       96256         2048          37.582    394264576     98566144
       96256         4096          66.668    788529152    197132288
       96256         8192         116.504   1577058304    394264576
      105472            1          12.164       210944        52736
      105472            2           4.649       421888       105472
      105472            4           3.617       843776       210944
      105472            8           4.729      1687552       421888
      105472           16           4.880      3375104       843776
      105472           32           9.468      6750208      1687552
      105472           64           5.421     13500416      3375104
      105472          128           7.194     27000832      6750208
      105472          256           9.037     54001664     13500416
      105472          512          12.183    108003328     27000832
      105472         1024          22.173    216006656     54001664
      105472         2048          39.616    432013312    108003328
      105472         4096          80.174    864026624    216006656
      105472         8192         150.399   1728053248    432013312
      115712            1           9.980       231424        57856
      115712            2           5.020       462848       115712
      115712            4           3.657       925696       231424
      115712            8           5.020      1851392       462848
      115712           16           4.459      3702784       925696
      115712           32           9.007      7405568      1851392
      115712           64           5.882     14811136      3702784
      115712          128           7.064     29622272      7405568
      115712          256           8.927     59244544     14811136
      115712          512          11.792    118489088     29622272
      115712         1024          21.562    236978176     59244544
      115712         2048          38.394    473956352    118489088
      115712         4096          76.577    947912704    236978176
      115712         8192         142.444   1895825408    473956352
      126976            1          10.080       253952        63488
      126976            2           4.299       507904       126976
      126976            4           3.587      1015808       253952
      126976            8           4.559      2031616       507904
      126976           16           4.889      4063232      1015808
      126976           32           9.769      8126464      2031616
      126976           64           5.701     16252928      4063232
      126976          128           7.264     32505856      8126464
      126976          256           9.367     65011712     16252928
      126976          512          13.375    130023424     32505856
      126976         1024          24.477    260046848     65011712
      126976         2048          46.420    520093696    130023424
      126976         4096          99.421   1040187392    260046848
      126976         8192         179.936   2080374784    520093696
      139264            1          11.833       278528        69632
      139264            2           4.379       557056       139264
      139264            4           3.467      1114112       278528
      139264            8           4.288      2228224       557056
      139264           16           4.980      4456448      1114112
      139264           32           9.468      8912896      2228224
      139264           64           5.681     17825792      4456448
      139264          128           7.565     35651584      8912896
      139264          256           9.609     71303168     17825792
      139264          512          14.618    142606336     35651584
      139264         1024          26.230    285212672     71303168
      139264         2048          50.838    570425344    142606336
      139264         4096          87.108   1140850688    285212672
      139264         8192         163.264   2281701376    570425344
      152576            1          10.199       305152        76288
      152576            2           4.749       610304       152576
      152576            4           3.748      1220608       305152
      152576            8           4.819      2441216       610304
      152576           16           4.860      4882432      1220608
      152576           32           9.889      9764864      2441216
      152576           64           5.490     19529728      4882432
      152576          128           8.036     39059456      9764864
      152576          256          10.881     78118912     19529728
      152576          512          16.021    156237824     39059456
      152576         1024          29.928    312475648     78118912
      152576         2048          54.545    624951296    156237824
      152576         4096         110.362   1249902592    312475648
      152576         8192         208.520   2499805184    624951296
      166912            1          11.422       333824        83456
      166912            2           4.438       667648       166912
      166912            4           3.647      1335296       333824
      166912            8           4.910      2670592       667648
      166912           16           4.399      5341184      1335296
      166912           32           9.217     10682368      2670592
      166912           64           5.521     21364736      5341184
      166912          128           7.615     42729472     10682368
      166912          256          11.221     85458944     21364736
      166912          512          20.279    170917888     42729472
      166912         1024          37.743    341835776     85458944
      166912         2048          56.418    683671552    170917888
      166912         4096         114.289   1367343104    341835776
      183296            1          13.125       366592        91648
      183296            2           7.505       733184       183296
      183296            4           4.669      1466368       366592
      183296            8           4.248      2932736       733184
      183296           16           4.780      5865472      1466368
      183296           32           5.390     11730944      2932736
      183296           64          11.973     23461888      5865472
      183296          128           8.547     46923776     11730944
      183296          256          12.374     93847552     23461888
      183296          512          21.482    187695104     46923776
      183296         1024          41.209    375390208     93847552
      183296         2048          79.082    750780416    187695104
      183296         4096         157.112   1501560832    375390208
      200704            1          19.758       401408       100352
      200704            2           5.561       802816       200704
      200704            4           5.150      1605632       401408
      200704            8           5.520      3211264       802816
      200704           16           4.469      6422528      1605632
      200704           32           5.881     12845056      3211264
      200704           64           6.643     25690112      6422528
      200704          128          13.135     51380224     12845056
      200704          256          12.204    102760448     25690112
      200704          512          19.668    205520896     51380224
      200704         1024          33.734    411041792    102760448
      200704         2048          60.927    822083584    205520896
      200704         4096         171.720   1644167168    411041792
      220160            1          12.805       440320       110080
      220160            2          12.114       880640       220160
      220160            4           5.601      1761280       440320
      220160            8           4.819      3522560       880640
      220160           16           4.960      7045120      1761280
      220160           32           4.599     14090240      3522560
      220160           64           6.573     28180480      7045120
      220160          128           8.847     56360960     14090240
      220160          256          17.834    112721920     28180480
      220160          512          23.745    225443840     56360960
      220160         1024          38.133    450887680    112721920
      220160         2048          71.918    901775360    225443840
      220160         4096         139.428   1803550720    450887680
      241664            1          12.745       483328       120832
      241664            2           5.070       966656       241664
      241664            4          11.643      1933312       483328
      241664            8           4.298      3866624       966656
      241664           16           5.811      7733248      1933312
      241664           32           5.951     15466496      3866624
      241664           64           5.631     30932992      7733248
      241664          128           8.777     61865984     15466496
      241664          256          13.045    123731968     30932992
      241664          512          26.170    247463936     61865984
      241664         1024          38.835    494927872    123731968
      241664         2048          73.702    989855744    247463936
      241664         4096         142.313   1979711488    494927872
      265216            1          10.771       530432       132608
      265216            2           4.669      1060864       265216
      265216            4           4.428      2121728       530432
      265216            8           9.728      4243456      1060864
      265216           16           4.909      8486912      2121728
      265216           32           6.352     16973824      4243456
      265216           64           7.233     33947648      8486912
      265216          128           8.627     67895296     16973824
      265216          256          14.558    135790592     33947648
      265216          512          24.607    271581184     67895296
      265216         1024          49.605    543162368    135790592
      265216         2048          85.184   1086324736    271581184
      265216         4096         165.949   2172649472    543162368
      290816            1          15.219       581632       145408
      290816            2           4.088      1163264       290816
      290816            4           5.821      2326528       581632
      290816            8           4.869      4653056      1163264
      290816           16          10.120      9306112      2326528
      290816           32           6.342     18612224      4653056
      290816           64           8.156     37224448      9306112
      290816          128          10.380     74448896     18612224
      290816          256          14.939    148897792     37224448
      290816          512          27.052    297795584     74448896
      290816         1024          52.371    595591168    148897792
      290816         2048         109.751   1191182336    297795584
      290816         4096         212.718   2382364672    595591168
      319488            1          10.931       638976       159744
      319488            2           4.237      1277952       319488
      319488            4           3.797      2555904       638976
      319488            8           4.439      5111808      1277952
      319488           16           5.421     10223616      2555904
      319488           32          10.541     20447232      5111808
      319488           64           6.703     40894464     10223616
      319488          128          10.820     81788928     20447232
      319488          256          16.171    163577856     40894464
      319488          512          26.982    327155712     81788928
      319488         1024          50.006    654311424    163577856
      319488         2048          94.932   1308622848    327155712
      319488         4096         190.846   2617245696    654311424
      351232            1          13.887       702464       175616
      351232            2           7.504      1404928       351232
      351232            4           5.821      2809856       702464
      351232            8           4.669      5619712      1404928
      351232           16           5.250     11239424      2809856
      351232           32           5.901     22478848      5619712
      351232           64          12.965     44957696     11239424
      351232          128          11.833     89915392     22478848
      351232          256          18.856    179830784     44957696
      351232          512          31.751    359661568     89915392
      351232         1024          58.933    719323136    179830784
      351232         2048         115.222   1438646272    359661568
      386048            1          13.105       772096       193024
      386048            2          10.661      1544192       386048
      386048            4           5.140      3088384       772096
      386048            8           5.851      6176768      1544192
      386048           16           5.921     12353536      3088384
      386048           32           5.370     24707072      6176768
      386048           64           7.555     49414144     12353536
      386048          128          11.813     98828288     24707072
      386048          256          23.204    197656576     49414144
      386048          512          33.405    395313152     98828288
      386048         1024          61.768    790626304    197656576
      386048         2048         119.128   1581252608    395313152
      423936            1          11.703       847872       211968
      423936            2           5.150      1695744       423936
      423936            4           4.549      3391488       847872
      423936            8           9.899      6782976      1695744
      423936           16           5.651     13565952      3391488
      423936           32           6.883     27131904      6782976
      423936           64           8.407     54263808     13565952
      423936          128          11.733    108527616     27131904
      423936          256          19.958    217055232     54263808
      423936          512          35.679    434110464    108527616
      423936         1024          72.449    868220928    217055232
      423936         2048         133.015   1736441856    434110464
      465920            1          13.516       931840       232960
      465920            2           4.478      1863680       465920
      465920            4           3.787      3727360       931840
      465920            8           4.599      7454720      1863680
      465920           16           5.070     14909440      3727360
      465920           32          11.342     29818880      7454720
      465920           64           8.927     59637760     14909440
      465920          128          15.621    119275520     29818880
      465920          256          23.154    238551040     59637760
      465920          512          37.683    477102080    119275520
      465920         1024          72.910    954204160    238551040
      465920         2048         141.672   1908408320    477102080
      512000            1          19.438      1024000       256000
      512000            2           5.450      2048000       512000
      512000            4           4.879      4096000      1024000
      512000            8           5.520      8192000      2048000
      512000           16           4.539     16384000      4096000
      512000           32           6.853     32768000      8192000
      512000           64           9.509     65536000     16384000
      512000          128          18.175    131072000     32768000
      512000          256          23.606    262144000     65536000
      512000          512          41.610    524288000    131072000
      512000         1024          79.012   1048576000    262144000
      512000         2048         156.581   2097152000    524288000
      563200            1          13.165      1126400       281600
      563200            2           4.949      2252800       563200
      563200            4          11.151      4505600      1126400
      563200            8           4.749      9011200      2252800
      563200           16           6.001     18022400      4505600
      563200           32           7.534     36044800      9011200
      563200           64           8.978     72089600     18022400
      563200          128          14.247    144179200     36044800
      563200          256          25.118    288358400     72089600
      563200          512          50.698    576716800    144179200
      563200         1024          87.287   1153433600    288358400
      563200         2048         170.178   2306867200    576716800
      619520            1          14.578      1239040       309760
      619520            2           3.637      2478080       619520
      619520            4           4.499      4956160      1239040
      619520            8           4.879      9912320      2478080
      619520           16          10.450     19824640      4956160
      619520           32           6.883     39649280      9912320
      619520           64          10.170     79298560     19824640
      619520          128          15.710    158597120     39649280
      619520          256          26.461    317194240     79298560
      619520          512          49.795    634388480    158597120
      619520         1024          94.341   1268776960    317194240
      619520         2048         191.097   2537553920    634388480
      680960            1          14.267      1361920       340480
      680960            2           5.951      2723840       680960
      680960            4           5.341      5447680      1361920
      680960            8           5.000     10895360      2723840
      680960           16           6.452     21790720      5447680
      680960           32           8.256     43581440     10895360
      680960           64          15.579     87162880     21790720
      680960          128          18.025    174325760     43581440
      680960          256          34.897    348651520     87162880
      680960          512          66.488    697303040    174325760
      680960         1024         131.623   1394606080    348651520
      748544            1         101.755      1497088       374272
      748544            2           5.010      2994176       748544
      748544            4          11.873      5988352      1497088
      748544            8           4.990     11976704      2994176
      748544           16           6.883     23953408      5988352
      748544           32           8.405     47906816     11976704
      748544           64          10.981     95813632     23953408
      748544          128          19.447    191627264     47906816
      748544          256          36.400    383254528     95813632
      748544          512          76.386    766509056    191627264
      748544         1024         140.710   1533018112    383254528
      823296            1          14.398      1646592       411648
      823296            2           4.880      3293184       823296
      823296            4           3.998      6586368      1646592
      823296            8           5.901     13172736      3293184
      823296           16           6.673     26345472      6586368
      823296           32          13.245     52690944     13172736
      823296           64          12.223    105381888     26345472
      823296          128          21.631    210763776     52690944
      823296          256          40.177    421527552    105381888
      823296          512          78.360    843055104    210763776
      823296         1024         149.878   1686110208    421527552
      905216            1          14.779      1810432       452608
      905216            2          12.904      3620864       905216
      905216            4           5.521      7241728      1810432
      905216            8           5.962     14483456      3620864
      905216           16           7.044     28966912      7241728
      905216           32           7.825     57933824     14483456
      905216           64          12.163    115867648     28966912
      905216          128          21.020    231735296     57933824
      905216          256          42.030    463470592    115867648
      905216          512          69.794    926941184    231735296
      905216         1024         135.019   1853882368    463470592
      995328            1          17.925      1990656       497664
      995328            2           4.048      3981312       995328
      995328            4           5.300      7962624      1990656
      995328            8           5.931     15925248      3981312
      995328           16          11.632     31850496      7962624
      995328           32           9.218     63700992     15925248
      995328           64          48.333    127401984     31850496
      995328          128          25.108    254803968     63700992
      995328          256          47.541    509607936    127401984
      995328          512          76.326   1019215872    254803968
      995328         1024         148.175   2038431744    509607936
     1094656            1          24.507      2189312       547328
     1094656            2           5.380      4378624      1094656
     1094656            4           5.661      8757248      2189312
     1094656            8           6.282     17514496      4378624
     1094656           16           6.623     35028992      8757248
     1094656           32          10.200     70057984     17514496
     1094656           64          14.658    140115968     35028992
     1094656          128          29.637    280231936     70057984
     1094656          256          44.987    560463872    140115968
     1094656          512          84.823   1120927744    280231936
     1094656         1024         163.765   2241855488    560463872
     1203200            1          14.608      2406400       601600
     1203200            2           5.250      4812800      1203200
     1203200            4           5.360      9625600      2406400
     1203200            8          10.330     19251200      4812800
     1203200           16           7.735     38502400      9625600
     1203200           32          10.650     77004800     19251200
     1203200           64          16.191    154009600     38502400
     1203200          128          29.908    308019200     77004800
     1203200          256          56.879    616038400    154009600
     1203200          512         139.158   1232076800    308019200
     1203200         1024         227.356   2464153600    616038400
     1323008            1          19.206      2646016       661504
     1323008            2           5.411      5292032      1323008
     1323008            4           5.340     10584064      2646016
     1323008            8           5.330     21168128      5292032
     1323008           16           7.134     42336256     10584064
     1323008           32          10.751     84672512     21168128
     1323008           64          21.151    169345024     42336256
     1323008          128          28.645    338690048     84672512
     1323008          256          52.851    677380096    169345024
     1323008          512         100.032   1354760192    338690048
     1323008         1024         193.863   2709520384    677380096
     1455104            1          21.541      2910208       727552
     1455104            2           5.851      5820416      1455104
     1455104            4          11.282     11640832      2910208
     1455104            8           5.821     23281664      5820416
     1455104           16           8.907     46563328     11640832
     1455104           32          11.542     93126656     23281664
     1455104           64          16.852    186253312     46563328
     1455104          128          30.238    372506624     93126656
     1455104          256          56.999    745013248    186253312
     1455104          512         145.870   1490026496    372506624
     1600512            1          22.273      3201024       800256
     1600512            2           5.531      6402048      1600512
     1600512            4           5.400     12804096      3201024
     1600512            8           5.701     25608192      6402048
     1600512           16           7.865     51216384     12804096
     1600512           32          12.123    102432768     25608192
     1600512           64          24.377    204865536     51216384
     1600512          128          33.765    409731072    102432768
     1600512          256          62.941    819462144    204865536
     1600512          512         120.412   1638924288    409731072
     1760256            1          20.399      3520512       880128
     1760256            2           5.540      7041024      1760256
     1760256            4           5.931     14082048      3520512
     1760256            8          10.820     28164096      7041024
     1760256           16           8.998     56328192     14082048
     1760256           32          13.586    112656384     28164096
     1760256           64          21.161    225312768     56328192
     1760256          128          35.418    450625536    112656384
     1760256          256          68.131    901251072    225312768
     1760256          512         131.282   1802502144    450625536
     1935360            1          31.480      3870720       967680
     1935360            2           6.132      7741440      1935360
     1935360            4           7.233     15482880      3870720
     1935360            8           7.575     30965760      7741440
     1935360           16           9.479     61931520     15482880
     1935360           32          14.979    123863040     30965760
     1935360           64          25.830    247726080     61931520
     1935360          128          48.914    495452160    123863040
     1935360          256          74.233    990904320    247726080
     1935360          512         143.656   1981808640    495452160
     2128896            1          22.222      4257792      1064448
     2128896            2           4.959      8515584      2128896
     2128896            4           5.761     17031168      4257792
     2128896            8           7.594     34062336      8515584
     2128896           16          16.402     68124672     17031168
     2128896           32          15.269    136249344     34062336
     2128896           64          27.593    272498688     68124672
     2128896          128          51.379    544997376    136249344
     2128896          256         106.384   1089994752    272498688
     2128896          512         198.272   2179989504    544997376
     2340864            1          28.025      4681728      1170432
     2340864            2          11.663      9363456      2340864
     2340864            4           7.314     18726912      4681728
     2340864            8           7.715     37453824      9363456
     2340864           16          10.881     74907648     18726912
     2340864           32          18.756    149815296     37453824
     2340864           64          33.825    299630592     74907648
     2340864          128          63.712    599261184    149815296
     2340864          256         129.149   1198522368    299630592
     2340864          512         246.504   2397044736    599261184
     2574336            1          28.184      5148672      1287168
     2574336            2           5.881     10297344      2574336
     2574336            4           5.641     20594688      5148672
     2574336            8           7.604     41189376     10297344
     2574336           16          12.163     82378752     20594688
     2574336           32          25.890    164757504     41189376
     2574336           64          41.019    329515008     82378752
     2574336          128          77.599    659030016    164757504
     2574336          256          97.427   1318060032    329515008
     2574336          512         191.097   2636120064    659030016
     2831360            1          31.711      5662720      1415680
     2831360            2           5.541     11325440      2831360
     2831360            4          14.518     22650880      5662720
     2831360            8           8.917     45301760     11325440
     2831360           16          13.836     90603520     22650880
     2831360           32          23.515    181207040     45301760
     2831360           64          43.995    362414080     90603520
     2831360          128          67.058    724828160    181207040
     2831360          256         106.575   1449656320    362414080
     3113984            1          40.448      6227968      1556992
     3113984            2           7.003     12455936      3113984
     3113984            4           7.584     24911872      6227968
     3113984            8           8.546     49823744     12455936
     3113984           16          11.191     99647488     24911872
     3113984           32          19.367    199294976     49823744
     3113984           64          33.144    398589952     99647488
     3113984          128          65.736    797179904    199294976
     3113984          256         121.172   1594359808    398589952
     3425280            1          32.502      6850560      1712640
     3425280            2           7.053     13701120      3425280
     3425280            4           6.332     27402240      6850560
     3425280            8           8.897     54804480     13701120
     3425280           16          13.275    109608960     27402240
     3425280           32          25.649    219217920     54804480
     3425280           64          36.119    438435840    109608960
     3425280          128          66.508    876871680    219217920
     3425280          256         127.966   1753743360    438435840
     3767296            1          33.344      7534592      1883648
     3767296            2           6.623     15069184      3767296
     3767296            4           7.805     30138368      7534592
     3767296            8          14.568     60276736     15069184
     3767296           16          14.238    120553472     30138368
     3767296           32          23.355    241106944     60276736
     3767296           64          39.847    482213888    120553472
     3767296          128          75.034    964427776    241106944
     3767296          256         211.546   1928855552    482213888
     4143104            1          37.562      8286208      2071552
     4143104            2          14.798     16572416      4143104
     4143104            4           8.717     33144832      8286208
     4143104            8          10.941     66289664     16572416
     4143104           16          15.360    132579328     33144832
     4143104           32          23.375    265158656     66289664
     4143104           64          42.702    530317312    132579328
     4143104          128          79.713   1060634624    265158656
     4143104          256         158.053   2121269248    530317312
     4556800            1          43.413      9113600      2278400
     4556800            2           8.947     18227200      4556800
     4556800            4           8.616     36454400      9113600
     4556800            8          11.242     72908800     18227200
     4556800           16          17.775    145817600     36454400
     4556800           32          29.437    291635200     72908800
     4556800           64          58.372    583270400    145817600
     4556800          128         100.934   1166540800    291635200
     4556800          256         196.458   2333081600    583270400
     5012480            1          46.229     10024960      2506240
     5012480            2           7.174     20049920      5012480
     5012480            4          10.571     40099840     10024960
     5012480            8          12.975     80199680     20049920
     5012480           16          26.140    160399360     40099840
     5012480           32          37.883    320798720     80199680
     5012480           64          61.669    641597440    160399360
     5012480          128         116.765   1283194880    320798720
     5012480          256         226.315   2566389760    641597440
     5513216            1          50.728     11026432      2756608
     5513216            2           8.125     22052864      5513216
     5513216            4          17.604     44105728     11026432
     5513216            8          13.466     88211456     22052864
     5513216           16          21.731    176422912     44105728
     5513216           32          36.620    352845824     88211456
     5513216           64          65.807    705691648    176422912
     5513216          128         128.006   1411383296    352845824
     6064128            1         133.607     12128256      3032064
     6064128            2          16.833     24256512      6064128
     6064128            4          11.251     48513024     12128256
     6064128            8          15.310     97026048     24256512
     6064128           16          26.601    194052096     48513024
     6064128           32          48.433    388104192     97026048
     6064128           64          92.448    776208384    194052096
     6064128          128         162.572   1552416768    388104192
     6670336            1          64.284     13340672      3335168
     6670336            2           9.167     26681344      6670336
     6670336            4          11.643     53362688     13340672
     6670336            8          15.460    106725376     26681344
     6670336           16          24.306    213450752     53362688
     6670336           32          42.712    426901504    106725376
     6670336           64          80.004    853803008    213450752
     6670336          128         162.753   1707606016    426901504
     7336960            1          62.921     14673920      3668480
     7336960            2           9.438     29347840      7336960
     7336960            4          11.702     58695680     14673920
     7336960            8          16.201    117391360     29347840
     7336960           16          26.541    234782720     58695680
     7336960           32          46.980    469565440    117391360
     7336960           64         126.193    939130880    234782720
     7336960          128         173.142   1878261760    469565440
     8070144            1          70.005     16140288      4035072
     8070144            2           9.599     32280576      8070144
     8070144            4          11.362     64561152     16140288
     8070144            8          18.065    129122304     32280576
     8070144           16          28.856    258244608     64561152
     8070144           32          58.933    516489216    129122304
     8070144           64          95.454   1032978432    258244608
     8070144          128         184.565   2065956864    516489216
     8877056            1          76.236     17754112      4438528
     8877056            2           9.218     35508224      8877056
     8877056            4          14.858     71016448     17754112
     8877056            8          18.806    142032896     35508224
     8877056           16          36.169    284065792     71016448
     8877056           32          56.028    568131584    142032896
     8877056           64         105.222   1136263168    284065792
     8877056          128         261.121   2272526336    568131584
     9763840            1          77.739     19527680      4881920
     9763840            2          10.991     39055360      9763840
     9763840            4          14.117     78110720     19527680
     9763840            8          26.421    156221440     39055360
     9763840           16          34.086    312442880     78110720
     9763840           32          61.067    624885760    156221440
     9763840           64         114.670   1249771520    312442880
     9763840          128         220.634   2499543040    624885760
    10739712            1          85.273     21479424      5369856
    10739712            2          11.782     42958848     10739712
    10739712            4          21.612     85917696     21479424
    10739712            8          21.982    171835392     42958848
    10739712           16          37.411    343670784     85917696
    10739712           32          66.949    687341568    171835392
    10739712           64         124.229   1374683136    343670784
    11812864            1          96.576     23625728      5906432
    11812864            2          11.843     47251456     11812864
    11812864            4          22.103     94502912     23625728
    11812864            8          23.405    189005824     47251456
    11812864           16          41.379    378011648     94502912
    11812864           32          73.190    756023296    189005824
    11812864           64         137.214   1512046592    378011648
    12993536            1          99.331     25987072      6496768
    12993536            2          12.243     51974144     12993536
    12993536            4          22.743    103948288     25987072
    12993536            8          25.860    207896576     51974144
    12993536           16          43.744    415793152    103948288
    12993536           32          83.991    831586304    207896576
    12993536           64         150.299   1663172608    415793152
    14291968            1         112.536     28583936      7145984
    14291968            2          13.555     57167872     14291968
    14291968            4          25.098    114335744     28583936
    14291968            8          27.392    228671488     57167872
    14291968           16          47.832    457342976    114335744
    14291968           32          86.797    914685952    228671488
    14291968           64         164.657   1829371904    457342976
    15720448            1         123.838     31440896      7860224
    15720448            2          14.348     62881792     15720448
    15720448            4          25.850    125763584     31440896
    15720448            8          30.007    251527168     62881792
    15720448           16          52.501    503054336    125763584
    15720448           32          95.544   1006108672    251527168
    15720448           64         180.376   2012217344    503054336
    17292288            1         129.839     34584576      8646144
    17292288            2          17.484     69169152     17292288
    17292288            4          31.200    138338304     34584576
    17292288            8          39.666    276676608     69169152
    17292288           16          71.146    553353216    138338304
    17292288           32         145.349   1106706432    276676608
    17292288           64         270.429   2213412864    553353216
    19020800            1         146.692     38041600      9510400
    19020800            2          16.882     76083200     19020800
    19020800            4          31.651    152166400     38041600
    19020800            8          35.508    304332800     76083200
    19020800           16          62.670    608665600    152166400
    19020800           32         114.580   1217331200    304332800
    19020800           64         218.139   2434662400    608665600
    20922368            1         165.167     41844736     10461184
    20922368            2          18.736     83689472     20922368
    20922368            4          34.236    167378944     41844736
    20922368            8          46.971    334757888     83689472
    20922368           16          69.343    669515776    167378944
    20922368           32         125.551   1339031552    334757888
    20922368           64         239.460   2678063104    669515776
    23014400            1         173.543     46028800     11507200
    23014400            2          21.441     92057600     23014400
    23014400            4          32.512    184115200     46028800
    23014400            8          42.202    368230400     92057600
    23014400           16          74.352    736460800    184115200
    23014400           32         137.605   1472921600    368230400
    25315328            1         185.677     50630656     12657664
    25315328            2          21.201    101261312     25315328
    25315328            4          28.625    202522624     50630656
    25315328            8          51.249    405045248    101261312
    25315328           16          83.540    810090496    202522624
    25315328           32         151.331   1620180992    405045248
    27846656            1         212.840     55693312     13923328
    27846656            2          23.154    111386624     27846656
    27846656            4          30.629    222773248     55693312
    27846656            8          49.776    445546496    111386624
    27846656           16          93.399    891092992    222773248
    27846656           32         168.423   1782185984    445546496
    30630912            1         218.890     61261824     15315456
    30630912            2          24.677    122523648     30630912
    30630912            4          33.304    245047296     61261824
    30630912            8          54.895    490094592    122523648
    30630912           16          97.427    980189184    245047296
    30630912           32         187.710   1960378368    490094592
    33693696            1         258.948     67387392     16846848
    33693696            2          28.615    134774784     33693696
    33693696            4          37.312    269549568     67387392
    33693696            8          59.214    539099136    134774784
    33693696           16         106.213   1078198272    269549568
    33693696           32         200.876   2156396544    539099136
    37062656            1         277.854     74125312     18531328
    37062656            2          31.350    148250624     37062656
    37062656            4          41.149    296501248     74125312
    37062656            8          65.907    593002496    148250624
    37062656           16         117.035   1186004992    296501248
    37062656           32         221.846   2372009984    593002496
    40768512            1         296.750     81537024     20384256
    40768512            2          44.476    163074048     40768512
    40768512            4          44.296    326148096     81537024
    40768512            8          72.269    652296192    163074048
    40768512           16         166.941   1304592384    326148096
    40768512           32         321.658   2609184768    652296192
    44845056            1         325.335     89690112     22422528
    44845056            2          40.798    179380224     44845056
    44845056            4          54.675    358760448     89690112
    44845056            8          78.651    717520896    179380224
    44845056           16         143.405   1435041792    358760448
    49329152            1         354.211     98658304     24664576
    49329152            2          47.511    197316608     49329152
    49329152            4          52.401    394633216     98658304
    49329152            8          86.746    789266432    197316608
    49329152           16         164.096   1578532864    394633216
    54261760            1         388.236    108523520     27130880
    54261760            2          55.226    217047040     54261760
    54261760            4          59.585    434094080    108523520
    54261760            8          98.799    868188160    217047040
    54261760           16         179.044   1736376320    434094080
    59687936            1         441.518    119375872     29843968
    59687936            2          78.991    238751744     59687936
    59687936            4          67.570    477503488    119375872
    59687936            8         111.564    955006976    238751744
    59687936           16         201.737   1910013952    477503488
    65655808            1         455.265    131311616     32827904
    65655808            2          79.884    262623232     65655808
    65655808            4          73.662    525246464    131311616
    65655808            8         128.056   1050492928    262623232
    65655808           16         220.604   2100985856    525246464
    72220672            1         513.506    144441344     36110336
    72220672            2         105.813    288882688     72220672
    72220672            4          80.966    577765376    144441344
    72220672            8         134.979   1155530752    288882688
    72220672           16         242.456   2311061504    577765376
    79441920            1         591.967    158883840     39720960
    79441920            2         130.120    317767680     79441920
    79441920            4         116.023    635535360    158883840
    79441920            8         184.815   1271070720    317767680
    79441920           16         314.775   2542141440    635535360
    87386112            1         627.876    174772224     43693056
    87386112            2         178.663    349544448     87386112
    87386112            4         187.129    699088896    174772224
    87386112            8         294.986   1398177792    349544448
    96123904            1         671.340    192247808     48061952
    96123904            2         218.781    384495616     96123904
    96123904            4         232.767    768991232    192247808
    96123904            8         382.785   1537982464    384495616
   105736192            1         751.944    211472384     52868096
   105736192            2         242.496    422944768    105736192
   105736192            4         264.078    845889536    211472384
   105736192            8         372.366   1691779072    422944768
   116308992            1         824.114    232617984     58154496
   116308992            2         273.355    465235968    116308992
   116308992            4         298.784    930471936    232617984
   116308992            8         466.707   1860943872    465235968
   127939584            1         909.698    255879168     63969792
   127939584            2         294.676    511758336    127939584
   127939584            4         302.150   1023516672    255879168
   127939584            8         481.656   2047033344    511758336
   140733440            1         985.072    281466880     70366720
   140733440            2         305.346    562933760    140733440
   140733440            4         346.285   1125867520    281466880
   140733440            8         519.428   2251735040    562933760
   154806272            1        1104.903    309612544     77403136
   154806272            2         327.539    619225088    154806272
   154806272            4         318.752   1238450176    309612544
   154806272            8         484.391   2476900352    619225088
   170286080            1        1224.943    340572160     85143040
   170286080            2         355.903    681144320    170286080
   170286080            4         345.083   1362288640    340572160
   187314176            1        1314.756    374628352     93657088
   187314176            2         419.255    749256704    187314176
   187314176            4         420.989   1498513408    374628352
   206045184            1        1447.721    412090368    103022592
   206045184            2         446.859    824180736    206045184
   206045184            4         362.776   1648361472    412090368
   226649088            1        1601.637    453298176    113324544
   226649088            2         409.026    906596352    226649088
   226649088            4         396.382   1813192704    453298176
   249313280            1        1817.371    498626560    124656640
   249313280            2         437.971    997253120    249313280
   249313280            4         435.326   1994506240    498626560
   274244608            1        1917.373    548489216    137122304
   274244608            2         433.844   1096978432    274244608
   274244608            4         479.621   2193956864    548489216
   301668352            1        2160.912    603336704    150834176
   301668352            2         465.243   1206673408    301668352
   301668352            4         528.756   2413346816    603336704
   331834368            1        2364.984    663668736    165917184
   331834368            2         481.324   1327337472    331834368
   331834368            4         557.220   2654674944    663668736
   365017088            1        2551.061    730034176    182508544
   365017088            2         560.728   1460068352    365017088
   401518592            1        2849.704    803037184    200759296
   401518592            2         611.565   1606074368    401518592
   441669632            1        3072.903    883339264    220834816
   441669632            2         774.288   1766678528    441669632
   485835776            1        3406.364    971671552    242917888
   485835776            2         945.597   1943343104    485835776
   534418432            1        3737.109   1068836864    267209216
   534418432            2        1673.695   2137673728    534418432
   587859968            1        4118.763   1175719936    293929984
   587859968            2        2952.582   2351439872    587859968
   646645760            1        4528.629   1293291520    323322880
   646645760            2        5290.464   2586583040    646645760
   711310336            1        4957.674   1422620672    355655168
   782440448            1        5434.591   1564880896    391220224
   860684288            1        6003.533   1721368576    430342144
   946752512            1        6630.357   1893505024    473376256
  1041427456            1        7291.016   2082854912    520713728
  1145569280            1        8006.521   2291138560    572784640
  1260126208            1        8739.960   2520252416    630063104

META_DATA
FLOPS          4
MPI_PROCS      128
ERT_VERSION  1.1.0
HOSTNAME  ('nid004033', [], ['10.253.33.94'])
UNAME  uname_result(system='Linux', node='nid004033', release='5.14.21-150400.24.46_12.0.63-cray_shasta_c', version='#1 SMP Fri Mar 3 22:39:37 UTC 2023 (6e164f9)', machine='x86_64')
TIMESTAMP_DATA  1710934463.1791852
CONFIG  {'ERT_RESULTS': ['Results.archer.01'], 'ERT_DRIVER': ['driver1'], 'ERT_KERNEL': ['kernel1'], 'ERT_MPI': ['True'], 'ERT_MPI_CFLAGS': [], 'ERT_MPI_LDFLAGS': [], 'ERT_OPENMP': ['False'], 'ERT_OPENMP_CFLAGS': ['-fopenmp'], 'ERT_OPENMP_LDFLAGS': ['-fopenmp'], 'ERT_FLOPS': ['1,2,4,8,16,32'], 'ERT_ALIGN': ['32'], 'ERT_CC': ['mpic++'], 'ERT_CFLAGS': ['-Ofast', '-fargument-noalias', '-mavx2'], 'ERT_LD': ['mpic++'], 'ERT_LDFLAGS': [], 'ERT_LDLIBS': [], 'ERT_RUN': ['export', 'OMP_NUM_THREADS=ERT_OPENMP_THREADS;', 'srun', '--distribution=block:block', '--hint=nomultithread', '--ntasks', 'ERT_MPI_PROCS', 'ERT_CODE'], 'ERT_PROCS_THREADS': ['32,64,128'], 'ERT_MPI_PROCS': ['32,64,128'], 'ERT_OPENMP_THREADS': [], 'ERT_NUM_EXPERIMENTS': ['5'], 'ERT_MEMORY_MAX': ['1357905920'], 'ERT_WORKING_SET_MIN': ['1'], 'ERT_TRIALS_MIN': ['1'], 'ERT_GNUPLOT': ['gnuplot'], 'ERT_GPU': [False], 'ERT_HIP': [False], 'ERT_PRECISION': ['FP64'], 'ERT_OCL': [False], 'ERT_SYCL': [False], 'ERT_WSS_MULT': [1.1]}
