fp64
        1024            1           4.008         2048         1024
        1024            2           4.640         4096         2048
        1024            4         302.952         8192         4096
        1024            8           4.539        16384         8192
        1024           16           4.729        32768        16384
        1024           32           4.930        65536        32768
        1024           64           4.028       131072        65536
        1024          128           5.620       262144       131072
        1024          256           7.685       524288       262144
        1024          512          14.818      1048576       524288
        1024         1024          16.703      2097152      1048576
        1024         2048          29.026      4194304      2097152
        1024         4096          55.376      8388608      4194304
        1024         8192         101.695     16777216      8388608
        1024        16384         201.747     33554432     16777216
        1024        32768         398.796     67108864     33554432
        1024        65536         840.094    134217728     67108864
        1024       131072        1583.583    268435456    134217728
        1024       262144        4047.546    536870912    268435456
        1024       524288        8599.843   1073741824    536870912
        1024      1048576       12676.316   2147483648   1073741824
        2048            1           9.458         4096         2048
        2048            2           6.002         8192         4096
        2048            4          10.390        16384         8192
        2048            8           4.228        32768        16384
        2048           16           5.030        65536        32768
        2048           32           5.271       131072        65536
        2048           64           4.119       262144       131072
        2048          128           5.650       524288       262144
        2048          256           7.915      1048576       524288
        2048          512          15.179      2097152      1048576
        2048         1024          16.662      4194304      2097152
        2048         2048          28.926      8388608      4194304
        2048         4096          52.561     16777216      8388608
        2048         8192          99.721     33554432     16777216
        2048        16384         199.804     67108864     33554432
        2048        32768         390.380    134217728     67108864
        2048        65536         785.319    268435456    134217728
        2048       131072        1579.885    536870912    268435456
        2048       262144        3095.348   1073741824    536870912
        2048       524288        6207.737   2147483648   1073741824
        3072            1           7.945         6144         3072
        3072            2           4.869        12288         6144
        3072            4           4.198        24576        12288
        3072            8          10.330        49152        24576
        3072           16           4.719        98304        49152
        3072           32           5.290       196608        98304
        3072           64           5.440       393216       196608
        3072          128           4.779       786432       393216
        3072          256           7.584      1572864       786432
        3072          512          10.781      3145728      1572864
        3072         1024          22.272      6291456      3145728
        3072         2048          29.086     12582912      6291456
        3072         4096          53.803     25165824     12582912
        3072         8192         103.089     50331648     25165824
        3072        16384         205.033    100663296     50331648
        3072        32768         398.706    201326592    100663296
        3072        65536         833.261    402653184    201326592
        3072       131072        1588.912    805306368    402653184
        3072       262144        8859.733   1610612736    805306368
        4096            1          10.821         8192         4096
        4096            2           6.994        16384         8192
        4096            4           3.436        32768        16384
        4096            8           4.389        65536        32768
        4096           16           4.789       131072        65536
        4096           32           9.238       262144       131072
        4096           64           5.139       524288       262144
        4096          128           6.262      1048576       524288
        4096          256           7.645      2097152      1048576
        4096          512           9.588      4194304      2097152
        4096         1024          17.053      8388608      4194304
        4096         2048          29.236     16777216      8388608
        4096         4096          58.212     33554432     16777216
        4096         8192         102.787     67108864     33554432
        4096        16384         201.427    134217728     67108864
        4096        32768         425.077    268435456    134217728
        4096        65536         795.910    536870912    268435456
        4096       131072        1618.430   1073741824    536870912
        4096       262144        3159.470   2147483648   1073741824
        5120            1          18.115        10240         5120
        5120            2           5.170        20480        10240
        5120            4           4.108        40960        20480
        5120            8           4.689        81920        40960
        5120           16           3.316       163840        81920
        5120           32           4.990       327680       163840
        5120           64           5.300       655360       327680
        5120          128          11.933      1310720       655360
        5120          256           7.515      2621440      1310720
        5120          512          10.690      5242880      2621440
        5120         1024          16.371     10485760      5242880
        5120         2048          27.773     20971520     10485760
        5120         4096          54.044     41943040     20971520
        5120         8192         103.049     83886080     41943040
        5120        16384         210.144    167772160     83886080
        5120        32768         398.496    335544320    167772160
        5120        65536         797.392    671088640    335544320
        5120       131072        1640.161   1342177280    671088640
        5120       262144        3160.001   2684354560   1342177280
        6144            1          10.971        12288         6144
        6144            2           4.188        24576        12288
        6144            4          13.746        49152        24576
        6144            8           3.817        98304        49152
        6144           16           4.780       196608        98304
        6144           32           5.090       393216       196608
        6144           64           4.038       786432       393216
        6144          128           5.411      1572864       786432
        6144          256           7.625      3145728      1572864
        6144          512          16.372      6291456      3145728
        6144         1024          16.783     12582912      6291456
        6144         2048          28.445     25165824     12582912
        6144         4096          53.893     50331648     25165824
        6144         8192         101.625    100663296     50331648
        6144        16384         205.164    201326592    100663296
        6144        32768         398.154    402653184    201326592
        6144        65536         802.592    805306368    402653184
        6144       131072        1624.451   1610612736    805306368
        7168            1           9.499        14336         7168
        7168            2           7.104        28672        14336
        7168            4           3.276        57344        28672
        7168            8           4.188       114688        57344
        7168           16           4.809       229376       114688
        7168           32           9.869       458752       229376
        7168           64           5.280       917504       458752
        7168          128           6.012      1835008       917504
        7168          256           7.735      3670016      1835008
        7168          512           9.579      7340032      3670016
        7168         1024          17.063     14680064      7340032
        7168         2048          28.715     29360128     14680064
        7168         4096          57.680     58720256     29360128
        7168         8192         104.270    117440512     58720256
        7168        16384         203.662    234881024    117440512
        7168        32768         403.345    469762048    234881024
        7168        65536         801.249    939524096    469762048
        7168       131072        1652.144   1879048192    939524096
        8192            1           9.388        16384         8192
        8192            2          13.957        32768        16384
        8192            4           4.057        65536        32768
        8192            8           5.049       131072        65536
        8192           16           4.519       262144       131072
        8192           32           4.098       524288       262144
        8192           64           4.979      1048576       524288
        8192          128           5.872      2097152      1048576
        8192          256          13.075      4194304      2097152
        8192          512          10.751      8388608      4194304
        8192         1024          16.632     16777216      8388608
        8192         2048          29.116     33554432     16777216
        8192         4096          53.412     67108864     33554432
        8192         8192         104.571    134217728     67108864
        8192        16384         205.684    268435456    134217728
        8192        32768         412.843    536870912    268435456
        8192        65536         844.803   1073741824    536870912
        8192       131072        1618.590   2147483648   1073741824
        9216            1          10.240        18432         9216
        9216            2           3.357        36864        18432
        9216            4           5.000        73728        36864
        9216            8           4.338       147456        73728
        9216           16          10.480       294912       147456
        9216           32           4.859       589824       294912
        9216           64           4.839      1179648       589824
        9216          128           5.681      2359296      1179648
        9216          256           6.452      4718592      2359296
        9216          512          10.900      9437184      4718592
        9216         1024          16.722     18874368      9437184
        9216         2048          35.599     37748736     18874368
        9216         4096          54.896     75497472     37748736
        9216         8192         137.243    150994944     75497472
        9216        16384         205.254    301989888    150994944
        9216        32768         410.619    603979776    301989888
        9216        65536         813.323   1207959552    603979776
        9216       131072        1619.071   2415919104   1207959552
       10240            1          20.320        20480        10240
       10240            2           5.100        40960        20480
       10240            4           4.659        81920        40960
       10240            8           4.549       163840        81920
       10240           16           3.487       327680       163840
       10240           32           4.759       655360       327680
       10240           64           5.651      1310720       655360
       10240          128          11.822      2621440      1310720
       10240          256           7.935      5242880      2621440
       10240          512          11.402     10485760      5242880
       10240         1024          17.603     20971520     10485760
       10240         2048          28.464     41943040     20971520
       10240         4096          54.886     83886080     41943040
       10240         8192         104.861    167772160     83886080
       10240        16384         210.254    335544320    167772160
       10240        32768         411.510    671088640    335544320
       10240        65536         812.371   1342177280    671088640
       10240       131072        1650.621   2684354560   1342177280
       11264            1           8.666        22528        11264
       11264            2           5.149        45056        22528
       11264            4           5.230        90112        45056
       11264            8           9.658       180224        90112
       11264           16           5.170       360448       180224
       11264           32           4.929       720896       360448
       11264           64           5.911      1441792       720896
       11264          128           5.551      2883584      1441792
       11264          256           8.195      5767168      2883584
       11264          512          11.572     11534336      5767168
       11264         1024          21.671     23068672     11534336
       11264         2048          30.118     46137344     23068672
       11264         4096          55.286     92274688     46137344
       11264         8192         106.675    184549376     92274688
       11264        16384         206.918    369098752    184549376
       11264        32768         410.319    738197504    369098752
       11264        65536         817.170   1476395008    738197504
       12288            1          17.364        24576        12288
       12288            2           5.190        49152        24576
       12288            4           4.139        98304        49152
       12288            8           3.987       196608        98304
       12288           16           3.547       393216       196608
       12288           32           4.429       786432       393216
       12288           64           5.089      1572864       786432
       12288          128           9.448      3145728      1572864
       12288          256           7.675      6291456      3145728
       12288          512          10.350     12582912      6291456
       12288         1024          16.602     25165824     12582912
       12288         2048          28.655     50331648     25165824
       12288         4096          54.375    100663296     50331648
       12288         8192         109.491    201326592    100663296
       12288        16384         209.593    402653184    201326592
       12288        32768         406.651    805306368    402653184
       12288        65536         813.463   1610612736    805306368
       13312            1          10.420        26624        13312
       13312            2           3.437        53248        26624
       13312            4           5.350       106496        53248
       13312            8           4.418       212992       106496
       13312           16          10.300       425984       212992
       13312           32           4.829       851968       425984
       13312           64           5.351      1703936       851968
       13312          128           6.172      3407872      1703936
       13312          256           6.603      6815744      3407872
       13312          512          10.921     13631488      6815744
       13312         1024          17.203     27262976     13631488
       13312         2048          34.065     54525952     27262976
       13312         4096          54.965    109051904     54525952
       13312         8192         104.851    218103808    109051904
       13312        16384         206.707    436207616    218103808
       13312        32768         407.694    872415232    436207616
       13312        65536         820.186   1744830464    872415232
       14336            1          10.270        28672        14336
       14336            2          11.321        57344        28672
       14336            4           3.917       114688        57344
       14336            8           4.800       229376       114688
       14336           16           4.338       458752       229376
       14336           32           4.048       917504       458752
       14336           64           4.820      1835008       917504
       14336          128           5.691      3670016      1835008
       14336          256          11.883      7340032      3670016
       14336          512          10.640     14680064      7340032
       14336         1024          16.632     29360128     14680064
       14336         2048          29.327     58720256     29360128
       14336         4096          54.073    117440512     58720256
       14336         8192         141.872    234881024    117440512
       14336        16384         206.627    469762048    234881024
       14336        32768         446.588    939524096    469762048
       14336        65536         816.649   1879048192    939524096
       15360            1          11.192        30720        15360
       15360            2           4.127        61440        30720
       15360            4           3.447       122880        61440
       15360            8           4.899       245760       122880
       15360           16           4.890       491520       245760
       15360           32           9.227       983040       491520
       15360           64           5.150      1966080       983040
       15360          128           5.460      3932160      1966080
       15360          256           7.204      7864320      3932160
       15360          512           9.779     15728640      7864320
       15360         1024          16.992     31457280     15728640
       15360         2048          29.316     62914560     31457280
       15360         4096          58.973    125829120     62914560
       15360         8192         106.304    251658240    125829120
       15360        16384         213.330    503316480    251658240
       15360        32768         411.832   1006632960    503316480
       15360        65536         884.379   2013265920   1006632960
       16384            1          10.390        32768        16384
       16384            2           4.860        65536        32768
       16384            4          11.422       131072        65536
       16384            8           3.908       262144       131072
       16384           16           4.348       524288       262144
       16384           32           4.459      1048576       524288
       16384           64           4.409      2097152      1048576
       16384          128           6.392      4194304      2097152
       16384          256           7.815      8388608      4194304
       16384          512          15.590     16777216      8388608
       16384         1024          16.451     33554432     16777216
       16384         2048          29.216     67108864     33554432
       16384         4096          54.805    134217728     67108864
       16384         8192         105.423    268435456    134217728
       16384        16384         207.138    536870912    268435456
       16384        32768         413.264   1073741824    536870912
       16384        65536         823.763   2147483648   1073741824
       17408            1          12.414        34816        17408
       17408            2           7.184        69632        34816
       17408            4           7.705       139264        69632
       17408            8           4.008       278528       139264
       17408           16           4.979       557056       278528
       17408           32           5.370      1114112       557056
       17408           64           9.318      2228224      1114112
       17408          128           6.963      4456448      2228224
       17408          256           8.487      8912896      4456448
       17408          512          11.513     17825792      8912896
       17408         1024          16.722     35651584     17825792
       17408         2048          30.388     71303168     35651584
       17408         4096          56.219    142606336     71303168
       17408         8192         114.951    285212672    142606336
       17408        16384         218.931    570425344    285212672
       17408        32768         438.102   1140850688    570425344
       17408        65536         828.171   2281701376   1140850688
       18432            1           8.306        36864        18432
       18432            2           4.449        73728        36864
       18432            4           4.388       147456        73728
       18432            8           9.328       294912       147456
       18432           16           4.899       589824       294912
       18432           32           5.050      1179648       589824
       18432           64           5.561      2359296      1179648
       18432          128           5.050      4718592      2359296
       18432          256           7.344      9437184      4718592
       18432          512          10.701     18874368      9437184
       18432         1024          21.121     37748736     18874368
       18432         2048          30.308     75497472     37748736
       18432         4096          55.887    150994944     75497472
       18432         8192         108.098    301989888    150994944
       18432        16384         210.454    603979776    301989888
       18432        32768         423.814   1207959552    603979776
       18432        65536         837.309   2415919104   1207959552
       19456            1          18.084        38912        19456
       19456            2           3.847        77824        38912
       19456            4           4.319       155648        77824
       19456            8           4.349       311296       155648
       19456           16           3.647       622592       311296
       19456           32           5.270      1245184       622592
       19456           64           5.140      2490368      1245184
       19456          128          10.030      4980736      2490368
       19456          256           7.855      9961472      4980736
       19456          512          10.700     19922944      9961472
       19456         1024          17.835     39845888     19922944
       19456         2048          29.837     79691776     39845888
       19456         4096          91.285    159383552     79691776
       19456         8192         113.328    318767104    159383552
       19456        16384         219.952    637534208    318767104
       19456        32768         428.042   1275068416    637534208
       19456        65536         854.251   2550136832   1275068416
       20480            1          10.009        40960        20480
       20480            2           3.386        81920        40960
       20480            4           4.148       163840        81920
       20480            8           4.158       327680       163840
       20480           16           9.218       655360       327680
       20480           32           4.739      1310720       655360
       20480           64           4.870      2621440      1310720
       20480          128           5.511      5242880      2621440
       20480          256           6.563     10485760      5242880
       20480          512          10.591     20971520     10485760
       20480         1024          17.594     41943040     20971520
       20480         2048          34.276     83886080     41943040
       20480         4096          56.027    167772160     83886080
       20480         8192         106.464    335544320    167772160
       20480        16384         211.035    671088640    335544320
       20480        32768         444.073   1342177280    671088640
       20480        65536         833.762   2684354560   1342177280
       22528            1          11.782        45056        22528
       22528            2          11.352        90112        45056
       22528            4           6.994       180224        90112
       22528            8           4.448       360448       180224
       22528           16           5.040       720896       360448
       22528           32           3.757      1441792       720896
       22528           64           4.809      2883584      1441792
       22528          128           6.593      5767168      2883584
       22528          256          12.664     11534336      5767168
       22528          512          11.162     23068672     11534336
       22528         1024          17.573     46137344     23068672
       22528         2048          32.522     92274688     46137344
       22528         4096          63.462    184549376     92274688
       22528         8192         124.700    369098752    184549376
       22528        16384         248.998    738197504    369098752
       22528        32768         462.989   1476395008    738197504
       24576            1          10.821        49152        24576
       24576            2           4.539        98304        49152
       24576            4           4.338       196608        98304
       24576            8           3.457       393216       196608
       24576           16           4.278       786432       393216
       24576           32           4.729      1572864       786432
       24576           64          10.680      3145728      1572864
       24576          128           6.252      6291456      3145728
       24576          256           8.216     12582912      6291456
       24576          512          10.881     25165824     12582912
       24576         1024          16.462     50331648     25165824
       24576         2048          30.980    100663296     50331648
       24576         4096          57.320    201326592    100663296
       24576         8192         115.442    402653184    201326592
       24576        16384         214.903    805306368    402653184
       24576        32768         425.287   1610612736    805306368
       26624            1          12.474        53248        26624
       26624            2           3.366       106496        53248
       26624            4           6.001       212992       106496
       26624            8           4.479       425984       212992
       26624           16           9.538       851968       425984
       26624           32           4.849      1703936       851968
       26624           64           4.960      3407872      1703936
       26624          128           5.951      6815744      3407872
       26624          256           7.194     13631488      6815744
       26624          512          12.084     27262976     13631488
       26624         1024          18.937     54525952     27262976
       26624         2048          38.053    109051904     54525952
       26624         4096          62.159    218103808    109051904
       26624         8192         124.990    436207616    218103808
       26624        16384         279.687    872415232    436207616
       26624        32768         467.519   1744830464    872415232
       28672            1          11.232        57344        28672
       28672            2           5.281       114688        57344
       28672            4          11.823       229376       114688
       28672            8           4.117       458752       229376
       28672           16           4.398       917504       458752
       28672           32           4.879      1835008       917504
       28672           64           4.298      3670016      1835008
       28672          128           5.931      7340032      3670016
       28672          256           7.755     14680064      7340032
       28672          512          15.680     29360128     14680064
       28672         1024          19.027     58720256     29360128
       28672         2048          34.296    117440512     58720256
       28672         4096          63.773    234881024    117440512
       28672         8192         118.488    469762048    234881024
       28672        16384         234.651    939524096    469762048
       28672        32768         463.901   1879048192    939524096
       30720            1          18.596        61440        30720
       30720            2           5.701       122880        61440
       30720            4           8.686       245760       122880
       30720            8           4.629       491520       245760
       30720           16           3.787       983040       491520
       30720           32           4.589      1966080       983040
       30720           64           5.240      3932160      1966080
       30720          128          10.039      7864320      3932160
       30720          256           8.767     15728640      7864320
       30720          512          12.334     31457280     15728640
       30720         1024          20.529     62914560     31457280
       30720         2048          36.089    125829120     62914560
       30720         4096          70.596    251658240    125829120
       30720         8192         141.292    503316480    251658240
       30720        16384         271.812   1006632960    503316480
       30720        32768         530.048   2013265920   1006632960
       33792            1          13.096        67584        33792
       33792            2           5.080       135168        67584
       33792            4           4.178       270336       135168
       33792            8           4.999       540672       270336
       33792           16           4.929      1081344       540672
       33792           32           9.318      2162688      1081344
       33792           64           5.951      4325376      2162688
       33792          128           7.063      8650752      4325376
       33792          256           9.488     17301504      8650752
       33792          512          13.626     34603008     17301504
       33792         1024          24.017     69206016     34603008
       33792         2048          43.624    138412032     69206016
       33792         4096          86.556    276824064    138412032
       33792         8192         160.910    553648128    276824064
       33792        16384         357.167   1107296256    553648128
       33792        32768         629.540   2214592512   1107296256
       36864            1           9.218        73728        36864
       36864            2           5.030       147456        73728
       36864            4           4.368       294912       147456
       36864            8           8.326       589824       294912
       36864           16           4.889      1179648       589824
       36864           32           4.609      2359296      1179648
       36864           64           5.881      4718592      2359296
       36864          128           5.571      9437184      4718592
       36864          256           8.626     18874368      9437184
       36864          512          13.375     37748736     18874368
       36864         1024          27.583     75497472     37748736
       36864         2048          43.113    150994944     75497472
       36864         4096          82.328    301989888    150994944
       36864         8192         159.226    603979776    301989888
       36864        16384         298.984   1207959552    603979776
       36864        32768         596.055   2415919104   1207959552
       39936            1          11.842        79872        39936
       39936            2          14.598       159744        79872
       39936            4           8.125       319488       159744
       39936            8           4.578       638976       319488
       39936           16           5.210      1277952       638976
       39936           32           4.108      2555904      1277952
       39936           64           5.640      5111808      2555904
       39936          128           7.775     10223616      5111808
       39936          256          15.069     20447232     10223616
       39936          512          16.402     40894464     20447232
       39936         1024          27.994     81788928     40894464
       39936         2048          52.000    163577856     81788928
       39936         4096         115.201    327155712    163577856
       39936         8192         228.279    654311424    327155712
       39936        16384         438.222   1308622848    654311424
       39936        32768         777.684   2617245696   1308622848
       43008            1          10.931        86016        43008
       43008            2           5.802       172032        86016
       43008            4           5.571       344064       172032
       43008            8           3.537       688128       344064
       43008           16           4.289      1376256       688128
       43008           32           5.180      2752512      1376256
       43008           64           9.679      5505024      2752512
       43008          128           7.364     11010048      5505024
       43008          256          10.420     22020096     11010048
       43008          512          15.390     44040192     22020096
       43008         1024          25.860     88080384     44040192
       43008         2048          49.896    176160768     88080384
       43008         4096          97.177    352321536    176160768
       43008         8192         189.915    704643072    352321536
       43008        16384         365.812   1409286144    704643072
       47104            1          11.422        94208        47104
       47104            2           6.372       188416        94208
       47104            4           3.557       376832       188416
       47104            8           4.769       753664       376832
       47104           16           5.010      1507328       753664
       47104           32          10.069      3014656      1507328
       47104           64           6.142      6029312      3014656
       47104          128           7.715     12058624      6029312
       47104          256          10.851     24117248     12058624
       47104          512          17.574     48234496     24117248
       47104         1024          32.672     96468992     48234496
       47104         2048          63.012    192937984     96468992
       47104         4096         128.637    385875968    192937984
       47104         8192         245.883    771751936    385875968
       47104        16384         489.390   1543503872    771751936
       51200            1          11.973       102400        51200
       51200            2           3.567       204800       102400
       51200            4           4.809       409600       204800
       51200            8           5.170       819200       409600
       51200           16           9.799      1638400       819200
       51200           32           5.391      3276800      1638400
       51200           64           6.272      6553600      3276800
       51200          128           7.935     13107200      6553600
       51200          256          10.740     26214400     13107200
       51200          512          18.906     52428800     26214400
       51200         1024          35.037    104857600     52428800
       51200         2048          72.619    209715200    104857600
       51200         4096         134.499    419430400    209715200
       51200         8192         266.602    838860800    419430400
       51200        16384         453.311   1677721600    838860800
       56320            1           8.787       112640        56320
       56320            2           5.901       225280       112640
       56320            4           4.669       450560       225280
       56320            8           9.197       901120       450560
       56320           16           5.260      1802240       901120
       56320           32           5.260      3604480      1802240
       56320           64           6.283      7208960      3604480
       56320          128           7.875     14417920      7208960
       56320          256          12.554     28835840     14417920
       56320          512          20.900     57671680     28835840
       56320         1024          41.279    115343360     57671680
       56320         2048          69.293    230686720    115343360
       56320         4096         155.359    461373440    230686720
       56320         8192         309.224    922746880    461373440
       56320        16384         574.614   1845493760    922746880
       61440            1          10.461       122880        61440
       61440            2           6.473       245760       122880
       61440            4          11.292       491520       245760
       61440            8           4.128       983040       491520
       61440           16           5.270      1966080       983040
       61440           32           6.042      3932160      1966080
       61440           64           5.381      7864320      3932160
       61440          128           7.905     15728640      7864320
       61440          256          12.513     31457280     15728640
       61440          512          25.039     62914560     31457280
       61440         1024          35.318    125829120     62914560
       61440         2048          65.877    251658240    125829120
       61440         4096         127.294    503316480    251658240
       61440         8192         249.670   1006632960    503316480
       61440        16384         497.336   2013265920   1006632960
       67584            1          11.672       135168        67584
       67584            2          10.670       270336       135168
       67584            4           6.232       540672       270336
       67584            8           4.288      1081344       540672
       67584           16           5.811      2162688      1081344
       67584           32           4.649      4325376      2162688
       67584           64           6.472      8650752      4325376
       67584          128           8.577     17301504      8650752
       67584          256          16.993     34603008     17301504
       67584          512          24.808     69206016     34603008
       67584         1024          39.015    138412032     69206016
       67584         2048          75.214    276824064    138412032
       67584         4096         142.944    553648128    276824064
       67584         8192         283.795   1107296256    553648128
       67584        16384         588.941   2214592512   1107296256
       73728            1          17.273       147456        73728
       73728            2           5.921       294912       147456
       73728            4           4.449       589824       294912
       73728            8           4.669      1179648       589824
       73728           16           4.188      2359296      1179648
       73728           32           5.430      4718592      2359296
       73728           64           7.144      9437184      4718592
       73728          128          13.516     18874368      9437184
       73728          256          13.366     37748736     18874368
       73728          512          23.294     75497472     37748736
       73728         1024          42.973    150994944     75497472
       73728         2048          77.438    301989888    150994944
       73728         4096         152.463    603979776    301989888
       73728         8192         314.725   1207959552    603979776
       73728        16384         630.561   2415919104   1207959552
       80896            1          12.143       161792        80896
       80896            2           6.994       323584       161792
       80896            4           8.096       647168       323584
       80896            8           3.747      1294336       647168
       80896           16           4.850      2588672      1294336
       80896           32           5.511      5177344      2588672
       80896           64          12.804     10354688      5177344
       80896          128          10.249     20709376     10354688
       80896          256          15.870     41418752     20709376
       80896          512          26.861     82837504     41418752
       80896         1024          48.474    165675008     82837504
       80896         2048          95.113    331350016    165675008
       80896         4096         217.418    662700032    331350016
       80896         8192         463.130   1325400064    662700032
       80896        16384         787.423   2650800128   1325400064
       88064            1          11.452       176128        88064
       88064            2           6.383       352256       176128
       88064            4           8.526       704512       352256
       88064            8           4.578      1409024       704512
       88064           16           5.400      2818048      1409024
       88064           32          10.861      5636096      2818048
       88064           64           7.434     11272192      5636096
       88064          128           9.729     22544384     11272192
       88064          256          16.001     45088768     22544384
       88064          512          26.541     90177536     45088768
       88064         1024          49.885    180355072     90177536
       88064         2048          98.910    360710144    180355072
       88064         4096         197.951    721420288    360710144
       88064         8192         368.699   1442840576    721420288
       96256            1          11.613       192512        96256
       96256            2           4.458       385024       192512
       96256            4           5.551       770048       385024
       96256            8           4.759      1540096       770048
       96256           16           5.470      3080192      1540096
       96256           32          10.651      6160384      3080192
       96256           64           7.494     12320768      6160384
       96256          128          10.741     24641536     12320768
       96256          256          17.123     49283072     24641536
       96256          512          27.924     98566144     49283072
       96256         1024          53.954    197132288     98566144
       96256         2048         107.537    394264576    197132288
       96256         4096         208.240    788529152    394264576
       96256         8192         398.415   1577058304    788529152
      105472            1          11.833       210944       105472
      105472            2           4.098       421888       210944
      105472            4           8.586       843776       421888
      105472            8           4.780      1687552       843776
      105472           16           5.471      3375104      1687552
      105472           32          11.001      6750208      3375104
      105472           64           7.976     13500416      6750208
      105472          128          11.793     27000832     13500416
      105472          256          19.337     54001664     27000832
      105472          512          32.312    108003328     54001664
      105472         1024          62.591    216006656    108003328
      105472         2048         121.063    432013312    216006656
      105472         4096         246.714    864026624    432013312
      105472         8192         525.449   1728053248    864026624
      115712            1          11.112       231424       115712
      115712            2           6.221       462848       231424
      115712            4           8.837       925696       462848
      115712            8           5.340      1851392       925696
      115712           16           5.801      3702784      1851392
      115712           32          11.312      7405568      3702784
      115712           64           8.476     14811136      7405568
      115712          128          12.204     29622272     14811136
      115712          256          20.078     59244544     29622272
      115712          512          34.476    118489088     59244544
      115712         1024          66.678    236978176    118489088
      115712         2048         128.797    473956352    236978176
      115712         4096         260.130    947912704    473956352
      115712         8192         502.305   1895825408    947912704
      126976            1          10.951       253952       126976
      126976            2           4.208       507904       253952
      126976            4           3.647      1015808       507904
      126976            8           4.769      2031616      1015808
      126976           16           5.710      4063232      2031616
      126976           32          11.662      8126464      4063232
      126976           64           8.486     16252928      8126464
      126976          128          12.083     32505856     16252928
      126976          256          21.832     65011712     32505856
      126976          512          41.650    130023424     65011712
      126976         1024          81.487    260046848    130023424
      126976         2048         159.476    520093696    260046848
      126976         4096         321.828   1040187392    520093696
      126976         8192         512.755   2080374784   1040187392
      139264            1          11.813       278528       139264
      139264            2           4.108       557056       278528
      139264            4           3.927      1114112       557056
      139264            8           4.890      2228224      1114112
      139264           16           5.190      4456448      2228224
      139264           32          11.092      8912896      4456448
      139264           64           8.917     17825792      8912896
      139264          128          13.396     35651584     17825792
      139264          256          22.263     71303168     35651584
      139264          512          38.303    142606336     71303168
      139264         1024          74.443    285212672    142606336
      139264         2048         144.357    570425344    285212672
      139264         4096         288.675   1140850688    570425344
      139264         8192         665.138   2281701376   1140850688
      152576            1          11.952       305152       152576
      152576            2           4.879       610304       305152
      152576            4           9.308      1220608       610304
      152576            8           5.591      2441216      1220608
      152576           16           5.951      4882432      2441216
      152576           32          11.623      9764864      4882432
      152576           64           9.558     19529728      9764864
      152576          128          14.719     39059456     19529728
      152576          256          24.847     78118912     39059456
      152576          512          43.394    156237824     78118912
      152576         1024          85.284    312475648    156237824
      152576         2048         166.740    624951296    312475648
      152576         4096         333.682   1249902592    624951296
      152576         8192         657.142   2499805184   1249902592
      166912            1          11.923       333824       166912
      166912            2           4.920       667648       333824
      166912            4           8.356      1335296       667648
      166912            8           5.651      2670592      1335296
      166912           16           6.252      5341184      2670592
      166912           32          11.782     10682368      5341184
      166912           64          10.139     21364736     10682368
      166912          128          15.830     42729472     21364736
      166912          256          31.280     85458944     42729472
      166912          512          53.873    170917888     85458944
      166912         1024          95.053    341835776    170917888
      166912         2048         184.925    683671552    341835776
      166912         4096         369.690   1367343104    683671552
      183296            1          12.134       366592       183296
      183296            2           4.810       733184       366592
      183296            4           8.837      1466368       733184
      183296            8           4.228      2932736      1466368
      183296           16           5.511      5865472      2932736
      183296           32           7.244     11730944      5865472
      183296           64          14.167     23461888     11730944
      183296          128          16.842     46923776     23461888
      183296          256          31.841     93847552     46923776
      183296          512          60.657    187695104     93847552
      183296         1024         119.680    375390208    187695104
      183296         2048         236.725    750780416    375390208
      183296         4096         468.029   1501560832    750780416
      200704            1          18.626       401408       200704
      200704            2           4.268       802816       401408
      200704            4           4.568      1605632       802816
      200704            8           4.769      3211264      1605632
      200704           16           4.629      6422528      3211264
      200704           32           7.194     12845056      6422528
      200704           64          10.901     25690112     12845056
      200704          128          22.964     51380224     25690112
      200704          256          29.718    102760448     51380224
      200704          512          54.716    205520896    102760448
      200704         1024         105.333    411041792    205520896
      200704         2048         213.199    822083584    411041792
      200704         4096         406.982   1644167168    822083584
      220160            1          11.542       440320       220160
      220160            2          11.392       880640       440320
      220160            4           7.825      1761280       880640
      220160            8           5.642      3522560      1761280
      220160           16           6.623      7045120      3522560
      220160           32           7.183     14090240      7045120
      220160           64          11.452     28180480     14090240
      220160          128          18.786     56360960     28180480
      220160          256          39.687    112721920     56360960
      220160          512          62.651    225443840    112721920
      220160         1024         122.264    450887680    225443840
      220160         2048         240.592    901775360    450887680
      220160         4096         476.014   1803550720    901775360
      241664            1          12.464       483328       241664
      241664            2           6.703       966656       483328
      241664            4          15.069      1933312       966656
      241664            8           4.859      3866624      1933312
      241664           16           6.533      7733248      3866624
      241664           32           8.416     15466496      7733248
      241664           64          10.921     30932992     15466496
      241664          128          19.167     61865984     30932992
      241664          256          34.877    123731968     61865984
      241664          512          69.884    247463936    123731968
      241664         1024         125.541    494927872    247463936
      241664         2048         246.674    989855744    494927872
      241664         4096         488.839   1979711488    989855744
      265216            1          11.241       530432       265216
      265216            2           4.890      1060864       530432
      265216            4           8.646      2121728      1060864
      265216            8           9.839      4243456      2121728
      265216           16           6.523      8486912      4243456
      265216           32           8.997     16973824      8486912
      265216           64          13.435     33947648     16973824
      265216          128          21.030     67895296     33947648
      265216          256          40.188    135790592     67895296
      265216          512          74.924    271581184    135790592
      265216         1024         150.500    543162368    271581184
      265216         2048         288.425   1086324736    543162368
      265216         4096         573.031   2172649472   1086324736
      290816            1          12.323       581632       290816
      290816            2           3.898      1163264       581632
      290816            4           5.631      2326528      1163264
      290816            8           5.981      4653056      2326528
      290816           16          11.953      9306112      4653056
      290816           32           9.107     18612224      9306112
      290816           64          13.837     37224448     18612224
      290816          128          24.737     74448896     37224448
      290816          256          47.501    148897792     74448896
      290816          512          92.918    297795584    148897792
      290816         1024         182.431    595591168    297795584
      290816         2048         353.048   1191182336    595591168
      290816         4096         590.554   2382364672   1191182336
      319488            1          12.244       638976       319488
      319488            2           4.318      1277952       638976
      319488            4           3.967      2555904      1277952
      319488            8           5.951      5111808      2555904
      319488           16           7.294     10223616      5111808
      319488           32          15.720     20447232     10223616
      319488           64          14.488     40894464     20447232
      319488          128          24.857     81788928     40894464
      319488          256          44.636    163577856     81788928
      319488          512          83.510    327155712    163577856
      319488         1024         172.702    654311424    327155712
      319488         2048         324.704   1308622848    654311424
      319488         4096         759.840   2617245696   1308622848
      351232            1          13.666       702464       351232
      351232            2           6.813      1404928       702464
      351232            4           8.927      2809856      1404928
      351232            8           4.799      5619712      2809856
      351232           16           6.863     11239424      5619712
      351232           32          10.209     22478848     11239424
      351232           64          19.889     44957696     22478848
      351232          128          27.493     89915392     44957696
      351232          256          50.376    179830784     89915392
      351232          512          96.736    359661568    179830784
      351232         1024         189.514    719323136    359661568
      351232         2048         375.843   1438646272    719323136
      386048            1          11.192       772096       386048
      386048            2          11.262      1544192       772096
      386048            4           6.092      3088384      1544192
      386048            8           6.032      6176768      3088384
      386048           16           7.795     12353536      6176768
      386048           32           9.499     24707072     12353536
      386048           64          17.353     49414144     24707072
      386048          128          30.108     98828288     49414144
      386048          256          59.915    197656576     98828288
      386048          512         105.924    395313152    197656576
      386048         1024         207.488    790626304    395313152
      386048         2048         410.028   1581252608    790626304
      423936            1          12.173       847872       423936
      423936            2           5.100      1695744       847872
      423936            4           8.777      3391488      1695744
      423936            8          10.480      6782976      3391488
      423936           16           7.915     13565952      6782976
      423936           32          11.332     27131904     13565952
      423936           64          18.576     54263808     27131904
      423936          128          35.629    108527616     54263808
      423936          256          68.702    217055232    108527616
      423936          512         135.010    434110464    217055232
      423936         1024         272.634    868220928    434110464
      423936         2048         480.984   1736441856    868220928
      465920            1          13.005       931840       465920
      465920            2           6.823      1863680       931840
      465920            4           7.134      3727360      1863680
      465920            8           6.573      7454720      3727360
      465920           16           8.506     14909440      7454720
      465920           32          18.185     29818880     14909440
      465920           64          19.698     59637760     29818880
      465920          128          34.947    119275520     59637760
      465920          256          66.007    238551040    119275520
      465920          512         125.901    477102080    238551040
      465920         1024         249.750    954204160    477102080
      465920         2048         542.142   1908408320    954204160
      512000            1          11.452      1024000       512000
      512000            2           5.852      2048000      1024000
      512000            4           5.621      4096000      2048000
      512000            8           6.762      8192000      4096000
      512000           16           8.145     16384000      8192000
      512000           32          13.015     32768000     16384000
      512000           64          21.532     65536000     32768000
      512000          128          41.419    131072000     65536000
      512000          256          70.947    262144000    131072000
      512000          512         137.424    524288000    262144000
      512000         1024         269.468   1048576000    524288000
      512000         2048         532.734   2097152000   1048576000
      563200            1          14.127      1126400       563200
      563200            2           5.300      2252800      1126400
      563200            4          16.391      4505600      2252800
      563200            8           6.182      9011200      4505600
      563200           16           9.228     18022400      9011200
      563200           32          13.205     36044800     18022400
      563200           64          21.772     72089600     36044800
      563200          128          40.789    144179200     72089600
      563200          256          77.739    288358400    144179200
      563200          512         161.230    576716800    288358400
      563200         1024         299.015   1153433600    576716800
      563200         2048         596.867   2306867200   1153433600
      619520            1          14.267      1239040       619520
      619520            2           4.969      2478080      1239040
      619520            4          10.470      4956160      2478080
      619520            8           7.775      9912320      4956160
      619520           16          14.798     19824640      9912320
      619520           32          15.049     39649280     19824640
      619520           64          24.948     79298560     39649280
      619520          128          44.997    158597120     79298560
      619520          256          83.440    317194240    158597120
      619520          512         163.945    634388480    317194240
      619520         1024         322.970   1268776960    634388480
      619520         2048         644.999   2537553920   1268776960
      680960            1          14.007      1361920       680960
      680960            2           5.120      2723840      1361920
      680960            4           9.819      5447680      2723840
      680960            8           6.032     10895360      5447680
      680960           16           9.459     21790720     10895360
      680960           32          15.169     43581440     21790720
      680960           64          30.138     87162880     43581440
      680960          128          48.443    174325760     87162880
      680960          256          92.027    348651520    174325760
      680960          512         183.192    697303040    348651520
      680960         1024         355.263   1394606080    697303040
      748544            1          16.342      1497088       748544
      748544            2           4.839      2994176      1497088
      748544            4          16.983      5988352      2994176
      748544            8           6.773     11976704      5988352
      748544           16          10.159     23953408     11976704
      748544           32          16.592     47906816     23953408
      748544           64          31.460     95813632     47906816
      748544          128          61.097    191627264     95813632
      748544          256         119.721    383254528    191627264
      748544          512         241.775    766509056    383254528
      748544         1024         435.958   1533018112    766509056
      823296            1          14.678      1646592       823296
      823296            2           4.829      3293184      1646592
      823296            4           5.921      6586368      3293184
      823296            8           7.825     13172736      6586368
      823296           16          11.221     26345472     13172736
      823296           32          23.315     52690944     26345472
      823296           64          30.639    105381888     52690944
      823296          128          56.799    210763776    105381888
      823296          256         109.781    421527552    210763776
      823296          512         219.371    843055104    421527552
      823296         1024         427.712   1686110208    843055104
      905216            1          15.791      1810432       905216
      905216            2          12.144      3620864      1810432
      905216            4           5.421      7241728      3620864
      905216            8           7.805     14483456      7241728
      905216           16          11.352     28966912     14483456
      905216           32          17.574     57933824     28966912
      905216           64          32.553    115867648     57933824
      905216          128          61.367    231735296    115867648
      905216          256         123.848    463470592    231735296
      905216          512         277.152    926941184    463470592
      905216         1024         462.058   1853882368    926941184
      995328            1          18.365      1990656       995328
      995328            2           4.469      3981312      1990656
      995328            4           6.512      7962624      3981312
      995328            8           8.025     15925248      7962624
      995328           16          16.803     31850496     15925248
      995328           32          20.449     63700992     31850496
      995328           64          36.230    127401984     63700992
      995328          128          69.132    254803968    127401984
      995328          256         132.414    509607936    254803968
      995328          512         264.909   1019215872    509607936
      995328         1024         521.592   2038431744   1019215872
     1094656            1          26.059      2189312      1094656
     1094656            2           7.544      4378624      2189312
     1094656            4           9.669      8757248      4378624
     1094656            8           8.206     17514496      8757248
     1094656           16          12.174     35028992     17514496
     1094656           32          22.122     70057984     35028992
     1094656           64          39.756    140115968     70057984
     1094656          128          78.951    280231936    140115968
     1094656          256         145.089    560463872    280231936
     1094656          512         289.766   1120927744    560463872
     1094656         1024         569.134   2241855488   1120927744
     1203200            1          17.113      2406400      1203200
     1203200            2           5.671      4812800      2406400
     1203200            4          10.420      9625600      4812800
     1203200            8          13.866     19251200      9625600
     1203200           16          14.258     38502400     19251200
     1203200           32          23.495     77004800     38502400
     1203200           64          49.144    154009600     77004800
     1203200          128          96.245    308019200    154009600
     1203200          256         190.757    616038400    308019200
     1203200          512         410.739   1232076800    616038400
     1203200         1024         658.164   2464153600   1232076800
     1323008            1          19.508      2646016      1323008
     1323008            2           5.391      5292032      2646016
     1323008            4           8.436     10584064      5292032
     1323008            8           8.827     21168128     10584064
     1323008           16          14.437     42336256     21168128
     1323008           32          26.010     84672512     42336256
     1323008           64          53.082    169345024     84672512
     1323008          128          93.290    338690048    169345024
     1323008          256         176.059    677380096    338690048
     1323008          512         352.277   1354760192    677380096
     1323008         1024         694.805   2709520384   1354760192
     1455104            1          21.171      2910208      1455104
     1455104            2           6.161      5820416      2910208
     1455104            4          15.560     11640832      5820416
     1455104            8          10.009     23281664     11640832
     1455104           16          16.501     46563328     23281664
     1455104           32          28.044     93126656     46563328
     1455104           64          49.845    186253312     93126656
     1455104          128          96.546    372506624    186253312
     1455104          256         188.983    745013248    372506624
     1455104          512         377.616   1490026496    745013248
     1600512            1          21.702      3201024      1600512
     1600512            2           7.675      6402048      3201024
     1600512            4          11.121     12804096      6402048
     1600512            8           9.739     25608192     12804096
     1600512           16          16.552     51216384     25608192
     1600512           32          29.727    102432768     51216384
     1600512           64          58.904    204865536    102432768
     1600512          128         147.523    409731072    204865536
     1600512          256         209.353    819462144    409731072
     1600512          512         414.817   1638924288    819462144
     1760256            1          20.830      3520512      1760256
     1760256            2           6.362      7041024      3520512
     1760256            4          10.170     14082048      7041024
     1760256            8          16.131     28164096     14082048
     1760256           16          18.515     56328192     28164096
     1760256           32          31.822    112656384     56328192
     1760256           64          60.636    225312768    112656384
     1760256          128         116.544    450625536    225312768
     1760256          256         231.595    901251072    450625536
     1760256          512         458.772   1802502144    901251072
     1935360            1          30.619      3870720      1935360
     1935360            2           6.462      7741440      3870720
     1935360            4          11.813     15482880      7741440
     1935360            8          11.682     30965760     15482880
     1935360           16          18.596     61931520     30965760
     1935360           32          36.159    123863040     61931520
     1935360           64          65.706    247726080    123863040
     1935360          128         131.683    495452160    247726080
     1935360          256         251.414    990904320    495452160
     1935360          512         497.856   1981808640    990904320
     2128896            1          27.322      4257792      2128896
     2128896            2           5.370      8515584      4257792
     2128896            4          11.943     17031168      8515584
     2128896            8          12.464     34062336     17031168
     2128896           16          27.603     68124672     34062336
     2128896           32          42.953    136249344     68124672
     2128896           64          84.592    272498688    136249344
     2128896          128         168.533    544997376    272498688
     2128896          256         335.154   1089994752    544997376
     2128896          512         590.786   2179989504   1089994752
     2340864            1          27.072      4681728      2340864
     2340864            2          13.816      9363456      4681728
     2340864            4          10.049     18726912      9363456
     2340864            8          13.807     37453824     18726912
     2340864           16          22.964     74907648     37453824
     2340864           32          40.317    149815296     74907648
     2340864           64          78.120    299630592    149815296
     2340864          128         153.324    599261184    299630592
     2340864          256         350.554   1198522368    599261184
     2340864          512         626.474   2397044736   1198522368
     2574336            1          29.187      5148672      2574336
     2574336            2           6.342     10297344      5148672
     2574336            4          13.696     20594688     10297344
     2574336            8          14.588     41189376     20594688
     2574336           16          24.587     82378752     41189376
     2574336           32          49.946    164757504     82378752
     2574336           64          85.815    329515008    164757504
     2574336          128         167.802    659030016    329515008
     2574336          256         336.217   1318060032    659030016
     2574336          512         657.312   2636120064   1318060032
     2831360            1          32.563      5662720      2831360
     2831360            2           6.373     11325440      5662720
     2831360            4          22.494     22650880     11325440
     2831360            8          14.608     45301760     22650880
     2831360           16          26.571     90603520     45301760
     2831360           32          48.995    181207040     90603520
     2831360           64         132.575    362414080    181207040
     2831360          128         182.621    724828160    362414080
     2831360          256         365.913   1449656320    724828160
     3113984            1          38.614      6227968      3113984
     3113984            2           7.865     12455936      6227968
     3113984            4          13.236     24911872     12455936
     3113984            8          15.861     49823744     24911872
     3113984           16          27.333     99647488     49823744
     3113984           32          53.442    199294976     99647488
     3113984           64         102.517    398589952    199294976
     3113984          128         210.334    797179904    398589952
     3113984          256         400.249   1594359808    797179904
     3425280            1          31.400      6850560      3425280
     3425280            2           9.968     13701120      6850560
     3425280            4          14.999     27402240     13701120
     3425280            8          17.905     54804480     27402240
     3425280           16          31.090    109608960     54804480
     3425280           32          62.590    219217920    109608960
     3425280           64         112.035    438435840    219217920
     3425280          128         220.083    876871680    438435840
     3425280          256         436.077   1753743360    876871680
     3767296            1          37.341      7534592      3767296
     3767296            2           7.665     15069184      7534592
     3767296            4          14.187     30138368     15069184
     3767296            8          23.305     60276736     30138368
     3767296           16          33.313    120553472     60276736
     3767296           32          63.261    241106944    120553472
     3767296           64         123.117    482213888    241106944
     3767296          128         246.012    964427776    482213888
     3767296          256         615.312   1928855552    964427776
     4143104            1          40.077      8286208      4143104
     4143104            2          14.879     16572416      8286208
     4143104            4          12.905     33144832     16572416
     4143104            8          22.454     66289664     33144832
     4143104           16          42.451    132579328     66289664
     4143104           32          82.899    265158656    132579328
     4143104           64         163.734    530317312    265158656
     4143104          128         323.201   1060634624    530317312
     4143104          256         649.688   2121269248   1060634624
     4556800            1          40.238      9113600      4556800
     4556800            2           8.566     18227200      9113600
     4556800            4          13.886     36454400     18227200
     4556800            8          20.900     72908800     36454400
     4556800           16          40.117    145817600     72908800
     4556800           32          75.536    291635200    145817600
     4556800           64         153.204    583270400    291635200
     4556800          128         290.848   1166540800    583270400
     4556800          256         583.231   2333081600   1166540800
     5012480            1          48.183     10024960      5012480
     5012480            2           8.096     20049920     10024960
     5012480            4          15.449     40099840     20049920
     5012480            8          24.136     80199680     40099840
     5012480           16          48.143    160399360     80199680
     5012480           32          83.050    320798720    160399360
     5012480           64         166.890    641597440    320798720
     5012480          128         320.656   1283194880    641597440
     5012480          256         687.842   2566389760   1283194880
     5513216            1          50.607     11026432      5513216
     5513216            2           9.077     22052864     11026432
     5513216            4          24.617     44105728     22052864
     5513216            8          24.768     88211456     44105728
     5513216           16          47.551    176422912     88211456
     5513216           32          90.945    352845824    176422912
     5513216           64         176.509    705691648    352845824
     5513216          128         352.086   1411383296    705691648
     6064128            1          52.400     12128256      6064128
     6064128            2          18.706     24256512     12128256
     6064128            4          18.586     48513024     24256512
     6064128            8          28.084     97026048     48513024
     6064128           16          51.478    194052096     97026048
     6064128           32          97.868    388104192    194052096
     6064128           64         195.065    776208384    388104192
     6064128          128         389.969   1552416768    776208384
     6670336            1          67.770     13340672      6670336
     6670336            2          10.661     26681344     13340672
     6670336            4          17.824     53362688     26681344
     6670336            8          29.947    106725376     53362688
     6670336           16          54.515    213450752    106725376
     6670336           32         108.619    426901504    213450752
     6670336           64         213.660    853803008    426901504
     6670336          128         428.794   1707606016    853803008
     7336960            1          63.572     14673920      7336960
     7336960            2          10.510     29347840     14673920
     7336960            4          19.787     58695680     29347840
     7336960            8          34.567    117391360     58695680
     7336960           16          60.907    234782720    117391360
     7336960           32         118.147    469565440    234782720
     7336960           64         238.638    939130880    469565440
     7336960          128         466.998   1878261760    939130880
     8070144            1          68.171     16140288      8070144
     8070144            2          11.863     32280576     16140288
     8070144            4          23.064     64561152     32280576
     8070144            8          34.827    129122304     64561152
     8070144           16          67.049    258244608    129122304
     8070144           32         135.460    516489216    258244608
     8070144           64         301.019   1032978432    516489216
     8070144          128         512.254   2065956864   1032978432
     8877056            1          71.978     17754112      8877056
     8877056            2          11.041     35508224     17754112
     8877056            4          24.387     71016448     35508224
     8877056            8          38.434    142032896     71016448
     8877056           16          77.638    284065792    142032896
     8877056           32         143.125    568131584    284065792
     8877056           64         283.214   1136263168    568131584
     8877056          128         563.703   2272526336   1136263168
     9763840            1          72.058     19527680      9763840
     9763840            2          13.736     39055360     19527680
     9763840            4          25.459     78110720     39055360
     9763840            8          46.209    156221440     78110720
     9763840           16          80.264    312442880    156221440
     9763840           32         157.633    624885760    312442880
     9763840           64         312.139   1249771520    624885760
     9763840          128         621.083   2499543040   1249771520
    10739712            1          89.492     21479424     10739712
    10739712            2          14.027     42958848     21479424
    10739712            4          30.869     85917696     42958848
    10739712            8          44.917    171835392     85917696
    10739712           16          88.250    343670784    171835392
    10739712           32         172.912    687341568    343670784
    10739712           64         391.552   1374683136    687341568
    11812864            1          96.906     23625728     11812864
    11812864            2          14.898     47251456     23625728
    11812864            4          32.974     94502912     47251456
    11812864            8          49.555    189005824     94502912
    11812864           16          96.716    378011648    189005824
    11812864           32         190.015    756023296    378011648
    11812864           64         375.341   1512046592    756023296
    12993536            1         132.334     25987072     12993536
    12993536            2          16.342     51974144     25987072
    12993536            4          39.035    103948288     51974144
    12993536            8          63.232    207896576    103948288
    12993536           16         117.796    415793152    207896576
    12993536           32         206.978    831586304    415793152
    12993536           64         409.246   1663172608    831586304
    14291968            1         110.202     28583936     14291968
    14291968            2          16.842     57167872     28583936
    14291968            4          41.229    114335744     57167872
    14291968            8          57.741    228671488    114335744
    14291968           16         115.332    457342976    228671488
    14291968           32         231.254    914685952    457342976
    14291968           64         501.564   1829371904    914685952
    15720448            1         118.137     31440896     15720448
    15720448            2          19.428     62881792     31440896
    15720448            4          40.137    125763584     62881792
    15720448            8          64.044    251527168    125763584
    15720448           16         126.463    503054336    251527168
    15720448           32         249.689   1006108672    503054336
    15720448           64         498.919   2012217344   1006108672
    17292288            1         134.298     34584576     17292288
    17292288            2          22.353     69169152     34584576
    17292288            4          49.284    138338304     69169152
    17292288            8          84.502    276676608    138338304
    17292288           16         174.395    553353216    276676608
    17292288           32         371.033   1106706432    553353216
    17292288           64         573.762   2213412864   1106706432
    19020800            1         149.207     38041600     19020800
    19020800            2          20.249     76083200     38041600
    19020800            4          52.060    152166400     76083200
    19020800            8          76.637    304332800    152166400
    19020800           16         151.832    608665600    304332800
    19020800           32         302.050   1217331200    608665600
    19020800           64         602.648   2434662400   1217331200
    20922368            1         157.973     41844736     20922368
    20922368            2          25.088     83689472     41844736
    20922368            4          49.996    167378944     83689472
    20922368            8          83.460    334757888    167378944
    20922368           16         166.550    669515776    334757888
    20922368           32         331.487   1339031552    669515776
    20922368           64         659.216   2678063104   1339031552
    23014400            1         175.156     46028800     23014400
    23014400            2          23.656     92057600     46028800
    23014400            4          58.412    184115200     92057600
    23014400            8         136.302    368230400    184115200
    23014400           16         207.138    736460800    368230400
    23014400           32         363.197   1472921600    736460800
    25315328            1         188.622     50630656     25315328
    25315328            2          28.475    101261312     50630656
    25315328            4          54.114    202522624    101261312
    25315328            8         106.325    405045248    202522624
    25315328           16         199.393    810090496    405045248
    25315328           32         402.654   1620180992    810090496
    27846656            1         201.346     55693312     27846656
    27846656            2          32.844    111386624     55693312
    27846656            4          61.378    222773248    111386624
    27846656            8         110.072    445546496    222773248
    27846656           16         224.360    891092992    445546496
    27846656           32         438.242   1782185984    891092992
    30630912            1         231.996     61261824     30630912
    30630912            2          33.655    122523648     61261824
    30630912            4          64.855    245047296    122523648
    30630912            8         120.081    490094592    245047296
    30630912           16         240.533    980189184    490094592
    30630912           32         487.026   1960378368    980189184
    33693696            1         252.205     67387392     33693696
    33693696            2          35.058    134774784     67387392
    33693696            4          67.159    269549568    134774784
    33693696            8         130.821    539099136    269549568
    33693696           16         264.268   1078198272    539099136
    33693696           32         528.415   2156396544   1078198272
    37062656            1         283.003     74125312     37062656
    37062656            2          37.482    148250624     74125312
    37062656            4         110.122    296501248    148250624
    37062656            8         178.674    593002496    296501248
    37062656           16         317.009   1186004992    593002496
    37062656           32         586.095   2372009984   1186004992
    40768512            1         307.792     81537024     40768512
    40768512            2          58.753    163074048     81537024
    40768512            4          97.187    326148096    163074048
    40768512            8         180.887    652296192    326148096
    40768512           16         415.489   1304592384    652296192
    40768512           32         733.168   2609184768   1304592384
    44845056            1         326.508     89690112     44845056
    44845056            2          50.236    179380224     89690112
    44845056            4          94.832    358760448    179380224
    44845056            8         180.367    717520896    358760448
    44845056           16         349.822   1435041792    717520896
    49329152            1         358.960     98658304     49329152
    49329152            2          57.390    197316608     98658304
    49329152            4         134.248    394633216    197316608
    49329152            8         226.856    789266432    394633216
    49329152           16         390.771   1578532864    789266432
    54261760            1         396.222    108523520     54261760
    54261760            2          68.381    217047040    108523520
    54261760            4         105.252    434094080    217047040
    54261760            8         209.772    868188160    434094080
    54261760           16         426.560   1736376320    868188160
    59687936            1         418.685    119375872     59687936
    59687936            2          84.012    238751744    119375872
    59687936            4         115.021    477503488    238751744
    59687936            8         231.705    955006976    477503488
    59687936           16         466.927   1910013952    955006976
    65655808            1         474.923    131311616     65655808
    65655808            2          95.864    262623232    131311616
    65655808            4         127.455    525246464    262623232
    65655808            8         261.032   1050492928    525246464
    65655808           16         537.382   2100985856   1050492928
    72220672            1         526.191    144441344     72220672
    72220672            2         114.529    288882688    144441344
    72220672            4         138.907    577765376    288882688
    72220672            8         281.260   1155530752    577765376
    72220672           16         567.420   2311061504   1155530752
    79441920            1         618.268    158883840     79441920
    79441920            2         136.072    317767680    158883840
    79441920            4         158.805    635535360    317767680
    79441920            8         312.350   1271070720    635535360
    79441920           16         625.892   2542141440   1271070720
    87386112            1         619.079    174772224     87386112
    87386112            2         163.715    349544448    174772224
    87386112            4         203.522    699088896    349544448
    87386112            8         399.106   1398177792    699088896
    96123904            1         671.110    192247808     96123904
    96123904            2         204.112    384495616    192247808
    96123904            4         219.001    768991232    384495616
    96123904            8         409.496   1537982464    768991232
   105736192            1         770.330    211472384    105736192
   105736192            2         228.118    422944768    211472384
   105736192            4         231.014    845889536    422944768
   105736192            8         447.450   1691779072    845889536
   116308992            1         827.579    232617984    116308992
   116308992            2         247.225    465235968    232617984
   116308992            4         304.304    930471936    465235968
   116308992            8         528.004   1860943872    930471936
   127939584            1         937.372    255879168    127939584
   127939584            2         259.098    511758336    255879168
   127939584            4         316.669   1023516672    511758336
   127939584            8         547.672   2047033344   1023516672
   140733440            1         989.281    281466880    140733440
   140733440            2         321.468    562933760    281466880
   140733440            4         347.929   1125867520    562933760
   140733440            8         558.142   2251735040   1125867520
   154806272            1        1080.285    309612544    154806272
   154806272            2         316.568    619225088    309612544
   154806272            4         365.322   1238450176    619225088
   154806272            8         612.066   2476900352   1238450176
   170286080            1        1205.577    340572160    170286080
   170286080            2         374.299    681144320    340572160
   170286080            4         441.408   1362288640    681144320
   187314176            1        1336.117    374628352    187314176
   187314176            2         378.878    749256704    374628352
   187314176            4         402.273   1498513408    749256704
   206045184            1        1450.968    412090368    206045184
   206045184            2         356.064    824180736    412090368
   206045184            4         449.564   1648361472    824180736
   226649088            1        1604.533    453298176    226649088
   226649088            2         421.400    906596352    453298176
   226649088            4         487.066   1813192704    906596352
   249313280            1        1764.630    498626560    249313280
   249313280            2         391.082    997253120    498626560
   249313280            4         536.791   1994506240    997253120
   274244608            1        1937.994    548489216    274244608
   274244608            2         458.331   1096978432    548489216
   274244608            4         587.870   2193956864   1096978432
   301668352            1        2136.705    603336704    301668352
   301668352            2         445.375   1206673408    603336704
   301668352            4         642.394   2413346816   1206673408
   331834368            1        2344.634    663668736    331834368
   331834368            2         501.123   1327337472    663668736
   331834368            4         745.462   2654674944   1327337472
   365017088            1        2613.893    730034176    365017088
   365017088            2         536.280   1460068352    730034176
   401518592            1        2843.172    803037184    401518592
   401518592            2         639.398   1606074368    803037184
   441669632            1        3110.616    883339264    441669632
   441669632            2         726.576   1766678528    883339264
   485835776            1        3408.940    971671552    485835776
   485835776            2         954.734   1943343104    971671552
   534418432            1        3759.884   1068836864    534418432
   534418432            2        1538.436   2137673728   1068836864
   587859968            1        4124.615   1175719936    587859968
   587859968            2        2817.724   2351439872   1175719936
   646645760            1        4519.764   1293291520    646645760
   646645760            2        5445.563   2586583040   1293291520
   711310336            1        4996.931   1422620672    711310336
   782440448            1        5460.070   1564880896    782440448
   860684288            1        6067.437   1721368576    860684288
   946752512            1        6606.975   1893505024    946752512
  1041427456            1        7251.453   2082854912   1041427456
  1145569280            1        7968.991   2291138560   1145569280
  1260126208            1        8788.817   2520252416   1260126208

META_DATA
FLOPS          8
MPI_PROCS      128
ERT_VERSION  1.1.0
HOSTNAME  ('nid004033', [], ['10.253.33.94'])
UNAME  uname_result(system='Linux', node='nid004033', release='5.14.21-150400.24.46_12.0.63-cray_shasta_c', version='#1 SMP Fri Mar 3 22:39:37 UTC 2023 (6e164f9)', machine='x86_64')
TIMESTAMP_DATA  1710934570.1461856
CONFIG  {'ERT_RESULTS': ['Results.archer.01'], 'ERT_DRIVER': ['driver1'], 'ERT_KERNEL': ['kernel1'], 'ERT_MPI': ['True'], 'ERT_MPI_CFLAGS': [], 'ERT_MPI_LDFLAGS': [], 'ERT_OPENMP': ['False'], 'ERT_OPENMP_CFLAGS': ['-fopenmp'], 'ERT_OPENMP_LDFLAGS': ['-fopenmp'], 'ERT_FLOPS': ['1,2,4,8,16,32'], 'ERT_ALIGN': ['32'], 'ERT_CC': ['mpic++'], 'ERT_CFLAGS': ['-Ofast', '-fargument-noalias', '-mavx2'], 'ERT_LD': ['mpic++'], 'ERT_LDFLAGS': [], 'ERT_LDLIBS': [], 'ERT_RUN': ['export', 'OMP_NUM_THREADS=ERT_OPENMP_THREADS;', 'srun', '--distribution=block:block', '--hint=nomultithread', '--ntasks', 'ERT_MPI_PROCS', 'ERT_CODE'], 'ERT_PROCS_THREADS': ['32,64,128'], 'ERT_MPI_PROCS': ['32,64,128'], 'ERT_OPENMP_THREADS': [], 'ERT_NUM_EXPERIMENTS': ['5'], 'ERT_MEMORY_MAX': ['1357905920'], 'ERT_WORKING_SET_MIN': ['1'], 'ERT_TRIALS_MIN': ['1'], 'ERT_GNUPLOT': ['gnuplot'], 'ERT_GPU': [False], 'ERT_HIP': [False], 'ERT_PRECISION': ['FP64'], 'ERT_OCL': [False], 'ERT_SYCL': [False], 'ERT_WSS_MULT': [1.1]}
