fp64
 1024 1048576 660.236 674.997 679.417 3160.7740871953456 3181.471396169168 3252.6000521025817 395.0967608994182 397.683924521146 406.5750065128227
 2048 524288 332.008 332.159 448.381 4789.417143010074 6465.227942039806 6468.168381484785 598.6771428762593 808.1534927549758 808.5210476855981
 3072 262144 171.514 173.744 211.995 7597.409070968654 9270.033704761026 9390.561330270415 949.6761338710818 1158.7542130951283 1173.8201662838019
 4096 262144 168.084 168.154 168.704 12729.298937784522 12770.934072338452 12776.252635586969 1591.1623672230653 1596.3667590423065 1597.031579448371
 5120 262144 167.625 168.015 182.985 14669.806596169085 15976.874445734014 16014.046592095452 1833.7258245211356 1997.1093057167518 2001.7558240119315
 6144 131072 85.702 85.852 86.202 18684.16899839911 18760.340306574104 18793.175608503887 2335.5211247998886 2345.042538321763 2349.146951062986
 7168 131072 85.252 85.562 86.022 21843.809630094624 21961.24672167551 22041.103927180597 2730.476203761828 2745.155840209439 2755.1379908975746
 8192 131072 112.543 114.233 151.744 14152.01687051877 18799.153029334782 19081.450183485424 1769.0021088148462 2349.894128666848 2385.181272935678
 9216 131072 113.773 139.854 611.145 3953.1029526544435 17274.5799476597 21234.555685443822 494.13786908180543 2159.3224934574623 2654.3194606804777
 10240 131072 87.182 87.702 97.012 27670.335216261905 30607.677818065724 30790.238351953383 3458.791902032738 3825.9597272582155 3848.779793994173
 11264 65536 45.051 45.161 57.291 25770.103646296975 32691.813910232275 32771.636767219374 3221.262955787122 4086.4767387790343 4096.454595902422
 12288 65536 72.552 75.421 87.342 18440.30061138971 21354.96394903276 22199.425736023815 2305.0375764237137 2669.370493629095 2774.928217002977
 13312 65536 72.292 73.212 97.832 17834.96671845613 23832.574769163526 24135.872074365074 2229.370839807016 2979.0718461454408 3016.984009295634
 14336 65536 58.662 58.961 72.732 25835.233349832262 31869.340614982786 32031.77852783744 3229.404168729033 3983.6675768728483 4003.97231597968
 15360 65536 71.511 71.871 72.322 27837.531041730035 28012.215218933925 28153.23404790871 3479.6913802162544 3501.5269023667406 3519.154255988589
 16384 65536 86.092 99.112 179.875 11938.755513551077 21667.241585277265 24944.055754309346 1492.3444391938847 2708.405198159658 3118.006969288668
 17408 65536 98.803 100.532 175.484 13002.332839461147 22696.26960569769 23093.44226389887 1625.2916049326434 2837.033700712211 2886.6802829873586
 18432 65536 85.232 85.742 175.104 13797.052631578947 28176.61244197709 28345.21193917777 1724.6315789473683 3522.076555247136 3543.1514923972213
 19456 65536 85.542 86.192 99.353 25667.43663502864 29586.699832931135 29811.51752355568 3208.42957937858 3698.337479116392 3726.43969044446
 20480 65536 113.033 113.263 125.964 21310.489981264487 23700.189470524354 23748.414710748188 2663.811247658061 2962.5236838155442 2968.5518388435235
 22528 32768 58.321 58.631 64.402 22924.676376510044 25181.13298425747 25314.981018843984 2865.5845470637555 3147.641623032184 3164.372627355498
 24576 32768 64.262 65.242 65.751 24495.63863667473 24686.746819533426 25063.221437241293 3061.954829584341 3085.8433524416782 3132.9026796551616
 26624 32768 63.411 65.161 65.292 26723.495435888013 26777.220484645728 27516.211130560943 3340.4369294860016 3347.152560580716 3439.526391320118
 28672 32768 71.962 72.442 72.672 25856.56362835755 25938.65702216946 26111.672716155746 3232.070453544694 3242.3321277711825 3263.9590895194683
 30720 32768 72.341 72.452 86.542 23263.45496984123 27787.582399381656 27830.219654138044 2907.931871230154 3473.447799922707 3478.7774567672554
 33792 32768 72.152 74.932 78.482 28217.839912336585 29554.696418085725 30693.432087814614 3527.229989042073 3694.3370522607156 3836.6790109768267
 36864 32768 85.962 86.032 86.102 28058.803558570064 28081.633624697788 28104.500872478537 3507.350444821258 3510.2042030872235 3513.062609059817
 39936 32768 85.613 86.082 86.202 30361.774622398552 30404.099533003417 30570.657446883066 3795.221827799819 3800.512441625427 3821.3321808603832
 43008 16384 45.151 45.622 47.501 29668.557377739417 30890.494585945376 31212.73380434542 3708.569672217427 3861.311823243172 3901.5917255431773
 47104 16384 47.832 48.381 51.352 30057.327309549775 31903.099811909633 32269.273122595754 3757.165913693722 3987.887476488704 4033.6591403244693
 51200 16384 50.781 51.701 54.571 30743.83097249455 32450.467108953406 33038.37261968059 3842.978871561819 4056.3083886191757 4129.796577460073
 56320 16384 54.741 55.242 58.082 31773.936159223165 33407.43926722422 33713.19047880017 3971.7420199028957 4175.929908403027 4214.148809850021
 61440 16384 65.161 65.661 65.871 30563.767363483174 30661.517795951928 30896.79286689891 3820.4709204353967 3832.689724493991 3862.099108362364
 67584 16384 68.942 69.201 69.361 31928.497455342334 32002.319504053412 32122.545211917266 3991.062181917792 4000.2899380066765 4015.3181514896582
 73728 16384 75.881 76.042 81.922 29490.480017577698 31770.851687225477 31838.26127752665 3686.3100021972123 3971.3564609031846 3979.782659690831
 80896 16384 79.542 80.202 89.902 29485.441124780315 33051.54644522581 33325.79175781348 3685.6801405975393 4131.443305653226 4165.723969726685
 88064 8192 43.631 44.461 52.191 27645.390507941982 32451.824655315897 33069.16128440788 3455.6738134927477 4056.478081914487 4133.645160550985
 96256 8192 46.411 46.841 48.161 32745.547310064158 33668.33124826541 33980.269849820084 4093.1934137580197 4208.541406033176 4247.5337312275105
 105472 8192 49.212 49.921 52.122 33154.008825447985 34615.75785741471 35114.46899130293 4144.251103180998 4326.969732176839 4389.308623912866
 115712 8192 73.271 73.601 73.842 25674.079900327728 25758.14741647532 25874.15768858075 3209.259987540966 3219.768427059415 3234.269711072594
 126976 8192 78.452 78.562 78.782 26406.727221954257 26480.674931900918 26517.804313465556 3300.840902744282 3310.0843664876147 3314.7255391831945
 139264 8192 83.082 83.182 83.222 27417.04568503521 27430.22980933375 27463.24566091332 3427.130710629401 3428.7787261667186 3432.905707614165
 152576 8192 88.762 89.232 100.113 24969.835925404295 28014.67168728707 28163.01101822852 3121.229490675537 3501.833960910884 3520.376377278565
 166912 4096 47.602 48.811 51.031 26794.362328780542 28013.011493310933 28724.488550901224 3349.2952910975678 3501.6264366638666 3590.561068862653
 183296 4096 51.841 52.831 54.541 27530.863607194588 28421.964982680624 28964.73509384464 3441.3579508993234 3552.745622835078 3620.59188673058
 200704 4096 56.822 56.982 57.071 28809.15294983442 28854.14987188937 28935.39769807469 3601.1441187293026 3606.7687339861714 3616.924712259336
 220160 4096 59.221 59.601 59.781 30169.296599253947 30260.410395798728 30454.580638624815 3771.1620749067433 3782.551299474841 3806.822579828102
 241664 4096 64.402 64.691 64.822 30540.73444201043 30602.579771529265 30739.9069594112 3817.591805251304 3825.322471441158 3842.4883699264
 265216 4096 78.062 78.242 78.682 27613.04328817264 27768.327394494005 27832.35725449002 3451.63041102158 3471.0409243117506 3479.0446568112525
 290816 4096 74.441 74.832 82.772 28782.253322379547 31836.17532606372 32003.39425854032 3597.7816652974434 3979.521915757965 4000.42428231754
 319488 4096 80.252 80.492 650.086 4025.9991693406714 32515.600258410774 32612.84075163236 503.2498961675839 4064.4500323013467 4076.605093954045
 351232 2048 45.221 45.311 47.531 30267.536386779157 31750.486018847518 31813.676654651597 3783.4420483473946 3968.8107523559397 3976.7095818314497
 386048 2048 49.211 49.661 49.921 31675.098816129484 31840.93369042105 32132.09664505903 3959.3873520161856 3980.1167113026313 4016.512080632379
 423936 2048 53.761 54.122 59.262 29301.101144072083 32083.844942906762 32299.284909134873 3662.6376430090104 4010.4806178633453 4037.410613641859
 465920 2048 56.501 57.041 57.722 33062.06160562697 33456.78231447555 33776.540592201905 4132.7577007033715 4182.097789309444 4222.067574025238
 512000 2048 61.972 62.081 63.012 33281.787596013455 33780.89914788743 33840.31498095914 4160.223449501682 4222.612393485929 4230.039372619893
 563200 2048 67.282 67.682 80.812 28546.097114289958 34083.91004993942 34286.54320620671 3568.2621392862447 4260.488756242427 4285.817900775839
 619520 2048 73.202 74.271 77.372 32796.798841958334 34166.147217621954 34665.090024862715 4099.599855244792 4270.768402202744 4333.136253107839
 680960 1024 41.891 41.951 42.361 32921.934798517505 33243.6909728016 33291.30553102098 4115.241849814688 4155.4613716002 4161.413191377623
 748544 1024 44.931 45.091 45.531 33669.765917726385 33998.31700339314 34119.3855467272 4208.720739715798 4249.789625424142 4264.9231933409
 823296 1024 48.811 49.211 49.461 34089.69102929581 34262.87228465181 34543.65220954293 4261.211378661977 4282.859035581476 4317.9565261928665
 905216 1024 53.652 53.731 61.161 30311.511714981767 34503.031173810276 34553.83523447402 3788.938964372721 4312.878896726284 4319.2294043092525
 995328 1024 58.421 59.001 60.341 33781.86877910541 34549.10499822037 34892.10633162732 4222.733597388176 4318.638124777546 4361.513291453415
 1094656 1024 66.662 66.882 70.732 31695.06712661879 33519.564127866994 33630.18643305031 3961.8833908273486 4189.945515983374 4203.773304131289
 1203200 1024 68.572 69.012 608.055 4052.51761764972 35706.16124731931 35935.27387271772 506.564702206215 4463.270155914914 4491.909234089715
 1323008 1024 74.882 75.392 84.392 32106.365342686513 35939.09677419355 36183.867738575354 4013.295667835814 4492.387096774194 4522.983467321919
 1455104 512 44.761 45.411 45.851 32497.142832217403 32812.016824117505 33288.498827103955 4062.1428540271754 4101.502103014688 4161.062353387994
 1600512 512 47.272 48.102 48.201 34001.87315615858 34071.85331171261 34670.085632086644 4250.234144519823 4258.981663964077 4333.7607040108305
 1760256 512 52.491 52.761 52.921 34060.2434572287 34163.5326093137 34339.26090186889 4257.530432153588 4270.441576164212 4292.407612733611
 1935360 512 58.331 58.672 58.981 33600.797544972105 33777.75838560131 33975.22140885635 4200.099693121513 4222.2197982001635 4246.902676107044
 2128896 512 62.022 62.281 62.842 34690.00833837243 35002.48075657103 35148.64893102447 4336.251042296553 4375.310094571379 4393.581116378059
 2340864 512 68.132 68.292 77.022 31121.559242813735 35099.934633632045 35182.362707685075 3890.194905351717 4387.491829204006 4397.795338460634
 2574336 512 73.582 74.662 79.742 33058.113215118756 35307.386140205184 35825.61039384633 4132.2641518898445 4413.423267525648 4478.201299230791
 2831360 256 43.421 43.801 46.161 31404.352592014908 33096.42062966599 33386.064807351286 3925.5440740018635 4137.052578708249 4173.258100918911
 3113984 256 46.941 47.791 48.631 32784.84522218338 33361.08907534892 33965.18625508617 4098.105652772922 4170.136134418615 4245.648281885771
 3425280 256 51.301 51.761 63.092 27796.604323844545 33881.55870249802 34185.36402799166 3474.575540480568 4235.194837812252 4273.170503498957
 3767296 256 55.671 55.912 64.862 29737.83651444606 34498.060380598086 34647.40263332795 3717.2295643057573 4312.257547574761 4330.925329165993
 4143104 256 60.042 60.442 62.962 33691.26215812712 35095.94732139903 35329.75663702075 4211.40776976589 4386.9934151748785 4416.219579627594
 4556800 256 65.592 65.811 68.522 34048.6500685911 35451.24067405144 35569.60604951823 4256.081258573888 4431.40508425643 4446.200756189779
 5012480 256 71.462 71.982 73.951 34703.92232694622 35653.21552610375 35912.64952002463 4337.990290868278 4456.6519407629685 4489.0811900030785
 5513216 128 41.681 42.171 43.911 32141.907403611847 33468.101206990585 33861.55073054869 4017.738425451481 4183.512650873823 4232.693841318586
 6064128 128 45.492 45.591 45.641 34013.64492451962 34050.947950253336 34125.04985491955 4251.7056155649525 4256.368493781667 4265.631231864943
 6670336 128 49.542 50.151 62.401 27365.042483293535 34049.29145979143 34467.8457874127 3420.630310411692 4256.1614324739285 4308.480723426587
 7336960 128 53.931 54.001 54.141 34692.0404129957 34781.98107442455 34827.126513508 4336.505051624463 4347.7476343030685 4353.3908141885
 8070144 128 59.231 59.922 71.741 28797.436110452876 34477.43506558526 34879.65531562864 3599.6795138066095 4309.679383198158 4359.95691445358
 8877056 128 64.342 64.411 64.792 35074.18101000123 35281.649656114634 35319.485499362774 4384.272626250154 4410.206207014329 4414.935687420347
 9763840 128 70.292 71.021 71.192 35109.88650410159 35194.42193154137 35559.424116542425 4388.735813012699 4399.3027414426715 4444.928014567803
 10739712 64 41.541 41.642 41.791 32894.23885525592 33011.93833149224 33092.201343251254 4111.77985690699 4126.49229143653 4136.525167906407
 11812864 64 45.271 45.491 46.501 32516.431732650908 33238.36785298191 33399.893795144795 4064.5539665813635 4154.7959816227385 4174.986724393099
 12993536 64 49.581 49.771 50.201 33130.26848070756 33416.499728757706 33544.555535386535 4141.283560088445 4177.062466094713 4193.069441923317
 14291968 64 54.151 54.211 59.271 30864.53584383594 33745.400453782444 33782.79078872043 3858.0669804794925 4218.1750567228055 4222.848848590053
 15720448 64 58.802 58.962 61.102 32932.10277895978 34127.35904480852 34220.21944831809 4116.512847369972 4265.919880601065 4277.527431039761
 17292288 64 64.532 64.652 65.202 33947.008742063124 34235.79879972777 34299.46172441579 4243.376092757891 4279.474849965971 4287.432715551974
 19020800 64 71.102 73.352 102.833 23675.886145498043 33191.49307449013 34241.827234114375 2959.4857681872554 4148.936634311266 4280.228404264297
 20922368 64 77.052 77.292 86.083 31110.24364857173 34648.64544842933 34756.56834345636 3888.7804560714662 4331.080681053666 4344.571042932045
 23014400 32 46.351 47.011 48.081 30634.17150225661 31331.424560209314 31777.55819723415 3829.271437782076 3916.4280700261643 3972.1947746542687
 25315328 32 51.512 52.162 53.121 30499.821012405642 31060.561174801584 31452.496350364967 3812.4776265507053 3882.570146850198 3931.562043795621
 27846656 32 55.541 55.941 56.361 31620.907790848283 31858.31472444182 32087.754703732382 3952.6134738560354 3982.2893405552277 4010.9693379665478
 30630912 32 60.801 61.112 61.471 31891.10910836004 32078.45215342322 32242.534958306605 3986.388638545005 4009.8065191779024 4030.3168697883257
 33693696 32 66.332 66.622 67.771 31818.868601614264 32367.63447509832 32509.14406319726 3977.358575201783 4045.95430938729 4063.6430078996573
 37062656 32 72.372 73.302 83.522 28399.822609611838 32359.416987258188 32775.24434864312 3549.9778262014797 4044.9271234072735 4096.90554358039
 40768512 32 80.062 80.322 81.112 32167.678863793277 32484.06125345484 32589.552696660092 4020.9598579741596 4060.507656681855 4073.6940870825115
 44845056 16 49.791 50.081 51.111 28076.965662968832 28654.415686587727 28821.308911249023 3509.620707871104 3581.801960823466 3602.663613906128
 49329152 16 54.712 55.001 55.321 28534.062363297842 28700.075707714408 28851.675391139055 3566.7577954122303 3587.509463464301 3606.459423892382
 54261760 16 59.401 59.812 60.131 28876.558181304154 29030.567779040997 29231.432467466875 3609.569772663019 3628.8209723801247 3653.9290584333594
 59687936 16 65.411 65.941 66.122 28886.209612534403 28965.498733716504 29200.1949519194 3610.7762015668004 3620.687341714563 3650.024368989925
 65655808 16 72.212 72.792 73.082 28748.335513532747 28862.867567864596 29094.69140863014 3593.5419391915934 3607.8584459830745 3636.8364260787675
 72220672 16 78.152 79.782 85.432 27051.473733495644 28967.20443207741 29571.367386631176 3381.4342166869556 3620.9005540096764 3696.420923328897
 79441920 16 85.522 86.222 88.252 28805.482481983414 29483.67516411125 29724.999883071017 3600.6853102479267 3685.459395513906 3715.624985383877
 87386112 8 59.201 60.492 85.942 16268.853319680715 23113.433048998217 23617.469164372225 2033.6066649600893 2889.179131124777 2952.183645546528
 96123904 8 65.601 66.592 68.192 22553.708118254344 23095.6040365209 23444.497248517553 2819.213514781793 2886.9505045651126 2930.562156064694
 105736192 8 72.272 72.832 89.652 18870.51122116629 23228.513181019334 23408.499446535312 2358.813902645786 2903.564147627417 2926.062430816914
 116308992 8 79.792 83.242 91.783 20275.474456053955 22355.828451983372 23322.436735512332 2534.4343070067443 2794.4785564979215 2915.3045919390415
 127939584 8 88.522 89.062 89.232 22940.574502420655 22984.363072915497 23124.571790063485 2867.571812802582 2873.045384114437 2890.5714737579356
 140733440 8 98.143 98.502 100.912 22313.84810527984 22859.790055024263 22943.409514687748 2789.23101315998 2857.473756878033 2867.9261893359685
 154806272 8 108.843 109.833 122.503 20219.099548582486 22551.513224622835 22756.634344882077 2527.3874435728108 2818.9391530778544 2844.5792931102596
 170286080 4 91.952 92.572 103.222 13197.657863633722 14715.99014820896 14815.214894727684 1649.7072329542152 1839.49876852612 1851.9018618409605
 187314176 4 102.252 102.932 103.332 14501.929779739094 14558.285159134186 14655.101200954505 1812.7412224673867 1819.7856448917732 1831.887650119313
 206045184 4 113.543 115.853 117.723 14002.034198924594 14228.043054560521 14517.508538615324 1750.2542748655742 1778.5053818200652 1814.6885673269155
 226649088 4 125.873 128.293 129.303 14022.82007378019 14133.216184826919 14404.937548163625 1752.8525092225238 1766.6520231033649 1800.6171935204532
 249313280 4 148.023 150.564 238.146 8375.140628018107 13246.89992295635 13474.299534531796 1046.8925785022634 1655.8624903695438 1684.2874418164745
 274244608 4 153.264 161.034 164.404 13344.911705311308 13624.18411018791 14314.887148971708 1668.1139631639135 1703.0230137734889 1789.3608936214634
 301668352 4 171.724 177.174 191.635 12593.455350014348 13621.337306828314 14053.637325009899 1574.1819187517935 1702.6671633535393 1756.7046656262373
 331834368 4 183.035 203.855 212.796 12475.21073704393 13022.368565892424 14503.646537547464 1559.4013421304912 1627.796070736553 1812.955817193433
 365017088 2 300.298 305.208 328.788 4440.759249121014 4783.8469240649 4862.064855576794 555.0949061401268 597.9808655081125 607.7581069470992
 401518592 2 364.089 394.57 415.65 3864.006659449056 4070.4421724915733 4411.213653804427 483.000832431132 508.80527156144666 551.4017067255534
 441669632 2 456.612 485.632 506.512 3487.930252392836 3637.895624670532 3869.102275016863 435.9912815491045 454.7369530838165 483.6377843771079
 485835776 2 585.904 613.525 629.006 3089.5462110059366 3167.504346196162 3316.828531636582 386.1932763757421 395.9380432745202 414.60356645457273
 534418432 2 757.559 775.309 823.25 2596.627668387489 2757.189363208734 2821.791738993267 324.5784585484361 344.64867040109175 352.72396737415835
 587859968 2 995.845 1015.335 1022.885 2298.8311217781074 2315.925159676363 2361.2508693622 287.35389022226343 289.49064495954536 295.156358670275
 646645760 2 1272.662 1281.742 1604.599 1611.980962221714 2018.0215987304775 2032.4194797990351 201.49762027771425 252.2526998413097 254.0524349748794
 711310336 1 1008.525 1015.045 1073.416 1325.3209119297644 1401.534584180997 1410.5953466696415 165.66511399122055 175.19182302262462 176.32441833370518
 782440448 1 1194.33 1210.14 1223.981 1278.5173103177256 1293.1403771464456 1310.258384198672 159.8146637897157 161.6425471433057 163.782298024834
 860684288 1 1426.675 1437.356 1448.816 1188.1209042418084 1197.5937596531408 1206.5597112166402 148.51511303022605 149.6992199566426 150.81996390208002
 946752512 1 1685.162 1696.172 1762.664 1074.229134991127 1116.340220213516 1123.6338251159236 134.27864187389088 139.5425275266895 140.45422813949045
 1041427456 1 1956.659 1960.449 2033.43 1024.306178230871 1062.4376925898098 1064.4956080747847 128.03827227885887 132.80471157372622 133.0619510093481
 1145569280 1 2248.735 2258.466 2345.988 976.6198974589811 1014.4667043913878 1018.856628282123 122.07748718237264 126.80833804892347 127.35707853526537
 1260126208 1 2582.724 2600.065 2670.946 943.5804452804362 969.3036197171994 975.8117460479709 117.94755566005452 121.16295246464992 121.97646825599637
 
META_DATA
 FLOPS          2
 MPI_PROCS      128
 ERT_VERSION  1.1.0
 HOSTNAME  ('tcn1101.local.snellius.surf.nl', [], ['172.18.60.87'])
 UNAME  uname_result(system='Linux', node='tcn1101.local.snellius.surf.nl', release='4.18.0-372.80.1.el8_6.x86_64', version='#1 SMP Fri Nov 3 14:30:16 EDT 2023', machine='x86_64', processor='x86_64')
 TIMESTAMP_DATA  1707409612.3169842
 CONFIG  {'ERT_RESULTS': ['Results.snellius.genoa.01'], 'ERT_DRIVER': ['driver1'], 'ERT_KERNEL': ['kernel1'], 'ERT_MPI': ['True'], 'ERT_MPI_CFLAGS': [], 'ERT_MPI_LDFLAGS': [], 'ERT_OPENMP': ['False'], 'ERT_OPENMP_CFLAGS': ['-fopenmp'], 'ERT_OPENMP_LDFLAGS': ['-fopenmp'], 'ERT_FLOPS': ['1,2,4,8,16'], 'ERT_ALIGN': ['32'], 'ERT_CC': ['mpic++'], 'ERT_CFLAGS': ['-Ofast', '-fargument-noalias', '-mavx2'], 'ERT_LD': ['mpic++'], 'ERT_LDFLAGS': [], 'ERT_LDLIBS': [], 'ERT_RUN': ['export', 'OMP_NUM_THREADS=ERT_OPENMP_THREADS;', 'mpirun', '-np', 'ERT_MPI_PROCS', 'ERT_CODE'], 'ERT_PROCS_THREADS': ['64,128'], 'ERT_MPI_PROCS': ['64,128'], 'ERT_OPENMP_THREADS': [], 'ERT_NUM_EXPERIMENTS': ['5'], 'ERT_MEMORY_MAX': ['1357905920'], 'ERT_WORKING_SET_MIN': ['1'], 'ERT_TRIALS_MIN': ['1'], 'ERT_GNUPLOT': ['gnuplot'], 'ERT_GPU': [False], 'ERT_HIP': [False], 'ERT_PRECISION': ['FP64'], 'ERT_OCL': [False], 'ERT_SYCL': [False], 'ERT_WSS_MULT': [1.1]}
 TIMESTAMP_DATA  1707409633.094297
 TIMESTAMP_DATA  1707409653.8621645
 TIMESTAMP_DATA  1707409673.8652897
 TIMESTAMP_DATA  1707409693.853405
 