fp64
        1024            1       58227.915         2048         4096
        1024            2           4.418         4096         8192
        1024            4          14.186         8192        16384
        1024            8           5.830        16384        32768
        1024           16           8.637        32768        65536
        1024           32           6.072        65536       131072
        1024           64           6.662       131072       262144
        1024          128           8.867       262144       524288
        1024          256          13.766       524288      1048576
        1024          512          23.895      1048576      2097152
        1024         1024          42.289      2097152      4194304
        1024         2048          83.346      4194304      8388608
        1024         4096         165.651      8388608     16777216
        1024         8192         336.149     16777216     33554432
        1024        16384         617.556     33554432     67108864
        1024        32768        1252.035     67108864    134217728
        1024        65536        2471.310    134217728    268435456
        1024       131072     1096958.437    268435456    536870912
        1024       262144      148834.214    536870912   1073741824
        1024       524288      165070.839   1073741824   2147483648
        1024      1048576       39749.180   2147483648   4294967296
        2048            1           7.053         4096         8192
        2048            2           4.749         8192        16384
        2048            4           6.712        16384        32768
        2048            8           5.941        32768        65536
        2048           16           4.879        65536       131072
        2048           32           5.410       131072       262144
        2048           64           7.975       262144       524288
        2048          128           9.338       524288      1048576
        2048          256          14.527      1048576      2097152
        2048          512          23.464      2097152      4194304
        2048         1024          42.279      4194304      8388608
        2048         2048          99.396      8388608     16777216
        2048         4096         155.461     16777216     33554432
        2048         8192         337.021     33554432     67108864
        2048        16384         623.187     67108864    134217728
        2048        32768        1621.948    134217728    268435456
        2048        65536        2447.865    268435456    536870912
        2048       131072        4999.916    536870912   1073741824
        2048       262144        9837.358   1073741824   2147483648
        2048       524288       35462.650   2147483648   4294967296
        3072            1          19.136         6144        12288
        3072            2           5.270        12288        24576
        3072            4           6.082        24576        49152
        3072            8           5.020        49152        98304
        3072           16           5.511        98304       196608
        3072           32           6.262       196608       393216
        3072           64           6.923       393216       786432
        3072          128           9.157       786432      1572864
        3072          256          15.950      1572864      3145728
        3072          512          27.050      3145728      6291456
        3072         1024          42.990      6291456     12582912
        3072         2048          80.911     12582912     25165824
        3072         4096         161.753     25165824     50331648
        3072         8192         309.220     50331648    100663296
        3072        16384         625.773    100663296    201326592
        3072        32768        1625.014    201326592    402653184
        3072        65536        2468.905    402653184    805306368
        3072       131072       18058.839    805306368   1610612736
        3072       262144       11723.541   1610612736   3221225472
        4096            1           7.945         8192        16384
        4096            2           6.822        16384        32768
        4096            4          11.111        32768        65536
        4096            8           4.939        65536       131072
        4096           16           6.813       131072       262144
        4096           32           5.501       262144       524288
        4096           64           7.685       524288      1048576
        4096          128           8.967      1048576      2097152
        4096          256         243.145      2097152      4194304
        4096          512          23.133      4194304      8388608
        4096         1024          42.710      8388608     16777216
        4096         2048          85.000     16777216     33554432
        4096         4096         170.649     33554432     67108864
        4096         8192         314.900     67108864    134217728
        4096        16384         618.699    134217728    268435456
        4096        32768        1616.589    268435456    536870912
        4096        65536        2750.372    536870912   1073741824
        4096       131072        4914.847   1073741824   2147483648
        4096       262144       10257.495   2147483648   4294967296
        5120            1          14.878        10240        20480
        5120            2           6.051        20480        40960
        5120            4          10.660        40960        81920
        5120            8           9.147        81920       163840
        5120           16           5.441       163840       327680
        5120           32           6.071       327680       655360
        5120           64           6.653       655360      1310720
        5120          128           9.538      1310720      2621440
        5120          256          13.666      2621440      5242880
        5120          512          23.254      5242880     10485760
        5120         1024          43.131     10485760     20971520
        5120         2048         111.980     20971520     41943040
        5120         4096         221.395     41943040     83886080
        5120         8192         309.130     83886080    167772160
        5120        16384         625.231    167772160    335544320
        5120        32768        1237.669    335544320    671088640
        5120        65536        2861.981    671088640   1342177280
        5120       131072       89968.824   1342177280   2684354560
        5120       262144        9944.378   2684354560   5368709120
        6144            1           7.554        12288        24576
        6144            2         384.560        24576        49152
        6144            4           8.757        49152        98304
        6144            8           5.240        98304       196608
        6144           16           5.891       196608       393216
        6144           32          28.814       393216       786432
        6144           64          33.153       786432      1572864
        6144          128          11.261      1572864      3145728
        6144          256          13.996      3145728      6291456
        6144          512          25.357      6291456     12582912
        6144         1024          42.269     12582912     25165824
        6144         2048          81.122     25165824     50331648
        6144         4096         156.694     50331648    100663296
        6144         8192         314.309    100663296    201326592
        6144        16384         790.932    201326592    402653184
        6144        32768        1228.311    402653184    805306368
        6144        65536        2462.112    805306368   1610612736
        6144       131072        5075.157   1610612736   3221225472
        7168            1           7.263        14336        28672
        7168            2           6.933        28672        57344
        7168            4           4.869        57344       114688
        7168            8           5.460       114688       229376
        7168           16           4.619       229376       458752
        7168           32           7.254       458752       917504
        7168           64           7.464       917504      1835008
        7168          128          13.275      1835008      3670016
        7168          256          17.903      3670016      7340032
        7168          512          31.720      7340032     14680064
        7168         1024          60.644     14680064     29360128
        7168         2048         134.252     29360128     58720256
        7168         4096         229.871     58720256    117440512
        7168         8192         907.480    117440512    234881024
        7168        16384        1150.425    234881024    469762048
        7168        32768        1782.069    469762048    939524096
        7168        65536        3545.481    939524096   1879048192
        7168       131072        7207.501   1879048192   3758096384
        8192            1           4.860        16384        32768
        8192            2           7.113        32768        65536
        8192            4           4.629        65536       131072
        8192            8           7.945       131072       262144
        8192           16           5.420       262144       524288
        8192           32           7.294       524288      1048576
        8192           64           6.633      1048576      2097152
        8192          128           9.448      2097152      4194304
        8192          256          14.006      4194304      8388608
        8192          512          23.644      8388608     16777216
        8192         1024          43.592     16777216     33554432
        8192         2048          98.204     33554432     67108864
        8192         4096         158.456     67108864    134217728
        8192         8192         310.262    134217728    268435456
        8192        16384         642.934    268435456    536870912
        8192        32768        1236.005    536870912   1073741824
        8192        65536        2508.640   1073741824   2147483648
        8192       131072        5050.802   2147483648   4294967296
        9216            1          42.750        18432        36864
        9216            2           7.935        36864        73728
        9216            4           9.298        73728       147456
        9216            8           7.203       147456       294912
        9216           16           5.350       294912       589824
        9216           32           6.402       589824      1179648
        9216           64           8.035      1179648      2359296
        9216          128          11.141      2359296      4718592
        9216          256          18.625      4718592      9437184
        9216          512          31.389      9437184     18874368
        9216         1024         486.511     18874368     37748736
        9216         2048         113.894     37748736     75497472
        9216         4096         229.430     75497472    150994944
        9216         8192         479.499    150994944    301989888
        9216        16384        1351.352    301989888    603979776
        9216        32768        1863.751    603979776   1207959552
        9216        65536        3580.477   1207959552   2415919104
        9216       131072        7348.075   2415919104   4831838208
       10240            1           3.587        20480        40960
       10240            2           9.358        40960        81920
       10240            4           5.831        81920       163840
       10240            8           5.841       163840       327680
       10240           16           5.611       327680       655360
       10240           32           6.322       655360      1310720
       10240           64           8.666      1310720      2621440
       10240          128         184.796      2621440      5242880
       10240          256          19.637      5242880     10485760
       10240          512          61.706     10485760     20971520
       10240         1024          64.891     20971520     41943040
       10240         2048         116.509     41943040     83886080
       10240         4096         221.395     83886080    167772160
       10240         8192         506.359    167772160    335544320
       10240        16384         879.948    335544320    671088640
       10240        32768        1751.451    671088640   1342177280
       10240        65536        3505.507   1342177280   2684354560
       10240       131072        7116.461   2684354560   5368709120
       11264            1          44.514        22528        45056
       11264            2           5.009        45056        90112
       11264            4           7.013        90112       180224
       11264            8           9.067       180224       360448
       11264           16           8.196       360448       720896
       11264           32           6.622       720896      1441792
       11264           64          10.981      1441792      2883584
       11264          128          13.746      2883584      5767168
       11264          256          23.765      5767168     11534336
       11264          512          41.167     11534336     23068672
       11264         1024          78.007     23068672     46137344
       11264         2048         152.235     46137344     92274688
       11264         4096         297.979     92274688    184549376
       11264         8192        1032.143    184549376    369098752
       11264        16384        1213.102    369098752    738197504
       11264        32768        2562.971    738197504   1476395008
       11264        65536        9770.632   1476395008   2952790016
       12288            1          13.976        24576        49152
       12288            2           4.609        49152        98304
       12288            4           5.972        98304       196608
       12288            8           6.322       196608       393216
       12288           16           5.380       393216       786432
       12288           32           7.474       786432      1572864
       12288           64           7.544      1572864      3145728
       12288          128          11.641      3145728      6291456
       12288          256          17.553      6291456     12582912
       12288          512          31.289     12582912     25165824
       12288         1024          58.540     25165824     50331648
       12288         2048         112.351     50331648    100663296
       12288         4096         223.278    100663296    201326592
       12288         8192         447.148    201326592    402653184
       12288        16384         950.611    402653184    805306368
       12288        32768        1747.834    805306368   1610612736
       12288        65536        3744.094   1610612736   3221225472
       13312            1          18.785        26624        53248
       13312            2           5.720        53248       106496
       13312            4           8.205       106496       212992
       13312            8           5.931       212992       425984
       13312           16           7.043       425984       851968
       13312           32           6.392       851968      1703936
       13312           64          10.159      1703936      3407872
       13312          128          14.468      3407872      6815744
       13312          256          22.842      6815744     13631488
       13312          512          41.578     13631488     27262976
       13312         1024          77.655     27262976     54525952
       13312         2048         164.438     54525952    109051904
       13312         4096         300.443    109051904    218103808
       13312         8192         680.645    218103808    436207616
       13312        16384        1189.889    436207616    872415232
       13312        32768        2370.180    872415232   1744830464
       13312        65536        4734.849   1744830464   3489660928
       14336            1          16.851        28672        57344
       14336            2           6.062        57344       114688
       14336            4           5.070       114688       229376
       14336            8           7.083       229376       458752
       14336           16           6.051       458752       917504
       14336           32           7.965       917504      1835008
       14336           64           9.758      1835008      3670016
       14336          128          13.726      3670016      7340032
       14336          256          23.414      7340032     14680064
       14336          512          40.365     14680064     29360128
       14336         1024          77.305     29360128     58720256
       14336         2048         148.909     58720256    117440512
       14336         4096         294.532    117440512    234881024
       14336         8192         962.343    234881024    469762048
       14336        16384        1171.304    469762048    939524096
       14336        32768        2331.378    939524096   1879048192
       14336        65536        4698.542   1879048192   3758096384
       15360            1           4.047        30720        61440
       15360            2           6.051        61440       122880
       15360            4          12.092       122880       245760
       15360            8          38.592       245760       491520
       15360           16           6.462       491520       983040
       15360           32           6.953       983040      1966080
       15360           64          10.309      1966080      3932160
       15360          128          17.483      3932160      7864320
       15360          256          27.261      7864320     15728640
       15360          512          64.381     15728640     31457280
       15360         1024         100.088     31457280     62914560
       15360         2048         187.542     62914560    125829120
       15360         4096         368.270    125829120    251658240
       15360         8192         771.636    251658240    503316480
       15360        16384        1873.299    503316480   1006632960
       15360        32768        2933.255   1006632960   2013265920
       15360        65536        7153.240   2013265920   4026531840
       16384            1           7.203        32768        65536
       16384            2           6.673        65536       131072
       16384            4           4.779       131072       262144
       16384            8           7.935       262144       524288
       16384           16           6.232       524288      1048576
       16384           32           6.773      1048576      2097152
       16384           64           9.298      2097152      4194304
       16384          128          13.255      4194304      8388608
       16384          256          23.053      8388608     16777216
       16384          512          39.984     16777216     33554432
       16384         1024          77.635     33554432     67108864
       16384         2048         149.971     67108864    134217728
       16384         4096         294.611    134217728    268435456
       16384         8192         969.637    268435456    536870912
       16384        16384        1174.700    536870912   1073741824
       16384        32768        2328.221   1073741824   2147483648
       16384        65536       18622.054   2147483648   4294967296
       17408            1          33.983        34816        69632
       17408            2          28.333        69632       139264
       17408            4          13.937       139264       278528
       17408            8           5.149       278528       557056
       17408           16           6.292       557056      1114112
       17408           32           7.704      1114112      2228224
       17408           64          10.220      2228224      4456448
       17408          128          16.531      4456448      8912896
       17408          256          26.960      8912896     17825792
       17408          512          50.885     17825792     35651584
       17408         1024          95.328     35651584     71303168
       17408         2048         276.298     71303168    142606336
       17408         4096         379.541    142606336    285212672
       17408         8192       25766.958    285212672    570425344
       17408        16384        1467.469    570425344   1140850688
       17408        32768        3009.437   1140850688   2281701376
       17408        65536      142885.380   2281701376   4563402752
       18432            1          15.990        36864        73728
       18432            2           7.685        73728       147456
       18432            4           9.678       147456       294912
       18432            8           6.032       294912       589824
       18432           16           7.935       589824      1179648
       18432           32           7.033      1179648      2359296
       18432           64          10.780      2359296      4718592
       18432          128          15.209      4718592      9437184
       18432          256          28.604      9437184     18874368
       18432          512          49.403     18874368     37748736
       18432         1024          95.089     37748736     75497472
       18432         2048         190.257     75497472    150994944
       18432         4096         367.138    150994944    301989888
       18432         8192       39856.622    301989888    603979776
       18432        16384        1585.680    603979776   1207959552
       18432        32768        2906.935   1207959552   2415919104
       18432        65536       29828.156   2415919104   4831838208
       19456            1           7.434        38912        77824
       19456            2           4.588        77824       155648
       19456            4          10.850       155648       311296
       19456            8           7.414       311296       622592
       19456           16           6.472       622592      1245184
       19456           32           9.287      1245184      2490368
       19456           64          11.121      2490368      4980736
       19456          128          20.528      4980736      9961472
       19456          256          31.540      9961472     19922944
       19456          512          59.582     19922944     39845888
       19456         1024         113.973     39845888     79691776
       19456         2048      259506.811     79691776    159383552
       19456         4096         442.910    159383552    318767104
       19456         8192        1028.747    318767104    637534208
       19456        16384        1774.715    637534208   1275068416
       19456        32768        3522.810   1275068416   2550136832
       19456        65536       31062.117   2550136832   5100273664
       20480            1          12.984        40960        81920
       20480            2           5.791        81920       163840
       20480            4           5.600       163840       327680
       20480            8           5.490       327680       655360
       20480           16           6.923       655360      1310720
       20480           32           6.953      1310720      2621440
       20480           64          10.790      2621440      5242880
       20480          128          15.449      5242880     10485760
       20480          256          27.131     10485760     20971520
       20480          512          50.073     20971520     41943040
       20480         1024          94.748     41943040     83886080
       20480         2048         192.531     83886080    167772160
       20480         4096         365.144    167772160    335544320
       20480         8192         733.524    335544320    671088640
       20480        16384        1459.404    671088640   1342177280
       20480        32768        3295.012   1342177280   2684354560
       20480        65536       29813.088   2684354560   5368709120
       22528            1          18.716        45056        90112
       22528            2           5.550        90112       180224
       22528            4           8.697       180224       360448
       22528            8           7.084       360448       720896
       22528           16           6.191       720896      1441792
       22528           32           9.558      1441792      2883584
       22528           64          11.461      2883584      5767168
       22528          128          18.164      5767168     11534336
       22528          256          30.718     11534336     23068672
       22528          512          58.319     23068672     46137344
       22528         1024         127.850     46137344     92274688
       22528         2048         225.012     92274688    184549376
       22528         4096        2143.585    184549376    369098752
       22528         8192         871.372    369098752    738197504
       22528        16384        1757.062    738197504   1476395008
       22528        32768        3502.070   1476395008   2952790016
       24576            1          15.378        49152        98304
       24576            2           5.640        98304       196608
       24576            4           4.950       196608       393216
       24576            8           6.032       393216       786432
       24576           16           6.172       786432      1572864
       24576           32           9.878      1572864      3145728
       24576           64          11.421      3145728      6291456
       24576          128          17.804      6291456     12582912
       24576          256          32.220     12582912     25165824
       24576          512          58.750     25165824     50331648
       24576         1024         113.693     50331648    100663296
       24576         2048         233.036    100663296    201326592
       24576         4096         437.810    201326592    402653184
       24576         8192        1020.662    402653184    805306368
       24576        16384        1796.405    805306368   1610612736
       24576        32768        3511.859   1610612736   3221225472
       26624            1           7.013        53248       106496
       26624            2           5.049       106496       212992
       26624            4          11.842       212992       425984
       26624            8           6.802       425984       851968
       26624           16           6.422       851968      1703936
       26624           32           9.428      1703936      3407872
       26624           64          12.153      3407872      6815744
       26624          128          20.739      6815744     13631488
       26624          256          35.226     13631488     27262976
       26624          512          67.467     27262976     54525952
       26624         1024         130.414     54525952    109051904
       26624         2048         270.436    109051904    218103808
       26624         4096         510.867    218103808    436207616
       26624         8192        1022.315    436207616    872415232
       26624        16384        2043.558    872415232   1744830464
       26624        32768       28104.687   1744830464   3489660928
       28672            1           5.571        57344       114688
       28672            2           6.272       114688       229376
       28672            4           5.781       229376       458752
       28672            8           6.482       458752       917504
       28672           16           6.151       917504      1835008
       28672           32           9.949      1835008      3670016
       28672           64          12.233      3670016      7340032
       28672          128          20.678      7340032     14680064
       28672          256          35.577     14680064     29360128
       28672          512          67.687     29360128     58720256
       28672         1024         130.996     58720256    117440512
       28672         2048         256.921    117440512    234881024
       28672         4096         546.413    234881024    469762048
       28672         8192        1375.447    469762048    939524096
       28672        16384        2050.751    939524096   1879048192
       28672        32768        4069.353   1879048192   3758096384
       30720            1           6.442        61440       122880
       30720            2           5.170       122880       245760
       30720            4          11.261       245760       491520
       30720            8           8.095       491520       983040
       30720           16           7.013       983040      1966080
       30720           32          10.400      1966080      3932160
       30720           64          13.715      3932160      7864320
       30720          128          23.003      7864320     15728640
       30720          256          40.977     15728640     31457280
       30720          512          76.693     31457280     62914560
       30720         1024         149.340     62914560    125829120
       30720         2048         325.149    125829120    251658240
       30720         4096         583.683    251658240    503316480
       30720         8192        1166.796    503316480   1006632960
       30720        16384        2344.121   1006632960   2013265920
       30720        32768        6141.254   2013265920   4026531840
       33792            1           4.839        67584       135168
       33792            2           4.889       135168       270336
       33792            4          10.249       270336       540672
       33792            8           7.524       540672      1081344
       33792           16           6.732      1081344      2162688
       33792           32          12.063      2162688      4325376
       33792           64          14.577      4325376      8650752
       33792          128          26.159      8650752     17301504
       33792          256          44.955     17301504     34603008
       33792          512          86.251     34603008     69206016
       33792         1024         167.614     69206016    138412032
       33792         2048         330.008    138412032    276824064
       33792         4096         668.302    276824064    553648128
       33792         8192        1402.888    553648128   1107296256
       33792        16384        2633.363   1107296256   2214592512
       33792        32768        5318.323   2214592512   4429185024
       36864            1          55.875        73728       147456
       36864            2           5.760       147456       294912
       36864            4           5.450       294912       589824
       36864            8           7.955       589824      1179648
       36864           16           7.554      1179648      2359296
       36864           32          11.752      2359296      4718592
       36864           64          15.379      4718592      9437184
       36864          128          24.797      9437184     18874368
       36864          256      138055.813     18874368     37748736
       36864          512          94.667     37748736     75497472
       36864         1024         171.732     75497472    150994944
       36864         2048         329.076    150994944    301989888
       36864         4096         797.514    301989888    603979776
       36864         8192        1320.764    603979776   1207959552
       36864        16384        2626.240   1207959552   2415919104
       36864        32768        5226.190   2415919104   4831838208
       39936            1          50.485        79872       159744
       39936            2           4.849       159744       319488
       39936            4           8.596       319488       638976
       39936            8           8.857       638976      1277952
       39936           16           7.154      1277952      2555904
       39936           32          12.273      2555904      5111808
       39936           64          16.872      5111808     10223616
       39936          128          29.545     10223616     20447232
       39936          256          53.891     20447232     40894464
       39936          512         103.624     40894464     81788928
       39936         1024         206.788     81788928    163577856
       39936         2048         796.492    163577856    327155712
       39936         4096         811.160    327155712    654311424
       39936         8192      140634.533    654311424   1308622848
       39936        16384        3333.464   1308622848   2617245696
       39936        32768      109428.497   2617245696   5234491392
       43008            1           7.003        86016       172032
       43008            2           5.751       172032       344064
       43008            4           8.526       344064       688128
       43008            8           8.315       688128      1376256
       43008           16           7.594      1376256      2752512
       43008           32          12.303      2752512      5505024
       43008           64          16.450      5505024     11010048
       43008          128          29.495     11010048     22020096
       43008          256          53.480     22020096     44040192
       43008          512         103.433     44040192     88080384
       43008         1024         202.539     88080384    176160768
       43008         2048         801.711    176160768    352321536
       43008         4096         811.870    352321536    704643072
       43008         8192        1599.797    704643072   1409286144
       43008        16384        3206.657   1409286144   2818572288
       47104            1          31.569        94208       188416
       47104            2           5.670       188416       376832
       47104            4          10.931       376832       753664
       47104            8           6.081       753664      1507328
       47104           16           9.377      1507328      3014656
       47104           32          11.020      3014656      6029312
       47104           64          18.836      6029312     12058624
       47104          128          32.411     12058624     24117248
       47104          256          63.309     24117248     48234496
       47104          512         113.402     48234496     96468992
       47104         1024       74420.408     96468992    192937984
       47104         2048         436.769    192937984    385875968
       47104         4096        3635.070    385875968    771751936
       47104         8192        1766.048    771751936   1543503872
       47104        16384        3501.439   1543503872   3087007744
       51200            1          28.904       102400       204800
       51200            2           4.678       204800       409600
       51200            4          10.580       409600       819200
       51200            8           6.432       819200      1638400
       51200           16           8.115      1638400      3276800
       51200           32          12.383      3276800      6553600
       51200           64          18.855      6553600     13107200
       51200          128          35.817     13107200     26214400
       51200          256          62.998     26214400     52428800
       51200          512         122.139     52428800    104857600
       51200         1024         238.928    104857600    209715200
       51200         2048         479.568    209715200    419430400
       51200         4096         959.747    419430400    838860800
       51200         8192        1935.015    838860800   1677721600
       51200        16384        4021.373   1677721600   3355443200
       56320            1        1514.467       112640       225280
       56320            2           8.186       225280       450560
       56320            4          10.320       450560       901120
       56320            8           7.224       901120      1802240
       56320           16           8.375      1802240      3604480
       56320           32          12.493      3604480      7208960
       56320           64          22.112      7208960     14417920
       56320          128          37.821     14417920     28835840
       56320          256          74.099     28835840     57671680
       56320          512        1567.225     57671680    115343360
       56320         1024         275.566    115343360    230686720
       56320         2048         636.563    230686720    461373440
       56320         4096        1106.773    461373440    922746880
       56320         8192        2207.084    922746880   1845493760
       56320        16384        4633.550   1845493760   3690987520
       61440            1          11.070       122880       245760
       61440            2           4.779       245760       491520
       61440            4           8.957       491520       983040
       61440            8           8.115       983040      1966080
       61440           16           8.797      1966080      3932160
       61440           32          13.034      3932160      7864320
       61440           64          21.070      7864320     15728640
       61440          128         357.039     15728640     31457280
       61440          256          71.935     31457280     62914560
       61440          512         141.034     62914560    125829120
       61440         1024         275.115    125829120    251658240
       61440         2048        2207.305    251658240    503316480
       61440         4096        1222.601    503316480   1006632960
       61440         8192        2184.512   1006632960   2013265920
       61440        16384        4448.163   2013265920   4026531840
       67584            1           7.474       135168       270336
       67584            2         398.046       270336       540672
       67584            4          17.633       540672      1081344
       67584            8           9.037      1081344      2162688
       67584           16           9.228      2162688      4325376
       67584           32          14.027      4325376      8650752
       67584           64          23.595      8650752     17301504
       67584          128          42.400     17301504     34603008
       67584          256          81.623     34603008     69206016
       67584          512         157.695     69206016    138412032
       67584         1024         321.833    138412032    276824064
       67584         2048         619.690    276824064    553648128
       67584         4096        1258.598    553648128   1107296256
       67584         8192        2545.769   1107296256   2214592512
       67584        16384        5054.328   2214592512   4429185024
       73728            1           7.645       147456       294912
       73728            2           4.920       294912       589824
       73728            4           9.317       589824      1179648
       73728            8           6.974      1179648      2359296
       73728           16          10.480      2359296      4718592
       73728           32          27.031      4718592      9437184
       73728           64          41.127      9437184     18874368
       73728          128          50.244     18874368     37748736
       73728          256          85.390     37748736     75497472
       73728          512         167.994     75497472    150994944
       73728         1024         342.080    150994944    301989888
       73728         2048         659.986    301989888    603979776
       73728         4096        1527.031    603979776   1207959552
       73728         8192        2736.587   1207959552   2415919104
       73728        16384        6160.680   2415919104   4831838208
       80896            1         405.189       161792       323584
       80896            2           5.350       323584       647168
       80896            4          11.461       647168      1294336
       80896            8           9.037      1294336      2588672
       80896           16          10.329      2588672      5177344
       80896           32          17.112      5177344     10354688
       80896           64          27.982     10354688     20709376
       80896          128          52.018     20709376     41418752
       80896          256          98.033     41418752     82837504
       80896          512         192.931     82837504    165675008
       80896         1024         655.598    165675008    331350016
       80896         2048         771.575    331350016    662700032
       80896         4096        1612.761    662700032   1325400064
       80896         8192        3095.178   1325400064   2650800128
       80896        16384        6217.587   2650800128   5301600256
       88064            1          29.676       176128       352256
       88064            2          11.612       352256       704512
       88064            4          10.931       704512      1409024
       88064            8           7.795      1409024      2818048
       88064           16          12.163      2818048      5636096
       88064           32          16.742      5636096     11272192
       88064           64          34.034     11272192     22544384
       88064          128          83.927     22544384     45088768
       88064          256         107.893     45088768     90177536
       88064          512         206.116     90177536    180355072
       88064         1024         402.594    180355072    360710144
       88064         2048         823.513    360710144    721420288
       88064         4096        1714.352    721420288   1442840576
       88064         8192        3486.952   1442840576   2885681152
       96256            1           8.235       192512       385024
       96256            2           7.575       385024       770048
       96256            4          10.119       770048      1540096
       96256            8           8.245      1540096      3080192
       96256           16          11.652      3080192      6160384
       96256           32          17.583      6160384     12320768
       96256           64          31.499     12320768     24641536
       96256          128          58.210     24641536     49283072
       96256          256         115.667     49283072     98566144
       96256          512         489.447     98566144    197132288
       96256         1024         437.730    197132288    394264576
       96256         2048         883.395    394264576    788529152
       96256         4096        1986.000    788529152   1577058304
       96256         8192        3774.650   1577058304   3154116608
      105472            1          13.295       210944       421888
      105472            2           9.488       421888       843776
      105472            4          12.072       843776      1687552
      105472            8          11.421      1687552      3375104
      105472           16          13.836      3375104      6750208
      105472           32          19.727      6750208     13500416
      105472           64          35.567     13500416     27000832
      105472          128          68.879     27000832     54001664
      105472          256         126.828     54001664    108003328
      105472          512         248.365    108003328    216006656
      105472         1024         500.447    216006656    432013312
      105472         2048         988.862    432013312    864026624
      105472         4096        1978.987    864026624   1728053248
      105472         8192        4182.274   1728053248   3456106496
      115712            1          10.599       231424       462848
      115712            2           6.312       462848       925696
      115712            4          12.313       925696      1851392
      115712            8          10.650      1851392      3702784
      115712           16          12.242      3702784      7405568
      115712           32          20.449      7405568     14811136
      115712           64          36.849     14811136     29622272
      115712          128          69.861     29622272     59244544
      115712          256         336.280     59244544    118489088
      115712          512         265.767    118489088    236978176
      115712         1024         540.142    236978176    473956352
      115712         2048        1415.392    473956352    947912704
      115712         4096        2294.097    947912704   1895825408
      115712         8192        4616.478   1895825408   3791650816
      126976            1           5.811       253952       507904
      126976            2           6.833       507904      1015808
      126976            4          10.900      1015808      2031616
      126976            8           9.608      2031616      4063232
      126976           16          13.385      4063232      8126464
      126976           32          22.342      8126464     16252928
      126976           64          65.763     16252928     32505856
      126976          128          74.660     32505856     65011712
      126976          256         147.175     65011712    130023424
      126976          512         287.479    130023424    260046848
      126976         1024         572.432    260046848    520093696
      126976         2048        1131.510    520093696   1040187392
      126976         4096        2342.218   1040187392   2080374784
      126976         8192        4768.753   2080374784   4160749568
      139264            1          10.700       278528       557056
      139264            2           5.962       557056      1114112
      139264            4           6.822      1114112      2228224
      139264            8           9.447      2228224      4456448
      139264           16          13.936      4456448      8912896
      139264           32          23.825      8912896     17825792
      139264           64          42.479     17825792     35651584
      139264          128          82.264     35651584     71303168
      139264          256        1624.423     71303168    142606336
      139264          512         311.674    142606336    285212672
      139264         1024         776.705    285212672    570425344
      139264         2048        1306.407    570425344   1140850688
      139264         4096        2468.995   1140850688   2281701376
      139264         8192        5099.342   2281701376   4563402752
      152576            1          12.404       305152       610304
      152576            2        1477.598       610304      1220608
      152576            4          15.599      1220608      2441216
      152576            8           9.798      2441216      4882432
      152576           16          15.149      4882432      9764864
      152576           32          29.094      9764864     19529728
      152576           64          46.768     19529728     39059456
      152576          128          90.199     39059456     78118912
      152576          256         175.338     78118912    156237824
      152576          512        1660.160    156237824    312475648
      152576         1024         776.093    312475648    624951296
      152576         2048        1611.919    624951296   1249902592
      152576         4096        2865.428   1249902592   2499805184
      152576         8192        5649.713   2499805184   4999610368
      166912            1           8.787       333824       667648
      166912            2          23.113       667648      1335296
      166912            4          12.063      1335296      2670592
      166912            8          10.589      2670592      5341184
      166912           16          17.072      5341184     10682368
      166912           32          27.642     10682368     21364736
      166912           64          51.025     21364736     42729472
      166912          128          99.686     42729472     85458944
      166912          256         193.593     85458944    170917888
      166912          512         464.109    170917888    341835776
      166912         1024         790.761    341835776    683671552
      166912         2048        1783.320    683671552   1367343104
      166912         4096        3244.778   1367343104   2734686208
      183296            1           7.274       366592       733184
      183296            2           7.644       733184      1466368
      183296            4          13.064      1466368      2932736
      183296            8          11.221      2932736      5865472
      183296           16          17.383      5865472     11730944
      183296           32          32.351     11730944     23461888
      183296           64          55.284     23461888     46923776
      183296          128         108.804     46923776     93847552
      183296          256         228.488     93847552    187695104
      183296          512         422.201    187695104    375390208
      183296         1024         843.130    375390208    750780416
      183296         2048        7655.331    750780416   1501560832
      183296         4096        3508.682   1501560832   3003121664
      200704            1           7.504       401408       802816
      200704            2           7.664       802816      1605632
      200704            4          11.050      1605632      3211264
      200704            8          11.421      3211264      6422528
      200704           16          16.902      6422528     12845056
      200704           32          31.729     12845056     25690112
      200704           64          59.291     25690112     51380224
      200704          128         118.432     51380224    102760448
      200704          256         252.523    102760448    205520896
      200704          512         492.052    205520896    411041792
      200704         1024         896.720    411041792    822083584
      200704         2048        1826.611    822083584   1644167168
      200704         4096        3619.511   1644167168   3288334336
      220160            1         175.479       440320       880640
      220160            2           7.033       880640      1761280
      220160            4          13.315      1761280      3522560
      220160            8          12.113      3522560      7045120
      220160           16          21.451      7045120     14090240
      220160           32          34.796     14090240     28180480
      220160           64          66.084     28180480     56360960
      220160          128         127.629     56360960    112721920
      220160          256         256.651    112721920    225443840
      220160          512         516.728    225443840    450887680
      220160         1024        1012.707    450887680    901775360
      220160         2048        2289.028    901775360   1803550720
      220160         4096        3998.771   1803550720   3607101440
      241664            1          16.100       483328       966656
      241664            2           7.264       966656      1933312
      241664            4          11.211      1933312      3866624
      241664            8          12.684      3866624      7733248
      241664           16          20.098      7733248     15466496
      241664           32          37.770     15466496     30932992
      241664           64          72.526     30932992     61865984
      241664          128         137.427     61865984    123731968
      241664          256         270.076    123731968    247463936
      241664          512         547.997    247463936    494927872
      241664         1024        1091.355    494927872    989855744
      241664         2048        2397.020    989855744   1979711488
      241664         4096        4374.925   1979711488   3959422976
      265216            1         468.348       530432      1060864
      265216            2           9.247      1060864      2121728
      265216            4          13.886      2121728      4243456
      265216            8          15.409      4243456      8486912
      265216           16          24.896      8486912     16973824
      265216           32          47.779     16973824     33947648
      265216           64          78.467     33947648     67895296
      265216          128         151.874     67895296    135790592
      265216          256         307.887    135790592    271581184
      265216          512         604.342    271581184    543162368
      265216         1024        1288.504    543162368   1086324736
      265216         2048        2630.848   1086324736   2172649472
      265216         4096        4815.561   2172649472   4345298944
      290816            1           7.444       581632      1163264
      290816            2           6.182      1163264      2326528
      290816            4           9.839      2326528      4653056
      290816            8          42.991      4653056      9306112
      290816           16          25.248      9306112     18612224
      290816           32          43.461     18612224     37224448
      290816           64          84.839     37224448     74448896
      290816          128         164.107     74448896    148897792
      290816          256         354.475    148897792    297795584
      290816          512         663.233    297795584    595591168
      290816         1024        1330.673    595591168   1191182336
      290816         2048        2856.561   1191182336   2382364672
      290816         4096        5280.211   2382364672   4764729344
      319488            1          41.217       638976      1277952
      319488            2           7.605      1277952      2555904
      319488            4          10.720      2555904      5111808
      319488            8          15.439      5111808     10223616
      319488           16          25.818     10223616     20447232
      319488           32          52.609     20447232     40894464
      319488           64         124.163     40894464     81788928
      319488          128         179.997     81788928    163577856
      319488          256         364.072    163577856    327155712
      319488          512         726.260    327155712    654311424
      319488         1024        1423.987    654311424   1308622848
      319488         2048        2860.719   1308622848   2617245696
      319488         4096        5881.818   2617245696   5234491392
      351232            1          14.146       702464      1404928
      351232            2           9.799      1404928      2809856
      351232            4          15.449      2809856      5619712
      351232            8          17.853      5619712     11239424
      351232           16          28.233     11239424     22478848
      351232           32          58.149     22478848     44957696
      351232           64         453.730     44957696     89915392
      351232          128         202.911     89915392    179830784
      351232          256         406.591    179830784    359661568
      351232          512         790.841    359661568    719323136
      351232         1024        1588.656    719323136   1438646272
      351232         2048        3336.139   1438646272   2877292544
      386048            1          13.304       772096      1544192
      386048            2           8.205      1544192      3088384
      386048            4          15.399      3088384      6176768
      386048            8          18.345      6176768     12353536
      386048           16          30.077     12353536     24707072
      386048           32          57.808     24707072     49414144
      386048           64         110.266     49414144     98828288
      386048          128         218.930     98828288    197656576
      386048          256         449.051    197656576    395313152
      386048          512        1054.094    395313152    790626304
      386048         1024        1741.602    790626304   1581252608
      386048         2048        3700.602   1581252608   3162505216
      423936            1         274.925       847872      1695744
      423936            2           8.166      1695744      3391488
      423936            4          18.274      3391488      6782976
      423936            8          18.735      6782976     13565952
      423936           16          33.733     13565952     27131904
      423936           32          61.615     27131904     54263808
      423936           64         124.654     54263808    108527616
      423936          128         469.891    108527616    217055232
      423936          256         475.721    217055232    434110464
      423936          512         964.467    434110464    868220928
      423936         1024        1898.106    868220928   1736441856
      423936         2048        4054.385   1736441856   3472883712
      465920            1          13.405       931840      1863680
      465920            2          10.159      1863680      3727360
      465920            4          17.774      3727360      7454720
      465920            8          20.378      7454720     14909440
      465920           16          36.999     14909440     29818880
      465920           32          67.687     29818880     59637760
      465920           64         133.991     59637760    119275520
      465920          128         267.021    119275520    238551040
      465920          256         539.691    238551040    477102080
      465920          512        1064.605    477102080    954204160
      465920         1024        2480.968    954204160   1908408320
      465920         2048        4648.819   1908408320   3816816640
      512000            1          30.267      1024000      2048000
      512000            2          10.630      2048000      4096000
      512000            4          14.167      4096000      8192000
      512000            8          22.803      8192000     16384000
      512000           16          38.012     16384000     32768000
      512000           32          73.648     32768000     65536000
      512000           64         144.851     65536000    131072000
      512000          128         289.773    131072000    262144000
      512000          256         581.950    262144000    524288000
      512000          512        1175.341    524288000   1048576000
      512000         1024        2344.292   1048576000   2097152000
      512000         2048        4688.733   2097152000   4194304000
      563200            1          14.778      1126400      2252800
      563200            2           8.085      2252800      4505600
      563200            4          18.715      4505600      9011200
      563200            8          24.306      9011200     18022400
      563200           16          41.768     18022400     36044800
      563200           32          82.615     36044800     72089600
      563200           64         169.427     72089600    144179200
      563200          128         320.781    144179200    288358400
      563200          256         641.472    288358400    576716800
      563200          512        1352.643    576716800   1153433600
      563200         1024        2780.098   1153433600   2306867200
      563200         2048        5135.000   2306867200   4613734400
      619520            1          11.562      1239040      2478080
      619520            2           9.077      2478080      4956160
      619520            4          19.968      4956160      9912320
      619520            8          24.977      9912320     19824640
      619520           16          47.349     19824640     39649280
      619520           32          89.007     39649280     79298560
      619520           64         174.247     79298560    158597120
      619520          128         683.891    158597120    317194240
      619520          256         700.923    317194240    634388480
      619520          512        1393.971    634388480   1268776960
      619520         1024        2920.291   1268776960   2537553920
      619520         2048        5675.712   2537553920   5075107840
      680960            1          13.746      1361920      2723840
      680960            2           9.999      2723840      5447680
      680960            4          19.987      5447680     10895360
      680960            8          26.360     10895360     21790720
      680960           16          49.543     21790720     43581440
      680960           32         128.792     43581440     87162880
      680960           64         194.675     87162880    174325760
      680960          128         377.617    174325760    348651520
      680960          256        1072.189    348651520    697303040
      680960          512        1533.202    697303040   1394606080
      680960         1024        3251.221   1394606080   2789212160
      748544            1          21.240      1497088      2994176
      748544            2        1270.981      2994176      5988352
      748544            4          19.607      5988352     11976704
      748544            8          29.225     11976704     23953408
      748544           16          56.897     23953408     47906816
      748544           32         105.768     47906816     95813632
      748544           64         209.873     95813632    191627264
      748544          128         433.462    191627264    383254528
      748544          256         920.524    383254528    766509056
      748544          512        1707.439    766509056   1533018112
      748544         1024        3549.148   1533018112   3066036224
      823296            1          25.198      1646592      3293184
      823296            2          11.021      3293184      6586368
      823296            4          20.959      6586368     13172736
      823296            8          30.867     13172736     26345472
      823296           16          63.449     26345472     52690944
      823296           32         488.756     52690944    105381888
      823296           64         228.208    105381888    210763776
      823296          128         874.368    210763776    421527552
      823296          256        2190.934    421527552    843055104
      823296          512        1832.663    843055104   1686110208
      823296         1024        3874.898   1686110208   3372220416
      905216            1          30.106      1810432      3620864
      905216            2        4895.540      3620864      7241728
      905216            4          21.130      7241728     14483456
      905216            8         208.901     14483456     28966912
      905216           16          64.361     28966912     57933824
      905216           32         131.036     57933824    115867648
      905216           64         251.331    115867648    231735296
      905216          128         565.079    231735296    463470592
      905216          256        1041.581    463470592    926941184
      905216          512        2074.115    926941184   1853882368
      905216         1024        4221.758   1853882368   3707764736
      995328            1          13.575      1990656      3981312
      995328            2         269.515      3981312      7962624
      995328            4          18.995      7962624     15925248
      995328            8          67.396     15925248     31850496
      995328           16          74.029     31850496     63700992
      995328           32         141.205     63700992    127401984
      995328           64         276.298    127401984    254803968
      995328          128        4841.900    254803968    509607936
      995328          256        1111.533    509607936   1019215872
      995328          512        2227.814   1019215872   2038431744
      995328         1024        4667.884   2038431744   4076863488
     1094656            1          26.940      2189312      4378624
     1094656            2          12.754      4378624      8757248
     1094656            4          28.222      8757248     17514496
     1094656            8          74.219     17514496     35028992
     1094656           16          78.417     35028992     70057984
     1094656           32         151.213     70057984    140115968
     1094656           64         337.052    140115968    280231936
     1094656          128         608.489    280231936    560463872
     1094656          256        1533.763    560463872   1120927744
     1094656          512        2441.294   1120927744   2241855488
     1094656         1024        4869.582   2241855488   4483710976
     1203200            1          27.822      2406400      4812800
     1203200            2          12.443      4812800      9625600
     1203200            4          29.986      9625600     19251200
     1203200            8          45.365     19251200     38502400
     1203200           16          85.490     38502400     77004800
     1203200           32         166.983     77004800    154009600
     1203200           64         363.772    154009600    308019200
     1203200          128        1127.241    308019200    616038400
     1203200          256        1615.867    616038400   1232076800
     1203200          512        2971.777   1232076800   2464153600
     1203200         1024        5612.013   2464153600   4928307200
     1323008            1          22.712      2646016      5292032
     1323008            2          12.143      5292032     10584064
     1323008            4          29.455     10584064     21168128
     1323008            8          49.923     21168128     42336256
     1323008           16         120.375     42336256     84672512
     1323008           32         185.919     84672512    169345024
     1323008           64         365.625    169345024    338690048
     1323008          128         743.002    338690048    677380096
     1323008          256        1546.397    677380096   1354760192
     1323008          512        3290.414   1354760192   2709520384
     1323008         1024        6086.261   2709520384   5419040768
     1455104            1          21.049      2910208      5820416
     1455104            2          12.743      5820416     11640832
     1455104            4          31.639     11640832     23281664
     1455104            8          51.216     23281664     46563328
     1455104           16         167.814     46563328     93126656
     1455104           32         231.664     93126656    186253312
     1455104           64         405.138    186253312    372506624
     1455104          128         811.350    372506624    745013248
     1455104          256        1869.793    745013248   1490026496
     1455104          512        3527.298   1490026496   2980052992
     1600512            1          24.325      3201024      6402048
     1600512            2          14.216      6402048     12804096
     1600512            4          31.960     12804096     25608192
     1600512            8          55.975     25608192     51216384
     1600512           16         115.867     51216384    102432768
     1600512           32         222.176    102432768    204865536
     1600512           64         442.369    204865536    409731072
     1600512          128         891.850    409731072    819462144
     1600512          256        1821.412    819462144   1638924288
     1600512          512        4127.501   1638924288   3277848576
     1760256            1          19.156      3520512      7041024
     1760256            2          15.860      7041024     14082048
     1760256            4          36.047     14082048     28164096
     1760256            8          62.598     28164096     56328192
     1760256           16         120.706     56328192    112656384
     1760256           32         244.959    112656384    225312768
     1760256           64         510.998    225312768    450625536
     1760256          128        1256.043    450625536    901251072
     1760256          256        1950.955    901251072   1802502144
     1760256          512        3928.489   1802502144   3605004288
     1935360            1          29.415      3870720      7741440
     1935360            2          15.770      7741440     15482880
     1935360            4          54.903     15482880     30965760
     1935360            8          69.380     30965760     61931520
     1935360           16         132.408     61931520    123863040
     1935360           32         271.259    123863040    247726080
     1935360           64         539.540    247726080    495452160
     1935360          128        1127.742    495452160    990904320
     1935360          256        2149.948    990904320   1981808640
     1935360          512        4613.001   1981808640   3963617280
     2128896            1          27.211      4257792      8515584
     2128896            2          18.265      8515584     17031168
     2128896            4          41.938     17031168     34062336
     2128896            8          72.726     34062336     68124672
     2128896           16         146.214     68124672    136249344
     2128896           32         311.363    136249344    272498688
     2128896           64         590.787    272498688    544997376
     2128896          128        1215.978    544997376   1089994752
     2128896          256        2406.337   1089994752   2179989504
     2128896          512        5033.960   2179989504   4359979008
     2340864            1          23.564      4681728      9363456
     2340864            2          18.404      9363456     18726912
     2340864            4          44.423     18726912     37453824
     2340864            8          79.609     37453824     74907648
     2340864           16         194.103     74907648    149815296
     2340864           32         333.474    149815296    299630592
     2340864           64        1113.406    299630592    599261184
     2340864          128        1475.114    599261184   1198522368
     2340864          256        2593.178   1198522368   2397044736
     2340864          512        5214.017   2397044736   4794089472
     2574336            1          22.291      5148672     10297344
     2574336            2          19.807     10297344     20594688
     2574336            4          49.313     20594688     41189376
     2574336            8          90.499     41189376     82378752
     2574336           16         176.771     82378752    164757504
     2574336           32         391.434    164757504    329515008
     2574336           64         732.803    329515008    659030016
     2574336          128        1734.810    659030016   1318060032
     2574336          256        5600.942   1318060032   2636120064
     2574336          512        5925.721   2636120064   5272240128
     2831360            1          27.221      5662720     11325440
     2831360            2          25.217     11325440     22650880
     2831360            4          51.406     22650880     45301760
     2831360            8          93.956     45301760     90603520
     2831360           16         608.029     90603520    181207040
     2831360           32         386.875    181207040    362414080
     2831360           64         880.640    362414080    724828160
     2831360          128        1857.469    724828160   1449656320
     2831360          256        3135.383   1449656320   2899312640
     3113984            1          29.355      6227968     12455936
     3113984            2          25.208     12455936     24911872
     3113984            4          55.654     24911872     49823744
     3113984            8         103.664     49823744     99647488
     3113984           16         215.444     99647488    199294976
     3113984           32         478.046    199294976    398589952
     3113984           64         933.438    398589952    797179904
     3113984          128        1920.869    797179904   1594359808
     3113984          256        4616.288   1594359808   3188719616
     3425280            1         254.456      6850560     13701120
     3425280            2          25.809     13701120     27402240
     3425280            4          57.368     27402240     54804480
     3425280            8         118.122     54804480    109608960
     3425280           16         231.293    109608960    219217920
     3425280           32         477.365    219217920    438435840
     3425280           64        1017.275    438435840    876871680
     3425280          128        2777.022    876871680   1753743360
     3425280          256        3821.909   1753743360   3507486720
     3767296            1        1154.382      7534592     15069184
     3767296            2          28.584     15069184     30138368
     3767296            4          64.671     30138368     60276736
     3767296            8         129.462     60276736    120553472
     3767296           16         369.202    120553472    241106944
     3767296           32         517.239    241106944    482213888
     3767296           64        1081.205    482213888    964427776
     3767296          128        2326.728    964427776   1928855552
     3767296          256        4290.307   1928855552   3857711104
     4143104            1          36.990      8286208     16572416
     4143104            2          29.766     16572416     33144832
     4143104            4         360.656     33144832     66289664
     4143104            8         167.634     66289664    132579328
     4143104           16         283.962    132579328    265158656
     4143104           32         981.389    265158656    530317312
     4143104           64        2552.571    530317312   1060634624
     4143104          128        2309.336   1060634624   2121269248
     4143104          256        4722.106   2121269248   4242538496
     4556800            1          40.786      9113600     18227200
     4556800            2          33.723     18227200     36454400
     4556800            4          74.580     36454400     72908800
     4556800            8         149.430     72908800    145817600
     4556800           16         525.996    145817600    291635200
     4556800           32         638.676    291635200    583270400
     4556800           64        1481.255    583270400   1166540800
     4556800          128        2542.843   1166540800   2333081600
     4556800          256        5166.628   2333081600   4666163200
     5012480            1          45.926     10024960     20049920
     5012480            2          34.775     20049920     40099840
     5012480            4          84.007     40099840     80199680
     5012480            8         221.695     80199680    160399360
     5012480           16         335.509    160399360    320798720
     5012480           32         700.983    320798720    641597440
     5012480           64        1381.939    641597440   1283194880
     5012480          128        2997.305   1283194880   2566389760
     5012480          256        5758.257   2566389760   5132779520
     5513216            1          54.342     11026432     22052864
     5513216            2          37.500     22052864     44105728
     5513216            4          89.187     44105728     88211456
     5513216            8         229.801     88211456    176422912
     5513216           16         370.995    176422912    352845824
     5513216           32         758.791    352845824    705691648
     5513216           64        1520.187    705691648   1411383296
     5513216          128        3052.468   1411383296   2822766592
     6064128            1          54.342     12128256     24256512
     6064128            2          42.840     24256512     48513024
     6064128            4          98.595     48513024     97026048
     6064128            8         199.865     97026048    194052096
     6064128           16         423.994    194052096    388104192
     6064128           32        1459.494    388104192    776208384
     6064128           64        1934.064    776208384   1552416768
     6064128          128        3599.152   1552416768   3104833536
     6670336            1          61.445     13340672     26681344
     6670336            2          44.473     26681344     53362688
     6670336            4         110.467     53362688    106725376
     6670336            8         237.455    106725376    213450752
     6670336           16         447.549    213450752    426901504
     6670336           32         958.656    426901504    853803008
     6670336           64        2059.718    853803008   1707606016
     6670336          128        3921.957   1707606016   3415212032
     7336960            1          64.761     14673920     29347840
     7336960            2          49.082     29347840     58695680
     7336960            4         116.959     58695680    117391360
     7336960            8         239.458    117391360    234782720
     7336960           16         501.058    234782720    469565440
     7336960           32        1016.404    469565440    939130880
     7336960           64        2320.507    939130880   1878261760
     7336960          128        4048.023   1878261760   3756523520
     8070144            1          81.362     16140288     32280576
     8070144            2          52.839     32280576     64561152
     8070144            4         128.280     64561152    129122304
     8070144            8         259.927    129122304    258244608
     8070144           16         771.085    258244608    516489216
     8070144           32        1115.220    516489216   1032978432
     8070144           64        2445.130   1032978432   2065956864
     8070144          128        5094.093   2065956864   4131913728
     8877056            1          85.771     17754112     35508224
     8877056            2          62.257     35508224     71016448
     8877056            4         395.471     71016448    142032896
     8877056            8         285.785    142032896    284065792
     8877056           16         604.492    284065792    568131584
     8877056           32        1212.061    568131584   1136263168
     8877056           64        2674.250   1136263168   2272526336
     8877056          128        5107.167   2272526336   4545052672
     9763840            1          86.532     19527680     39055360
     9763840            2          62.978     39055360     78110720
     9763840            4         401.983     78110720    156221440
     9763840            8         315.280    156221440    312442880
     9763840           16         659.887    312442880    624885760
     9763840           32        1562.968    624885760   1249771520
     9763840           64        2921.162   1249771520   2499543040
     9763840          128        5589.000   2499543040   4999086080
    10739712            1         106.670     21479424     42958848
    10739712            2          72.406     42958848     85917696
    10739712            4         160.732     85917696    171835392
    10739712            8         345.417    171835392    343670784
    10739712           16         729.626    343670784    687341568
    10739712           32        1712.187    687341568   1374683136
    10739712           64        3179.146   1374683136   2749366272
    11812864            1         109.435     23625728     47251456
    11812864            2          85.400     47251456     94502912
    11812864            4         175.940     94502912    189005824
    11812864            8         383.158    189005824    378011648
    11812864           16        1060.847    378011648    756023296
    11812864           32        1618.151    756023296   1512046592
    11812864           64        3509.274   1512046592   3024093184
    12993536            1         144.370     25987072     51974144
    12993536            2          82.094     51974144    103948288
    12993536            4         199.343    103948288    207896576
    12993536            8         433.432    207896576    415793152
    12993536           16        1112.233    415793152    831586304
    12993536           32        2005.787    831586304   1663172608
    12993536           64        3849.411   1663172608   3326345216
    14291968            1         121.828     28583936     57167872
    14291968            2          91.853     57167872    114335744
    14291968            4         301.825    114335744    228671488
    14291968            8         461.224    228671488    457342976
    14291968           16        1257.556    457342976    914685952
    14291968           32        2287.475    914685952   1829371904
    14291968           64        4165.343   1829371904   3658743808
    15720448            1         133.289     31440896     62881792
    15720448            2         121.939     62881792    125763584
    15720448            4         233.257    125763584    251527168
    15720448            8         507.901    251527168    503054336
    15720448           16        1058.433    503054336   1006108672
    15720448           32        3314.509   1006108672   2012217344
    15720448           64        4550.574   2012217344   4024434688
    17292288            1         129.873     34584576     69169152
    17292288            2         107.872     69169152    138338304
    17292288            4         266.960    138338304    276676608
    17292288            8         588.833    276676608    553353216
    17292288           16        1225.586    553353216   1106706432
    17292288           32        2509.852   1106706432   2213412864
    17292288           64        5830.822   2213412864   4426825728
    19020800            1         208.942     38041600     76083200
    19020800            2         118.121     76083200    152166400
    19020800            4         286.937    152166400    304332800
    19020800            8         614.421    304332800    608665600
    19020800           16        1276.912    608665600   1217331200
    19020800           32        3485.138   1217331200   2434662400
    19020800           64        6769.611   2434662400   4869324800
    20922368            1         165.891     41844736     83689472
    20922368            2         131.005     83689472    167378944
    20922368            4         323.616    167378944    334757888
    20922368            8         669.764    334757888    669515776
    20922368           16        1457.421    669515776   1339031552
    20922368           32        3849.241   1339031552   2678063104
    20922368           64       11860.778   2678063104   5356126208
    23014400            1         475.952     46028800     92057600
    23014400            2         142.817     92057600    184115200
    23014400            4         369.292    184115200    368230400
    23014400            8         741.008    368230400    736460800
    23014400           16        1591.571    736460800   1472921600
    23014400           32        3139.972   1472921600   2945843200
    25315328            1         222.396     50630656    101261312
    25315328            2         161.011    101261312    202522624
    25315328            4         378.870    202522624    405045248
    25315328            8        1041.430    405045248    810090496
    25315328           16        1902.283    810090496   1620180992
    25315328           32        3736.128   1620180992   3240361984
    27846656            1         207.068     55693312    111386624
    27846656            2         528.741    111386624    222773248
    27846656            4         414.036    222773248    445546496
    27846656            8         905.947    445546496    891092992
    27846656           16        2099.263    891092992   1782185984
    27846656           32        3945.631   1782185984   3564371968
    30630912            1         229.871     61261824    122523648
    30630912            2         189.505    122523648    245047296
    30630912            4         456.355    245047296    490094592
    30630912            8        1020.392    490094592    980189184
    30630912           16        2046.022    980189184   1960378368
    30630912           32        4401.546   1960378368   3920756736
    33693696            1         248.024     67387392    134774784
    33693696            2         491.761    134774784    269549568
    33693696            4         498.063    269549568    539099136
    33693696            8        1322.057    539099136   1078198272
    33693696           16        2366.152   1078198272   2156396544
    33693696           32        4699.784   2156396544   4312793088
    37062656            1         380.492     74125312    148250624
    37062656            2         230.412    148250624    296501248
    37062656            4         554.529    296501248    593002496
    37062656            8        1214.545    593002496   1186004992
    37062656           16        2577.979   1186004992   2372009984
    37062656           32        5164.194   2372009984   4744019968
    40768512            1         318.617     81537024    163074048
    40768512            2         453.379    163074048    326148096
    40768512            4         864.991    326148096    652296192
    40768512            8        1541.297    652296192   1304592384
    40768512           16        2794.315   1304592384   2609184768
    40768512           32        6226.895   2609184768   5218369536
    44845056            1         802.944     89690112    179380224
    44845056            2         291.106    179380224    358760448
    44845056            4         665.777    358760448    717520896
    44845056            8        1676.972    717520896   1435041792
    44845056           16        2997.545   1435041792   2870083584
    49329152            1         346.209     98658304    197316608
    49329152            2         320.501    197316608    394633216
    49329152            4         727.132    394633216    789266432
    49329152            8        1599.266    789266432   1578532864
    49329152           16        3411.320   1578532864   3157065728
    54261760            1         381.344    108523520    217047040
    54261760            2         329.056    217047040    434094080
    54261760            4         811.360    434094080    868188160
    54261760            8        2053.286    868188160   1736376320
    54261760           16        4137.240   1736376320   3472752640
    59687936            1         501.530    119375872    238751744
    59687936            2         362.820    238751744    477503488
    59687936            4        1199.036    477503488    955006976
    59687936            8        1925.787    955006976   1910013952
    59687936           16        4209.064   1910013952   3820027904
    65655808            1         458.549    131311616    262623232
    65655808            2         400.310    262623232    525246464
    65655808            4        1313.851    525246464   1050492928
    65655808            8        2370.641   1050492928   2100985856
    65655808           16        4637.417   2100985856   4201971712
    72220672            1         501.590    144441344    288882688
    72220672            2         450.594    288882688    577765376
    72220672            4        1065.947    577765376   1155530752
    72220672            8        2367.275   1155530752   2311061504
    72220672           16        5127.385   2311061504   4622123008
    79441920            1         548.127    158883840    317767680
    79441920            2         509.233    317767680    635535360
    79441920            4        1175.532    635535360   1271070720
    79441920            8        2626.199   1271070720   2542141440
    79441920           16        5516.904   2542141440   5084282880
    87386112            1         608.239    174772224    349544448
    87386112            2         765.454    349544448    699088896
    87386112            4        1438.976    699088896   1398177792
    87386112            8        3051.256   1398177792   2796355584
    96123904            1         659.115    192247808    384495616
    96123904            2         693.138    384495616    768991232
    96123904            4        1711.126    768991232   1537982464
    96123904            8        3447.358   1537982464   3075964928
   105736192            1        1013.448    211472384    422944768
   105736192            2         641.582    422944768    845889536
   105736192            4        2091.779    845889536   1691779072
   105736192            8        3621.564   1691779072   3383558144
   116308992            1         818.644    232617984    465235968
   116308992            2         731.911    465235968    930471936
   116308992            4        1707.629    930471936   1860943872
   116308992            8        4004.661   1860943872   3721887744
   127939584            1        1272.283    255879168    511758336
   127939584            2         788.587    511758336   1023516672
   127939584            4        2001.189   1023516672   2047033344
   127939584            8        4440.358   2047033344   4094066688
   140733440            1         983.883    281466880    562933760
   140733440            2         864.689    562933760   1125867520
   140733440            4        2070.318   1125867520   2251735040
   140733440            8        4773.592   2251735040   4503470080
   154806272            1        1310.796    309612544    619225088
   154806272            2         937.126    619225088   1238450176
   154806272            4        2303.124   1238450176   2476900352
   154806272            8        5017.900   2476900352   4953800704
   170286080            1        1221.509    340572160    681144320
   170286080            2        1144.935    681144320   1362288640
   170286080            4        2626.139   1362288640   2724577280
   187314176            1        1432.073    374628352    749256704
   187314176            2        1232.108    749256704   1498513408
   187314176            4        3011.751   1498513408   2997026816
   206045184            1        1579.278    412090368    824180736
   206045184            2        1250.692    824180736   1648361472
   206045184            4        3373.269   1648361472   3296722944
   226649088            1        2021.908    453298176    906596352
   226649088            2        1655.151    906596352   1813192704
   226649088            4        3452.287   1813192704   3626385408
   249313280            1        1748.265    498626560    997253120
   249313280            2        1520.568    997253120   1994506240
   249313280            4        3662.010   1994506240   3989012480
   274244608            1        2173.501    548489216   1096978432
   274244608            2        1648.669   1096978432   2193956864
   274244608            4        4028.316   2193956864   4387913728
   301668352            1        2117.697    603336704   1206673408
   301668352            2        1827.212   1206673408   2413346816
   301668352            4        4701.216   2413346816   4826693632
   331834368            1        2664.691    663668736   1327337472
   331834368            2        6185.096   1327337472   2654674944
   331834368            4        4936.747   2654674944   5309349888
   365017088            1        2859.948    730034176   1460068352
   365017088            2        2207.044   1460068352   2920136704
   401518592            1        3124.022    803037184   1606074368
   401518592            2        2748.148   1606074368   3212148736
   441669632            1        3418.002    883339264   1766678528
   441669632            2        2962.910   1766678528   3533357056
   485835776            1        3512.500    971671552   1943343104
   485835776            2        3031.288   1943343104   3886686208
   534418432            1        3836.837   1068836864   2137673728
   534418432            2        3574.846   2137673728   4275347456
   587859968            1        4113.095   1175719936   2351439872
   587859968            2        4266.512   2351439872   4702879744
   646645760            1        4788.540   1293291520   2586583040
   646645760            2        5850.389   2586583040   5173166080
   711310336            1        5276.745   1422620672   2845241344
   782440448            1        5821.976   1564880896   3129761792
   860684288            1        6064.971   1721368576   3442737152
   946752512            1        6746.969   1893505024   3787010048
  1041427456            1        7446.409   2082854912   4165709824
  1145569280            1        8068.625   2291138560   4582277120
  1260126208            1        9016.791   2520252416   5040504832

META_DATA
FLOPS          32
MPI_PROCS      128
ERT_VERSION  1.1.0
HOSTNAME  ('tcn299.local.snellius.surf.nl', [], ['172.18.57.53'])
UNAME  uname_result(system='Linux', node='tcn299.local.snellius.surf.nl', release='4.18.0-372.80.1.el8_6.x86_64', version='#1 SMP Fri Nov 3 14:30:16 EDT 2023', machine='x86_64', processor='x86_64')
TIMESTAMP_DATA  1707398261.4063783
CONFIG  {'ERT_RESULTS': ['Results.snellius.01'], 'ERT_DRIVER': ['driver1'], 'ERT_KERNEL': ['kernel1'], 'ERT_MPI': ['True'], 'ERT_MPI_CFLAGS': [], 'ERT_MPI_LDFLAGS': [], 'ERT_OPENMP': ['False'], 'ERT_OPENMP_CFLAGS': ['-fopenmp'], 'ERT_OPENMP_LDFLAGS': ['-fopenmp'], 'ERT_FLOPS': ['1,2,4,8,16,32'], 'ERT_ALIGN': ['32'], 'ERT_CC': ['mpic++'], 'ERT_CFLAGS': ['-Ofast', '-fargument-noalias', '-mavx2'], 'ERT_LD': ['mpic++'], 'ERT_LDFLAGS': [], 'ERT_LDLIBS': [], 'ERT_RUN': ['export', 'OMP_NUM_THREADS=ERT_OPENMP_THREADS;', 'mpirun', '-np', 'ERT_MPI_PROCS', 'ERT_CODE'], 'ERT_PROCS_THREADS': ['32,64,128'], 'ERT_MPI_PROCS': ['32,64,128'], 'ERT_OPENMP_THREADS': [], 'ERT_NUM_EXPERIMENTS': ['5'], 'ERT_MEMORY_MAX': ['1357905920'], 'ERT_WORKING_SET_MIN': ['1'], 'ERT_TRIALS_MIN': ['1'], 'ERT_GNUPLOT': ['gnuplot'], 'ERT_GPU': [False], 'ERT_HIP': [False], 'ERT_PRECISION': ['FP64'], 'ERT_OCL': [False], 'ERT_SYCL': [False], 'ERT_WSS_MULT': [1.1]}
