fp64
        1024            1        2329.314         2048         4096
        1024            2           4.378         4096         8192
        1024            4          22.763         8192        16384
        1024            8           4.699        16384        32768
        1024           16          10.240        32768        65536
        1024           32           7.755        65536       131072
        1024           64           6.722       131072       262144
        1024          128           8.956       262144       524288
        1024          256          13.986       524288      1048576
        1024          512          24.486      1048576      2097152
        1024         1024          42.430      2097152      4194304
        1024         2048          80.511      4194304      8388608
        1024         4096         161.513      8388608     16777216
        1024         8192         314.950     16777216     33554432
        1024        16384         721.471     33554432     67108864
        1024        32768        1259.740     67108864    134217728
        1024        65536        2913.588    134217728    268435456
        1024       131072        4944.762    268435456    536870912
        1024       262144       10535.125    536870912   1073741824
        1024       524288       20252.247   1073741824   2147483648
        1024      1048576       39799.033   2147483648   4294967296
        2048            1           6.452         4096         8192
        2048            2           4.839         8192        16384
        2048            4           5.901        16384        32768
        2048            8           5.089        32768        65536
        2048           16           5.670        65536       131072
        2048           32           5.500       131072       262144
        2048           64          20.048       262144       524288
        2048          128           8.706       524288      1048576
        2048          256          13.795      1048576      2097152
        2048          512          22.642      2097152      4194304
        2048         1024          61.815      4194304      8388608
        2048         2048          83.105      8388608     16777216
        2048         4096         160.591     16777216     33554432
        2048         8192         322.874     33554432     67108864
        2048        16384         612.587     67108864    134217728
        2048        32768        1264.259    134217728    268435456
        2048        65536        2766.884    268435456    536870912
        2048       131072        5449.328    536870912   1073741824
        2048       262144        9841.736   1073741824   2147483648
        2048       524288       19513.373   2147483648   4294967296
        3072            1          10.711         6144        12288
        3072            2           4.729        12288        24576
        3072            4           5.661        24576        49152
        3072            8           4.779        49152        98304
        3072           16           5.841        98304       196608
        3072           32           5.650       196608       393216
        3072           64           6.913       393216       786432
        3072          128           9.949       786432      1572864
        3072          256          57.278      1572864      3145728
        3072          512          24.956      3145728      6291456
        3072         1024          42.430      6291456     12582912
        3072         2048          81.462     12582912     25165824
        3072         4096         190.026     25165824     50331648
        3072         8192         402.023     50331648    100663296
        3072        16384         619.590    100663296    201326592
        3072        32768        1619.153    201326592    402653184
        3072        65536        2521.493    402653184    805306368
        3072       131072        4919.906    805306368   1610612736
        3072       262144       10523.763   1610612736   3221225472
        4096            1           4.989         8192        16384
        4096            2           3.768        16384        32768
        4096            4           6.252        32768        65536
        4096            8           5.219        65536       131072
        4096           16           5.761       131072       262144
        4096           32           6.192       262144       524288
        4096           64           6.933       524288      1048576
        4096          128           9.387      1048576      2097152
        4096          256          15.229      2097152      4194304
        4096          512          45.976      4194304      8388608
        4096         1024          42.650      8388608     16777216
        4096         2048          80.871     16777216     33554432
        4096         4096         155.982     33554432     67108864
        4096         8192         312.094     67108864    134217728
        4096        16384         711.573    134217728    268435456
        4096        32768        1227.931    268435456    536870912
        4096        65536        2802.590    536870912   1073741824
        4096       131072        4910.177   1073741824   2147483648
        4096       262144       10379.503   2147483648   4294967296
        5120            1           4.458        10240        20480
        5120            2           5.330        20480        40960
        5120            4           7.203        40960        81920
        5120            8           6.813        81920       163840
        5120           16           5.090       163840       327680
        5120           32           6.281       327680       655360
        5120           64           7.194       655360      1310720
        5120          128           9.447      1310720      2621440
        5120          256          27.081      2621440      5242880
        5120          512          23.434      5242880     10485760
        5120         1024          43.391     10485760     20971520
        5120         2048          80.671     20971520     41943040
        5120         4096         158.887     41943040     83886080
        5120         8192         325.560     83886080    167772160
        5120        16384         650.659    167772160    335544320
        5120        32768        1315.765    335544320    671088640
        5120        65536        2528.898    671088640   1342177280
        5120       131072        5068.024   1342177280   2684354560
        5120       262144       10435.609   2684354560   5368709120
        6144            1           4.038        12288        24576
        6144            2           5.420        24576        49152
        6144            4           6.723        49152        98304
        6144            8           5.580        98304       196608
        6144           16           5.771       196608       393216
        6144           32           6.071       393216       786432
        6144           64           6.482       786432      1572864
        6144          128          10.460      1572864      3145728
        6144          256          13.916      3145728      6291456
        6144          512          24.927      6291456     12582912
        6144         1024          46.537     12582912     25165824
        6144         2048          81.162     25165824     50331648
        6144         4096         173.706     50331648    100663296
        6144         8192         314.679    100663296    201326592
        6144        16384         638.786    201326592    402653184
        6144        32768        1227.089    402653184    805306368
        6144        65536        2592.396    805306368   1610612736
        6144       131072        4912.322   1610612736   3221225472
        7168            1          11.783        14336        28672
        7168            2           5.821        28672        57344
        7168            4           5.029        57344       114688
        7168            8           5.771       114688       229376
        7168           16           5.400       229376       458752
        7168           32           6.983       458752       917504
        7168           64           8.096       917504      1835008
        7168          128          13.305      1835008      3670016
        7168          256          18.094      3670016      7340032
        7168          512          32.802      7340032     14680064
        7168         1024          60.092     14680064     29360128
        7168         2048         114.234     29360128     58720256
        7168         4096         258.835     58720256    117440512
        7168         8192         476.733    117440512    234881024
        7168        16384        1214.435    234881024    469762048
        7168        32768        1775.796    469762048    939524096
        7168        65536        3601.877    939524096   1879048192
        7168       131072        7185.119   1879048192   3758096384
        8192            1           6.402        16384        32768
        8192            2           5.711        32768        65536
        8192            4           4.448        65536       131072
        8192            8           6.993       131072       262144
        8192           16           4.949       262144       524288
        8192           32           7.885       524288      1048576
        8192           64           6.842      1048576      2097152
        8192          128           9.467      2097152      4194304
        8192          256          14.126      4194304      8388608
        8192          512          23.544      8388608     16777216
        8192         1024          42.800     16777216     33554432
        8192         2048          80.511     33554432     67108864
        8192         4096         163.797     67108864    134217728
        8192         8192         312.736    134217728    268435456
        8192        16384         620.232    268435456    536870912
        8192        32768        1239.662    536870912   1073741824
        8192        65536        2463.945   1073741824   2147483648
        8192       131072        5086.718   2147483648   4294967296
        9216            1           5.450        18432        36864
        9216            2           6.072        36864        73728
        9216            4           6.702        73728       147456
        9216            8           7.564       147456       294912
        9216           16           4.989       294912       589824
        9216           32           7.034       589824      1179648
        9216           64           8.446      1179648      2359296
        9216          128          11.321      2359296      4718592
        9216          256          17.993      4718592      9437184
        9216          512          32.260      9437184     18874368
        9216         1024          60.283     18874368     37748736
        9216         2048         113.963     37748736     75497472
        9216         4096         225.763     75497472    150994944
        9216         8192         458.690    150994944    301989888
        9216        16384         891.781    301989888    603979776
        9216        32768        2389.166    603979776   1207959552
        9216        65536        3646.601   1207959552   2415919104
        9216       131072        7862.378   2415919104   4831838208
       10240            1           3.918        20480        40960
       10240            2           8.236        40960        81920
       10240            4           4.909        81920       163840
       10240            8           5.710       163840       327680
       10240           16           7.053       327680       655360
       10240           32           6.051       655360      1310720
       10240           64           8.747      1310720      2621440
       10240          128          11.402      2621440      5242880
       10240          256          18.665      5242880     10485760
       10240          512          31.139     10485760     20971520
       10240         1024          59.442     20971520     41943040
       10240         2048         131.706     41943040     83886080
       10240         4096         226.244     83886080    167772160
       10240         8192         437.239    167772160    335544320
       10240        16384         880.830    335544320    671088640
       10240        32768        1753.345    671088640   1342177280
       10240        65536        3727.903   1342177280   2684354560
       10240       131072        7525.878   2684354560   5368709120
       11264            1          28.664        22528        45056
       11264            2           6.162        45056        90112
       11264            4           7.153        90112       180224
       11264            8           5.190       180224       360448
       11264           16           6.432       360448       720896
       11264           32           6.622       720896      1441792
       11264           64          10.079      1441792      2883584
       11264          128          13.295      2883584      5767168
       11264          256          23.684      5767168     11534336
       11264          512          41.448     11534336     23068672
       11264         1024          78.027     23068672     46137344
       11264         2048         152.095     46137344     92274688
       11264         4096         297.828     92274688    184549376
       11264         8192         603.451    184549376    369098752
       11264        16384        1197.924    369098752    738197504
       11264        32768        2997.515    738197504   1476395008
       11264        65536        5350.062   1476395008   2952790016
       12288            1          21.170        24576        49152
       12288            2           5.130        49152        98304
       12288            4           5.280        98304       196608
       12288            8           5.410       196608       393216
       12288           16           5.801       393216       786432
       12288           32           7.344       786432      1572864
       12288           64           7.554      1572864      3145728
       12288          128          13.435      3145728      6291456
       12288          256          35.025      6291456     12582912
       12288          512          34.785     12582912     25165824
       12288         1024          59.441     25165824     50331648
       12288         2048         112.732     50331648    100663296
       12288         4096         225.763    100663296    201326592
       12288         8192         438.000    201326592    402653184
       12288        16384         884.878    402653184    805306368
       12288        32768        1780.966    805306368   1610612736
       12288        65536        3756.908   1610612736   3221225472
       13312            1           5.420        26624        53248
       13312            2           5.420        53248       106496
       13312            4           7.234       106496       212992
       13312            8           5.340       212992       425984
       13312           16           7.524       425984       851968
       13312           32           6.723       851968      1703936
       13312           64          10.330      1703936      3407872
       13312          128          13.365      3407872      6815744
       13312          256          23.995      6815744     13631488
       13312          512          41.597     13631488     27262976
       13312         1024         107.742     27262976     54525952
       13312         2048         152.175     54525952    109051904
       13312         4096         300.523    109051904    218103808
       13312         8192         600.676    218103808    436207616
       13312        16384        1188.276    436207616    872415232
       13312        32768        2482.410    872415232   1744830464
       13312        65536        4858.952   1744830464   3489660928
       14336            1          25.628        28672        57344
       14336            2           5.721        57344       114688
       14336            4           6.723       114688       229376
       14336            8           7.674       229376       458752
       14336           16           6.222       458752       917504
       14336           32           8.166       917504      1835008
       14336           64           8.647      1835008      3670016
       14336          128          16.832      3670016      7340032
       14336          256          28.293      7340032     14680064
       14336          512          46.847     14680064     29360128
       14336         1024          82.434     29360128     58720256
       14336         2048         148.999     58720256    117440512
       14336         4096         623.688    117440512    234881024
       14336         8192         588.503    234881024    469762048
       14336        16384        1177.406    469762048    939524096
       14336        32768        2398.073    939524096   1879048192
       14336        65536        4655.151   1879048192   3758096384
       15360            1          15.579        30720        61440
       15360            2           4.779        61440       122880
       15360            4           7.624       122880       245760
       15360            8           5.189       245760       491520
       15360           16           8.757       491520       983040
       15360           32           7.043       983040      1966080
       15360           64          22.221      1966080      3932160
       15360          128          15.549      3932160      7864320
       15360          256          26.820      7864320     15728640
       15360          512          53.841     15728640     31457280
       15360         1024          94.908     31457280     62914560
       15360         2048         191.790     62914560    125829120
       15360         4096         367.639    125829120    251658240
       15360         8192         743.032    251658240    503316480
       15360        16384        1850.687    503316480   1006632960
       15360        32768        2930.309   1006632960   2013265920
       15360        65536        6474.168   2013265920   4026531840
       16384            1           8.426        32768        65536
       16384            2           6.793        65536       131072
       16384            4           6.422       131072       262144
       16384            8           9.357       262144       524288
       16384           16           5.991       524288      1048576
       16384           32           6.953      1048576      2097152
       16384           64           9.257      2097152      4194304
       16384          128          13.615      4194304      8388608
       16384          256          21.982      8388608     16777216
       16384          512          40.296     16777216     33554432
       16384         1024          77.565     33554432     67108864
       16384         2048         149.159     67108864    134217728
       16384         4096         379.280    134217728    268435456
       16384         8192         586.569    268435456    536870912
       16384        16384        1176.173    536870912   1073741824
       16384        32768        2639.244   1073741824   2147483648
       16384        65536        4650.472   2147483648   4294967296
       17408            1          10.008        34816        69632
       17408            2           5.219        69632       139264
       17408            4           8.586       139264       278528
       17408            8           5.370       278528       557056
       17408           16           5.991       557056      1114112
       17408           32           7.584      1114112      2228224
       17408           64           9.999      2228224      4456448
       17408          128          17.833      4456448      8912896
       17408          256          27.060      8912896     17825792
       17408          512          51.376     17825792     35651584
       17408         1024          95.028     35651584     71303168
       17408         2048         230.622     71303168    142606336
       17408         4096         372.668    142606336    285212672
       17408         8192         746.718    285212672    570425344
       17408        16384        1469.242    570425344   1140850688
       17408        32768        3249.968   1140850688   2281701376
       17408        65536        5858.444   2281701376   4563402752
       18432            1           4.970        36864        73728
       18432            2           7.103        73728       147456
       18432            4           7.424       147456       294912
       18432            8           5.701       294912       589824
       18432           16           7.373       589824      1179648
       18432           32           6.974      1179648      2359296
       18432           64          11.121      2359296      4718592
       18432          128          15.358      4718592      9437184
       18432          256          28.844      9437184     18874368
       18432          512          49.443     18874368     37748736
       18432         1024          94.837     37748736     75497472
       18432         2048         185.206     75497472    150994944
       18432         4096         401.793    150994944    301989888
       18432         8192         730.048    301989888    603979776
       18432        16384        1470.474    603979776   1207959552
       18432        32768        3193.091   1207959552   2415919104
       18432        65536        5916.263   2415919104   4831838208
       19456            1          10.800        38912        77824
       19456            2           4.579        77824       155648
       19456            4           7.114       155648       311296
       19456            8           5.590       311296       622592
       19456           16           6.342       622592      1245184
       19456           32           9.118      1245184      2490368
       19456           64          11.161      2490368      4980736
       19456          128          20.729      4980736      9961472
       19456          256          32.040      9961472     19922944
       19456          512          59.331     19922944     39845888
       19456         1024         113.713     39845888     79691776
       19456         2048         254.066     79691776    159383552
       19456         4096         448.280    159383552    318767104
       19456         8192         969.206    318767104    637534208
       19456        16384        1760.438    637534208   1275068416
       19456        32768        3777.917   1275068416   2550136832
       19456        65536        7248.689   2550136832   5100273664
       20480            1           5.700        40960        81920
       20480            2           5.290        81920       163840
       20480            4           8.236       163840       327680
       20480            8           5.350       327680       655360
       20480           16           6.933       655360      1310720
       20480           32           7.524      1310720      2621440
       20480           64          12.003      2621440      5242880
       20480          128          15.008      5242880     10485760
       20480          256          27.010     10485760     20971520
       20480          512          49.483     20971520     41943040
       20480         1024          99.726     41943040     83886080
       20480         2048         219.140     83886080    167772160
       20480         4096         379.391    167772160    335544320
       20480         8192         727.924    335544320    671088640
       20480        16384        1465.085    671088640   1342177280
       20480        32768        3201.366   1342177280   2684354560
       20480        65536        5809.202   2684354560   5368709120
       22528            1           4.108        45056        90112
       22528            2           6.101        90112       180224
       22528            4           7.153       180224       360448
       22528            8           6.803       360448       720896
       22528           16           6.232       720896      1441792
       22528           32           9.367      1441792      2883584
       22528           64          22.061      2883584      5767168
       22528          128          18.254      5767168     11534336
       22528          256          32.101     11534336     23068672
       22528          512          58.670     23068672     46137344
       22528         1024         112.741     46137344     92274688
       22528         2048         251.280     92274688    184549376
       22528         4096         442.108    184549376    369098752
       22528         8192         880.990    369098752    738197504
       22528        16384        1750.559    738197504   1476395008
       22528        32768        3765.774   1476395008   2952790016
       24576            1          12.433        49152        98304
       24576            2           4.799        98304       196608
       24576            4           5.330       196608       393216
       24576            8           7.173       393216       786432
       24576           16           6.181       786432      1572864
       24576           32           8.976      1572864      3145728
       24576           64          11.051      3145728      6291456
       24576          128          17.943      6291456     12582912
       24576          256          31.689     12582912     25165824
       24576          512          58.379     25165824     50331648
       24576         1024         113.192     50331648    100663296
       24576         2048         221.154    100663296    201326592
       24576         4096         447.608    201326592    402653184
       24576         8192         900.357    402653184    805306368
       24576        16384        1748.926    805306368   1610612736
       24576        32768        3555.210   1610612736   3221225472
       26624            1          25.878        53248       106496
       26624            2           5.180       106496       212992
       26624            4           6.673       212992       425984
       26624            8           7.073       425984       851968
       26624           16           6.543       851968      1703936
       26624           32           9.818      1703936      3407872
       26624           64          13.295      3407872      6815744
       26624          128          22.882      6815744     13631488
       26624          256          36.479     13631488     27262976
       26624          512          68.078     27262976     54525952
       26624         1024         131.346     54525952    109051904
       26624         2048         271.869    109051904    218103808
       26624         4096         509.975    218103808    436207616
       26624         8192        1031.453    436207616    872415232
       26624        16384        2349.351    872415232   1744830464
       26624        32768        4678.063   1744830464   3489660928
       28672            1           6.362        57344       114688
       28672            2           4.980       114688       229376
       28672            4           5.972       229376       458752
       28672            8           7.074       458752       917504
       28672           16           6.552       917504      1835008
       28672           32           9.427      1835008      3670016
       28672           64          11.822      3670016      7340032
       28672          128          19.787      7340032     14680064
       28672          256          39.003     14680064     29360128
       28672          512          75.091     29360128     58720256
       28672         1024         192.451     58720256    117440512
       28672         2048         256.321    117440512    234881024
       28672         4096         514.634    234881024    469762048
       28672         8192        1035.400    469762048    939524096
       28672        16384        2598.407    939524096   1879048192
       28672        32768        4640.694   1879048192   3758096384
       30720            1          17.583        61440       122880
       30720            2           4.989       122880       245760
       30720            4           7.675       245760       491520
       30720            8           8.776       491520       983040
       30720           16           6.742       983040      1966080
       30720           32          11.421      1966080      3932160
       30720           64          18.304      3932160      7864320
       30720          128         629.249      7864320     15728640
       30720          256          40.235     15728640     31457280
       30720          512          77.775     31457280     62914560
       30720         1024         153.608     62914560    125829120
       30720         2048         304.130    125829120    251658240
       30720         4096         585.186    251658240    503316480
       30720         8192        1641.305    503316480   1006632960
       30720        16384        2916.233   1006632960   2013265920
       30720        32768        5130.671   2013265920   4026531840
       33792            1           8.115        67584       135168
       33792            2           5.811       135168       270336
       33792            4         566.001       270336       540672
       33792            8          13.786       540672      1081344
       33792           16           6.632      1081344      2162688
       33792           32          10.940      2162688      4325376
       33792           64          14.197      4325376      8650752
       33792          128          25.317      8650752     17301504
       33792          256          45.745     17301504     34603008
       33792          512          85.901     34603008     69206016
       33792         1024         173.606     69206016    138412032
       33792         2048         330.289    138412032    276824064
       33792         4096         671.007    276824064    553648128
       33792         8192        1800.683    553648128   1107296256
       33792        16384        3209.192   1107296256   2214592512
       33792        32768        5370.420   2214592512   4429185024
       36864            1          23.213        73728       147456
       36864            2           5.520       147456       294912
       36864            4           6.002       294912       589824
       36864            8           7.324       589824      1179648
       36864           16           6.301      1179648      2359296
       36864           32          10.650      2359296      4718592
       36864           64          13.866      4718592      9437184
       36864          128          25.598      9437184     18874368
       36864          256          45.205     18874368     37748736
       36864          512          90.559     37748736     75497472
       36864         1024         660.457     75497472    150994944
       36864         2048         333.104    150994944    301989888
       36864         4096        1211.971    301989888    603979776
       36864         8192        1308.431    603979776   1207959552
       36864        16384        3187.681   1207959552   2415919104
       36864        32768        5697.202   2415919104   4831838208
       39936            1           9.849        79872       159744
       39936            2           5.140       159744       319488
       39936            4           8.506       319488       638976
       39936            8           9.628       638976      1277952
       39936           16           7.213      1277952      2555904
       39936           32          12.313      2555904      5111808
       39936           64          16.311      5111808     10223616
       39936          128          29.054     10223616     20447232
       39936          256          53.680     20447232     40894464
       39936          512         103.955     40894464     81788928
       39936         1024         206.126     81788928    163577856
       39936         2048         407.964    163577856    327155712
       39936         4096        1298.693    327155712    654311424
       39936         8192        1605.888    654311424   1308622848
       39936        16384        3719.878   1308622848   2617245696
       39936        32768        6889.916   2617245696   5234491392
       43008            1         106.029        86016       172032
       43008            2           5.551       172032       344064
       43008            4           7.374       344064       688128
       43008            8           8.616       688128      1376256
       43008           16           7.464      1376256      2752512
       43008           32          11.832      2752512      5505024
       43008           64          16.691      5505024     11010048
       43008          128          29.956     11010048     22020096
       43008          256          56.977     22020096     44040192
       43008          512         103.434     44040192     88080384
       43008         1024         293.309     88080384    176160768
       43008         2048         400.881    176160768    352321536
       43008         4096        1281.060    352321536    704643072
       43008         8192        2048.938    704643072   1409286144
       43008        16384        3763.039   1409286144   2818572288
       47104            1          17.794        94208       188416
       47104            2           5.040       188416       376832
       47104            4           7.073       376832       753664
       47104            8           6.232       753664      1507328
       47104           16           9.748      1507328      3014656
       47104           32          11.321      3014656      6029312
       47104           64          19.226      6029312     12058624
       47104          128          30.828     12058624     24117248
       47104          256          58.159     24117248     48234496
       47104          512         118.482     48234496     96468992
       47104         1024         230.081     96468992    192937984
       47104         2048         438.241    192937984    385875968
       47104         4096         878.486    385875968    771751936
       47104         8192        2222.123    771751936   1543503872
       47104        16384        3981.999   1543503872   3087007744
       51200            1          38.071       102400       204800
       51200            2           4.709       204800       409600
       51200            4           8.035       409600       819200
       51200            8          16.722       819200      1638400
       51200           16           8.176      1638400      3276800
       51200           32          13.585      3276800      6553600
       51200           64          18.925      6553600     13107200
       51200          128          35.556     13107200     26214400
       51200          256          63.399     26214400     52428800
       51200          512         122.148     52428800    104857600
       51200         1024         243.677    104857600    209715200
       51200         2048         482.955    209715200    419430400
       51200         4096        1447.642    419430400    838860800
       51200         8192        2198.629    838860800   1677721600
       51200        16384        4350.961   1677721600   3355443200
       56320            1          39.704       112640       225280
       56320            2           7.334       225280       450560
       56320            4           8.095       450560       901120
       56320            8           7.193       901120      1802240
       56320           16           8.956      1802240      3604480
       56320           32          12.674      3604480      7208960
       56320           64          48.692      7208960     14417920
       56320          128          38.172     14417920     28835840
       56320          256          73.278     28835840     57671680
       56320          512         142.827     57671680    115343360
       56320         1024         274.795    115343360    230686720
       56320         2048         556.893    230686720    461373440
       56320         4096        1095.522    461373440    922746880
       56320         8192        2201.013    922746880   1845493760
       56320        16384        4665.018   1845493760   3690987520
       61440            1          30.076       122880       245760
       61440            2           5.150       245760       491520
       61440            4           8.606       491520       983040
       61440            8           6.813       983040      1966080
       61440           16           9.157      1966080      3932160
       61440           32          12.924      3932160      7864320
       61440           64          21.120      7864320     15728640
       61440          128          38.392     15728640     31457280
       61440          256          72.245     31457280     62914560
       61440          512         143.439     62914560    125829120
       61440         1024         294.742    125829120    251658240
       61440         2048         546.995    251658240    503316480
       61440         4096        1609.535    503316480   1006632960
       61440         8192        2189.601   1006632960   2013265920
       61440        16384        4357.373   2013265920   4026531840
       67584            1           8.475       135168       270336
       67584            2           5.851       270336       540672
       67584            4           7.955       540672      1081344
       67584            8          10.970      1081344      2162688
       67584           16           9.338      2162688      4325376
       67584           32          14.237      4325376      8650752
       67584           64          24.195      8650752     17301504
       67584          128          42.690     17301504     34603008
       67584          256          81.582     34603008     69206016
       67584          512         171.542     69206016    138412032
       67584         1024         314.950    138412032    276824064
       67584         2048         629.309    276824064    553648128
       67584         4096        1714.772    553648128   1107296256
       67584         8192        2768.255   1107296256   2214592512
       67584        16384        5439.169   2214592512   4429185024
       73728            1          32.931       147456       294912
       73728            2           5.300       294912       589824
       73728            4           8.927       589824      1179648
       73728            8           7.313      1179648      2359296
       73728           16          11.322      2359296      4718592
       73728           32          14.477      4718592      9437184
       73728           64          24.356      9437184     18874368
       73728          128          44.924     18874368     37748736
       73728          256          85.380     37748736     75497472
       73728          512         167.273     75497472    150994944
       73728         1024         345.016    150994944    301989888
       73728         2048         656.600    301989888    603979776
       73728         4096        1324.331    603979776   1207959552
       73728         8192        2760.471   1207959552   2415919104
       73728        16384        9465.831   2415919104   4831838208
       80896            1           7.715       161792       323584
       80896            2           5.089       323584       647168
       80896            4           7.905       647168      1294336
       80896            8          10.049      1294336      2588672
       80896           16          10.199      2588672      5177344
       80896           32          17.372      5177344     10354688
       80896           64          28.083     10354688     20709376
       80896          128          51.837     20709376     41418752
       80896          256          99.106     41418752     82837504
       80896          512         193.012     82837504    165675008
       80896         1024         400.570    165675008    331350016
       80896         2048         766.035    331350016    662700032
       80896         4096        1850.066    662700032   1325400064
       80896         8192        3158.176   1325400064   2650800128
       80896        16384        6158.647   2650800128   5301600256
       88064            1          22.131       176128       352256
       88064            2           5.039       352256       704512
       88064            4           7.144       704512      1409024
       88064            8           7.665      1409024      2818048
       88064           16          11.782      2818048      5636096
       88064           32          16.351      5636096     11272192
       88064           64          84.579     11272192     22544384
       88064          128          53.721     22544384     45088768
       88064          256         110.938     45088768     90177536
       88064          512         204.232     90177536    180355072
       88064         1024         401.301    180355072    360710144
       88064         2048         848.639    360710144    721420288
       88064         4096        2033.770    721420288   1442840576
       88064         8192        3200.125   1442840576   2885681152
       96256            1          12.694       192512       385024
       96256            2           8.556       385024       770048
       96256            4           7.935       770048      1540096
       96256            8           8.075      1540096      3080192
       96256           16          11.722      3080192      6160384
       96256           32          17.473      6160384     12320768
       96256           64          31.920     12320768     24641536
       96256          128          58.259     24641536     49283072
       96256          256         114.605     49283072     98566144
       96256          512         220.733     98566144    197132288
       96256         1024         452.628    197132288    394264576
       96256         2048         879.127    394264576    788529152
       96256         4096        1781.387    788529152   1577058304
       96256         8192        3520.505   1577058304   3154116608
      105472            1          19.446       210944       421888
      105472            2           7.604       421888       843776
      105472            4           8.516       843776      1687552
      105472            8           9.548      1687552      3375104
      105472           16          12.664      3375104      6750208
      105472           32          19.366      6750208     13500416
      105472           64          33.973     13500416     27000832
      105472          128          64.932     27000832     54001664
      105472          256         127.790     54001664    108003328
      105472          512         247.834    108003328    216006656
      105472         1024         542.196    216006656    432013312
      105472         2048        1288.053    432013312    864026624
      105472         4096        1968.517    864026624   1728053248
      105472         8192        4001.937   1728053248   3456106496
      115712            1          10.079       231424       462848
      115712            2           6.021       462848       925696
      115712            4           9.648       925696      1851392
      115712            8          10.570      1851392      3702784
      115712           16          12.092      3702784      7405568
      115712           32          42.529      7405568     14811136
      115712           64          40.456     14811136     29622272
      115712          128          79.439     29622272     59244544
      115712          256         135.915     59244544    118489088
      115712          512         270.066    118489088    236978176
      115712         1024         583.222    236978176    473956352
      115712         2048        1066.628    473956352    947912704
      115712         4096        2708.494    947912704   1895825408
      115712         8192        4754.496   1895825408   3791650816
      126976            1          20.839       253952       507904
      126976            2           5.430       507904      1015808
      126976            4           6.753      1015808      2031616
      126976            8           9.979      2031616      4063232
      126976           16          12.523      4063232      8126464
      126976           32          22.352      8126464     16252928
      126976           64          38.612     16252928     32505856
      126976          128          75.120     32505856     65011712
      126976          256         147.927     65011712    130023424
      126976          512         286.978    130023424    260046848
      126976         1024         593.502    260046848    520093696
      126976         2048        1131.840    520093696   1040187392
      126976         4096        2258.621   1040187392   2080374784
      126976         8192        4559.551   2080374784   4160749568
      139264            1          15.499       278528       557056
      139264            2           5.019       557056      1114112
      139264            4           6.733      1114112      2228224
      139264            8           9.608      2228224      4456448
      139264           16          13.546      4456448      8912896
      139264           32          24.667      8912896     17825792
      139264           64          67.897     17825792     35651584
      139264          128          84.117     35651584     71303168
      139264          256         161.633     71303168    142606336
      139264          512         314.739    142606336    285212672
      139264         1024        1054.185    285212672    570425344
      139264         2048        1247.376    570425344   1140850688
      139264         4096        2502.247   1140850688   2281701376
      139264         8192        5262.207   2281701376   4563402752
      152576            1           8.786       305152       610304
      152576            2           5.381       610304      1220608
      152576            4          10.640      1220608      2441216
      152576            8           9.919      2441216      4882432
      152576           16          15.399      4882432      9764864
      152576           32          25.137      9764864     19529728
      152576           64          75.191     19529728     39059456
      152576          128          97.082     39059456     78118912
      152576          256         175.209     78118912    156237824
      152576          512         355.766    156237824    312475648
      152576         1024         693.338    312475648    624951296
      152576         2048        1405.052    624951296   1249902592
      152576         4096        3070.421   1249902592   2499805184
      152576         8192        5517.896   2499805184   4999610368
      166912            1           7.083       333824       667648
      166912            2           5.540       667648      1335296
      166912            4          10.710      1335296      2670592
      166912            8          13.144      2670592      5341184
      166912           16          18.675      5341184     10682368
      166912           32          28.404     10682368     21364736
      166912           64          51.116     21364736     42729472
      166912          128          98.324     42729472     85458944
      166912          256         193.182     85458944    170917888
      166912          512         420.047    170917888    341835776
      166912         1024         764.131    341835776    683671552
      166912         2048        1533.863    683671552   1367343104
      166912         4096        3399.368   1367343104   2734686208
      183296            1           8.556       366592       733184
      183296            2           5.971       733184      1466368
      183296            4           9.407      1466368      2932736
      183296            8          10.920      2932736      5865472
      183296           16          16.981      5865472     11730944
      183296           32          30.888     11730944     23461888
      183296           64          56.366     23461888     46923776
      183296          128         109.596     46923776     93847552
      183296          256         222.837     93847552    187695104
      183296          512         422.681    187695104    375390208
      183296         1024         842.107    375390208    750780416
      183296         2048        1678.324    750780416   1501560832
      183296         4096        3350.006   1501560832   3003121664
      200704            1          13.415       401408       802816
      200704            2           7.344       802816      1605632
      200704            4          19.196      1605632      3211264
      200704            8          11.351      3211264      6422528
      200704           16          18.114      6422528     12845056
      200704           32          31.369     12845056     25690112
      200704           64          58.650     25690112     51380224
      200704          128         114.184     51380224    102760448
      200704          256         230.461    102760448    205520896
      200704          512         448.570    205520896    411041792
      200704         1024         904.334    411041792    822083584
      200704         2048        1899.208    822083584   1644167168
      200704         4096        3808.564   1644167168   3288334336
      220160            1           7.424       440320       880640
      220160            2           6.332       880640      1761280
      220160            4          11.952      1761280      3522560
      220160            8          11.912      3522560      7045120
      220160           16          21.039      7045120     14090240
      220160           32          34.585     14090240     28180480
      220160           64          66.765     28180480     56360960
      220160          128         133.179     56360960    112721920
      220160          256         256.781    112721920    225443840
      220160          512         507.080    225443840    450887680
      220160         1024        1003.479    450887680    901775360
      220160         2048        2002.622    901775360   1803550720
      220160         4096        4014.250   1803550720   3607101440
      241664            1          11.772       483328       966656
      241664            2           6.122       966656      1933312
      241664            4          10.881      1933312      3866624
      241664            8          13.014      3866624      7733248
      241664           16          20.308      7733248     15466496
      241664           32          38.061     15466496     30932992
      241664           64          70.242     30932992     61865984
      241664          128         138.089     61865984    123731968
      241664          256         289.152    123731968    247463936
      241664          512         539.370    247463936    494927872
      241664         1024        1076.917    494927872    989855744
      241664         2048        2450.901    989855744   1979711488
      241664         4096        4294.435   1979711488   3959422976
      265216            1          11.392       530432      1060864
      265216            2           7.724      1060864      2121728
      265216            4          10.630      2121728      4243456
      265216            8          14.948      4243456      8486912
      265216           16          22.542      8486912     16973824
      265216           32          40.917     16973824     33947648
      265216           64          77.866     33947648     67895296
      265216          128         152.886     67895296    135790592
      265216          256         305.963    135790592    271581184
      265216          512         604.092    271581184    543162368
      265216         1024        1202.353    543162368   1086324736
      265216         2048        2402.130   1086324736   2172649472
      265216         4096        7221.298   2172649472   4345298944
      290816            1          13.174       581632      1163264
      290816            2           6.332      1163264      2326528
      290816            4           9.157      2326528      4653056
      290816            8          14.317      4653056      9306112
      290816           16          24.847      9306112     18612224
      290816           32          44.744     18612224     37224448
      290816           64          86.091     37224448     74448896
      290816          128         189.445     74448896    148897792
      290816          256         328.796    148897792    297795584
      290816          512         656.961    297795584    595591168
      290816         1024        1304.343    595591168   1191182336
      290816         2048        2654.764   1191182336   2382364672
      290816         4096        5305.899   2382364672   4764729344
      319488            1          22.432       638976      1277952
      319488            2           6.492      1277952      2555904
      319488            4          12.223      2555904      5111808
      319488            8          15.880      5111808     10223616
      319488           16          26.059     10223616     20447232
      319488           32          47.609     20447232     40894464
      319488           64         109.906     40894464     81788928
      319488          128         209.382     81788928    163577856
      319488          256         358.332    163577856    327155712
      319488          512         718.315    327155712    654311424
      319488         1024        1424.168    654311424   1308622848
      319488         2048        2856.210   1308622848   2617245696
      319488         4096        5743.560   2617245696   5234491392
      351232            1           7.434       702464      1404928
      351232            2           7.764      1404928      2809856
      351232            4          12.423      2809856      5619712
      351232            8          18.414      5619712     11239424
      351232           16          28.203     11239424     22478848
      351232           32          52.539     22478848     44957696
      351232           64         120.596     44957696     89915392
      351232          128         230.522     89915392    179830784
      351232          256         400.540    179830784    359661568
      351232          512         796.171    359661568    719323136
      351232         1024        1665.731    719323136   1438646272
      351232         2048        3157.494   1438646272   2877292544
      386048            1          19.086       772096      1544192
      386048            2           6.812      1544192      3088384
      386048            4          12.504      3088384      6176768
      386048            8          18.234      6176768     12353536
      386048           16          30.387     12353536     24707072
      386048           32          94.366     24707072     49414144
      386048           64         110.006     49414144     98828288
      386048          128         218.529     98828288    197656576
      386048          256         435.345    197656576    395313152
      386048          512         872.034    395313152    790626304
      386048         1024        1802.185    790626304   1581252608
      386048         2048        3717.554   1581252608   3162505216
      423936            1           5.811       847872      1695744
      423936            2           6.963      1695744      3391488
      423936            4          14.407      3391488      6782976
      423936            8          18.434      6782976     13565952
      423936           16          33.934     13565952     27131904
      423936           32          62.006     27131904     54263808
      423936           64         121.177     54263808    108527616
      423936          128         259.325    108527616    217055232
      423936          256         473.086    217055232    434110464
      423936          512         989.784    434110464    868220928
      423936         1024        1972.164    868220928   1736441856
      423936         2048        3784.159   1736441856   3472883712
      465920            1          12.854       931840      1863680
      465920            2           8.096      1863680      3727360
      465920            4          13.265      3727360      7454720
      465920            8          20.499      7454720     14909440
      465920           16          42.049     14909440     29818880
      465920           32          67.527     29818880     59637760
      465920           64         133.770     59637760    119275520
      465920          128         261.370    119275520    238551040
      465920          256         529.512    238551040    477102080
      465920          512        1046.440    477102080    954204160
      465920         1024        2385.849    954204160   1908408320
      465920         2048        4166.705   1908408320   3816816640
      512000            1          10.580      1024000      2048000
      512000            2           9.378      2048000      4096000
      512000            4          13.305      4096000      8192000
      512000            8          22.752      8192000     16384000
      512000           16          38.091     16384000     32768000
      512000           32          73.608     32768000     65536000
      512000           64         145.273     65536000    131072000
      512000          128         289.161    131072000    262144000
      512000          256         592.059    262144000    524288000
      512000          512        1221.558    524288000   1048576000
      512000         1024        2275.402   1048576000   2097152000
      512000         2048        4631.897   2097152000   4194304000
      563200            1          15.760      1126400      2252800
      563200            2           7.604      2252800      4505600
      563200            4          15.850      4505600      9011200
      563200            8          24.486      9011200     18022400
      563200           16          42.219     18022400     36044800
      563200           32          81.052     36044800     72089600
      563200           64         158.367     72089600    144179200
      563200          128         335.028    144179200    288358400
      563200          256         632.064    288358400    576716800
      563200          512        1259.099    576716800   1153433600
      563200         1024        2535.970   1153433600   2306867200
      563200         2048        5067.092   2306867200   4613734400
      619520            1          31.399      1239040      2478080
      619520            2           8.275      2478080      4956160
      619520            4          33.513      4956160      9912320
      619520            8          24.235      9912320     19824640
      619520           16          47.489     19824640     39649280
      619520           32         117.730     39649280     79298560
      619520           64         173.645     79298560    158597120
      619520          128         348.513    158597120    317194240
      619520          256        1018.919    317194240    634388480
      619520          512        1441.340    634388480   1268776960
      619520         1024        2768.135   1268776960   2537553920
      619520         2048        6003.596   2537553920   5075107840
      680960            1          13.255      1361920      2723840
      680960            2          25.879      2723840      5447680
      680960            4          16.932      5447680     10895360
      680960            8          32.671     10895360     21790720
      680960           16          54.232     21790720     43581440
      680960           32         101.230     43581440     87162880
      680960           64         191.830     87162880    174325760
      680960          128         478.266    174325760    348651520
      680960          256        1085.083    348651520    697303040
      680960          512        1566.394    697303040   1394606080
      680960         1024        3029.075   1394606080   2789212160
      748544            1          15.549      1497088      2994176
      748544            2           8.706      2994176      5988352
      748544            4          18.956      5988352     11976704
      748544            8          28.243     11976704     23953408
      748544           16          55.995     23953408     47906816
      748544           32         105.618     47906816     95813632
      748544           64         234.920     95813632    191627264
      748544          128         415.839    191627264    383254528
      748544          256         842.608    383254528    766509056
      748544          512        1670.700    766509056   1533018112
      748544         1024        3713.356   1533018112   3066036224
      823296            1          10.109      1646592      3293184
      823296            2           9.147      3293184      6586368
      823296            4          18.304      6586368     13172736
      823296            8          31.149     13172736     26345472
      823296           16          59.562     26345472     52690944
      823296           32         115.627     52690944    105381888
      823296           64         233.417    105381888    210763776
      823296          128         466.945    210763776    421527552
      823296          256         999.763    421527552    843055104
      823296          512        1866.466    843055104   1686110208
      823296         1024        3713.797   1686110208   3372220416
      905216            1          13.986      1810432      3620864
      905216            2          10.530      3620864      7241728
      905216            4          18.124      7241728     14483456
      905216            8          34.374     14483456     28966912
      905216           16          64.802     28966912     57933824
      905216           32         127.559     57933824    115867648
      905216           64         274.083    115867648    231735296
      905216          128         505.377    231735296    463470592
      905216          256        1008.208    463470592    926941184
      905216          512        2013.913    926941184   1853882368
      905216         1024        4294.124   1853882368   3707764736
      995328            1          13.064      1990656      3981312
      995328            2          11.642      3981312      7962624
      995328            4          18.995      7962624     15925248
      995328            8          39.975     15925248     31850496
      995328           16          69.711     31850496     63700992
      995328           32         139.031     63700992    127401984
      995328           64         279.754    127401984    254803968
      995328          128         566.511    254803968    509607936
      995328          256        1112.764    509607936   1019215872
      995328          512        2208.978   1019215872   2038431744
      995328         1024        4529.304   2038431744   4076863488
     1094656            1          19.327      2189312      4378624
     1094656            2          12.053      4378624      8757248
     1094656            4          23.244      8757248     17514496
     1094656            8          40.516     17514496     35028992
     1094656           16          77.866     35028992     70057984
     1094656           32         194.003     70057984    140115968
     1094656           64         303.789    140115968    280231936
     1094656          128         943.467    280231936    560463872
     1094656          256        1220.205    560463872   1120927744
     1094656          512        2457.123   1120927744   2241855488
     1094656         1024        5085.035   2241855488   4483710976
     1203200            1           8.466      2406400      4812800
     1203200            2          11.752      4812800      9625600
     1203200            4          23.835      9625600     19251200
     1203200            8          43.271     19251200     38502400
     1203200           16          86.702     38502400     77004800
     1203200           32         208.330     77004800    154009600
     1203200           64         333.825    154009600    308019200
     1203200          128         673.963    308019200    616038400
     1203200          256        1345.590    616038400   1232076800
     1203200          512        2976.446   1232076800   2464153600
     1203200         1024        5373.846   2464153600   4928307200
     1323008            1          14.036      2646016      5292032
     1323008            2          12.242      5292032     10584064
     1323008            4          25.407     10584064     21168128
     1323008            8          47.409     21168128     42336256
     1323008           16          92.673     42336256     84672512
     1323008           32         183.614     84672512    169345024
     1323008           64         400.070    169345024    338690048
     1323008          128         730.108    338690048    677380096
     1323008          256        1471.026    677380096   1354760192
     1323008          512        3274.093   1354760192   2709520384
     1323008         1024        5884.093   2709520384   5419040768
     1455104            1          17.383      2910208      5820416
     1455104            2          25.277      5820416     11640832
     1455104            4          29.506     11640832     23281664
     1455104            8          52.498     23281664     46563328
     1455104           16         101.350     46563328     93126656
     1455104           32         201.788     93126656    186253312
     1455104           64         434.594    186253312    372506624
     1455104          128         874.228    372506624    745013248
     1455104          256        1676.240    745013248   1490026496
     1455104          512        3541.754   1490026496   2980052992
     1600512            1          21.270      3201024      6402048
     1600512            2          14.637      6402048     12804096
     1600512            4          30.146     12804096     25608192
     1600512            8          55.694     25608192     51216384
     1600512           16         131.245     51216384    102432768
     1600512           32         220.353    102432768    204865536
     1600512           64         445.434    204865536    409731072
     1600512          128         893.574    409731072    819462144
     1600512          256        1782.579    819462144   1638924288
     1600512          512        3575.928   1638924288   3277848576
     1760256            1          18.144      3520512      7041024
     1760256            2          16.240      7041024     14082048
     1760256            4          31.879     14082048     28164096
     1760256            8          62.767     28164096     56328192
     1760256           16         121.097     56328192    112656384
     1760256           32         242.293    112656384    225312768
     1760256           64         501.369    225312768    450625536
     1760256          128         980.848    450625536    901251072
     1760256          256        1995.878    901251072   1802502144
     1760256          512        4175.922   1802502144   3605004288
     1935360            1          26.479      3870720      7741440
     1935360            2          16.490      7741440     15482880
     1935360            4          35.317     15482880     30965760
     1935360            8          70.222     30965760     61931520
     1935360           16         133.139     61931520    123863040
     1935360           32         266.169    123863040    247726080
     1935360           64         614.071    247726080    495452160
     1935360          128        1093.388    495452160    990904320
     1935360          256        2156.149    990904320   1981808640
     1935360          512        4478.590   1981808640   3963617280
     2128896            1          53.490      4257792      8515584
     2128896            2          17.403      8515584     17031168
     2128896            4          37.680     17031168     34062336
     2128896            8          72.466     34062336     68124672
     2128896           16         174.888     68124672    136249344
     2128896           32         296.185    136249344    272498688
     2128896           64         914.183    272498688    544997376
     2128896          128        1186.172    544997376   1089994752
     2128896          256        2429.712   1089994752   2179989504
     2128896          512        4732.835   2179989504   4359979008
     2340864            1         112.581      4681728      9363456
     2340864            2          18.354      9363456     18726912
     2340864            4          40.336     18726912     37453824
     2340864            8          79.258     37453824     74907648
     2340864           16         164.378     74907648    149815296
     2340864           32         351.308    149815296    299630592
     2340864           64         658.112    299630592    599261184
     2340864          128        1300.035    599261184   1198522368
     2340864          256        2998.587   1198522368   2397044736
     2340864          512        5247.961   2397044736   4794089472
     2574336            1          24.255      5148672     10297344
     2574336            2          19.858     10297344     20594688
     2574336            4          47.519     20594688     41189376
     2574336            8          86.161     41189376     82378752
     2574336           16         176.300     82378752    164757504
     2574336           32         391.663    164757504    329515008
     2574336           64         732.432    329515008    659030016
     2574336          128        1421.383    659030016   1318060032
     2574336          256        3144.661   1318060032   2636120064
     2574336          512        5781.861   2636120064   5272240128
     2831360            1          25.398      5662720     11325440
     2831360            2          23.484     11325440     22650880
     2831360            4          48.100     22650880     45301760
     2831360            8          95.539     45301760     90603520
     2831360           16         216.325     90603520    181207040
     2831360           32         419.456    181207040    362414080
     2831360           64         792.975    362414080    724828160
     2831360          128        1565.513    724828160   1449656320
     2831360          256        3372.768   1449656320   2899312640
     3113984            1          28.133      6227968     12455936
     3113984            2          25.207     12455936     24911872
     3113984            4          51.797     24911872     49823744
     3113984            8         141.685     49823744     99647488
     3113984           16         210.765     99647488    199294976
     3113984           32         429.274    199294976    398589952
     3113984           64        1182.936    398589952    797179904
     3113984          128        1725.342    797179904   1594359808
     3113984          256        3448.339   1594359808   3188719616
     3425280            1          31.940      6850560     13701120
     3425280            2          25.618     13701120     27402240
     3425280            4          59.642     27402240     54804480
     3425280            8         114.113     54804480    109608960
     3425280           16         231.494    109608960    219217920
     3425280           32         466.724    219217920    438435840
     3425280           64         954.789    438435840    876871680
     3425280          128        2615.018    876871680   1753743360
     3425280          256        4082.698   1753743360   3507486720
     3767296            1          33.583      7534592     15069184
     3767296            2          28.112     15069184     30138368
     3767296            4          60.663     30138368     60276736
     3767296            8         124.293     60276736    120553472
     3767296           16         305.342    120553472    241106944
     3767296           32         516.388    241106944    482213888
     3767296           64        1123.144    482213888    964427776
     3767296          128        2093.031    964427776   1928855552
     3767296          256        4684.054   1928855552   3857711104
     4143104            1          51.667      8286208     16572416
     4143104            2          29.876     16572416     33144832
     4143104            4          66.484     33144832     66289664
     4143104            8         135.874     66289664    132579328
     4143104           16         283.070    132579328    265158656
     4143104           32         574.145    265158656    530317312
     4143104           64        1153.781    530317312   1060634624
     4143104          128        2616.902   1060634624   2121269248
     4143104          256        4680.297   2121269248   4242538496
     4556800            1          40.406      9113600     18227200
     4556800            2          31.890     18227200     36454400
     4556800            4          75.511     36454400     72908800
     4556800            8         163.977     72908800    145817600
     4556800           16         325.600    145817600    291635200
     4556800           32         622.386    291635200    583270400
     4556800           64        1263.617    583270400   1166540800
     4556800          128        2516.073   1166540800   2333081600
     4556800          256        5028.219   2333081600   4666163200
     5012480            1          46.277     10024960     20049920
     5012480            2          34.134     20049920     40099840
     5012480            4          81.493     40099840     80199680
     5012480            8         163.816     80199680    160399360
     5012480           16         348.052    160399360    320798720
     5012480           32         693.810    320798720    641597440
     5012480           64        1788.660    641597440   1283194880
     5012480          128        2770.610   1283194880   2566389760
     5012480          256        5588.769   2566389760   5132779520
     5513216            1          47.298     11026432     22052864
     5513216            2          37.851     22052864     44105728
     5513216            4          87.413     44105728     88211456
     5513216            8         179.376     88211456    176422912
     5513216           16         400.560    176422912    352845824
     5513216           32         766.285    352845824    705691648
     5513216           64        1905.870    705691648   1411383296
     5513216          128        3040.565   1411383296   2822766592
     6064128            1          74.169     12128256     24256512
     6064128            2          43.401     24256512     48513024
     6064128            4          95.098     48513024     97026048
     6064128            8         198.121     97026048    194052096
     6064128           16         409.247    194052096    388104192
     6064128           32         905.937    388104192    776208384
     6064128           64        1683.093    776208384   1552416768
     6064128          128        3344.826   1552416768   3104833536
     6670336            1          88.116     13340672     26681344
     6670336            2          44.213     26681344     53362688
     6670336            4         105.608     53362688    106725376
     6670336            8         217.968    106725376    213450752
     6670336           16         458.048    213450752    426901504
     6670336           32         913.561    426901504    853803008
     6670336           64        2244.034    853803008   1707606016
     6670336          128        3742.661   1707606016   3415212032
     7336960            1          54.743     14673920     29347840
     7336960            2          49.724     29347840     58695680
     7336960            4         113.382     58695680    117391360
     7336960            8         259.316    117391360    234782720
     7336960           16         492.863    234782720    469565440
     7336960           32        1012.366    469565440    939130880
     7336960           64        2044.490    939130880   1878261760
     7336960          128        4057.300   1878261760   3756523520
     8070144            1          61.515     16140288     32280576
     8070144            2          52.719     32280576     64561152
     8070144            4         125.375     64561152    129122304
     8070144            8         264.937    129122304    258244608
     8070144           16         549.440    258244608    516489216
     8070144           32        1501.973    516489216   1032978432
     8070144           64        2216.843   1032978432   2065956864
     8070144          128        4456.628   2065956864   4131913728
     8877056            1          69.430     17754112     35508224
     8877056            2          59.452     35508224     71016448
     8877056            4         135.854     71016448    142032896
     8877056            8         287.138    142032896    284065792
     8877056           16         602.709    284065792    568131584
     8877056           32        1289.937    568131584   1136263168
     8877056           64        2436.314   1136263168   2272526336
     8877056          128        5216.652   2272526336   4545052672
     9763840            1          75.141     19527680     39055360
     9763840            2          62.627     39055360     78110720
     9763840            4         167.835     78110720    156221440
     9763840            8         339.516    156221440    312442880
     9763840           16         649.006    312442880    624885760
     9763840           32        1360.618    624885760   1249771520
     9763840           64        2674.660   1249771520   2499543040
     9763840          128        5497.348   2499543040   4999086080
    10739712            1          81.753     21479424     42958848
    10739712            2          70.192     42958848     85917696
    10739712            4         162.344     85917696    171835392
    10739712            8         388.457    171835392    343670784
    10739712           16         723.054    343670784    687341568
    10739712           32        1461.357    687341568   1374683136
    10739712           64        2958.042   1374683136   2749366272
    11812864            1          91.943     23625728     47251456
    11812864            2         173.374     47251456     94502912
    11812864            4         176.431     94502912    189005824
    11812864            8         382.086    189005824    378011648
    11812864           16         853.478    378011648    756023296
    11812864           32        1621.317    756023296   1512046592
    11812864           64        7476.445   1512046592   3024093184
    12993536            1         103.954     25987072     51974144
    12993536            2          82.354     51974144    103948288
    12993536            4         195.446    103948288    207896576
    12993536            8         421.269    207896576    415793152
    12993536           16         946.783    415793152    831586304
    12993536           32        1775.085    831586304   1663172608
    12993536           64        3721.993   1663172608   3326345216
    14291968            1         112.060     28583936     57167872
    14291968            2          90.309     57167872    114335744
    14291968            4         234.088    114335744    228671488
    14291968            8         458.629    228671488    457342976
    14291968           16        1394.652    457342976    914685952
    14291968           32        1941.968    914685952   1829371904
    14291968           64        3955.429   1829371904   3658743808
    15720448            1         115.556     31440896     62881792
    15720448            2          98.315     62881792    125763584
    15720448            4         233.607    125763584    251527168
    15720448            8         514.544    251527168    503054336
    15720448           16        1052.992    503054336   1006108672
    15720448           32        2149.426   1006108672   2012217344
    15720448           64        4607.571   2012217344   4024434688
    17292288            1         132.689     34584576     69169152
    17292288            2         107.331     69169152    138338304
    17292288            4         260.097    138338304    276676608
    17292288            8         574.285    276676608    553353216
    17292288           16        1410.763    553353216   1106706432
    17292288           32        2426.055   1106706432   2213412864
    17292288           64        4850.366   2213412864   4426825728
    19020800            1         163.095     38041600     76083200
    19020800            2         117.520     76083200    152166400
    19020800            4         545.291    152166400    304332800
    19020800            8         930.453    304332800    608665600
    19020800           16        1527.101    608665600   1217331200
    19020800           32        2598.287   1217331200   2434662400
    19020800           64        5444.639   2434662400   4869324800
    20922368            1         175.800     41844736     83689472
    20922368            2         360.075     83689472    167378944
    20922368            4         325.660    167378944    334757888
    20922368            8         924.312    334757888    669515776
    20922368           16        1424.428    669515776   1339031552
    20922368           32        3094.066   1339031552   2678063104
    20922368           64        5836.623   2678063104   5356126208
    23014400            1         204.894     46028800     92057600
    23014400            2         141.635     92057600    184115200
    23014400            4         603.520    184115200    368230400
    23014400            8         746.538    368230400    736460800
    23014400           16        1540.626    736460800   1472921600
    23014400           32        3126.287   1472921600   2945843200
    25315328            1         203.551     50630656    101261312
    25315328            2         285.615    101261312    202522624
    25315328            4         606.727    202522624    405045248
    25315328            8        1060.266    405045248    810090496
    25315328           16        1942.869    810090496   1620180992
    25315328           32        3748.982   1620180992   3240361984
    27846656            1         220.934     55693312    111386624
    27846656            2         184.566    111386624    222773248
    27846656            4         415.919    222773248    445546496
    27846656            8         894.266    445546496    891092992
    27846656           16        2132.495    891092992   1782185984
    27846656           32        4055.677   1782185984   3564371968
    30630912            1         304.841     61261824    122523648
    30630912            2         187.782    122523648    245047296
    30630912            4         451.525    245047296    490094592
    30630912            8        1249.370    490094592    980189184
    30630912           16        2376.722    980189184   1960378368
    30630912           32        4159.753   1960378368   3920756736
    33693696            1         294.962     67387392    134774784
    33693696            2         207.038    134774784    269549568
    33693696            4         779.220    269549568    539099136
    33693696            8        1084.973    539099136   1078198272
    33693696           16        2342.658   1078198272   2156396544
    33693696           32        4767.491   2156396544   4312793088
    37062656            1         558.386     74125312    148250624
    37062656            2         232.165    148250624    296501248
    37062656            4         554.168    296501248    593002496
    37062656            8        1468.240    593002496   1186004992
    37062656           16        2796.188   1186004992   2372009984
    37062656           32        5713.573   2372009984   4744019968
    40768512            1         657.382     81537024    163074048
    40768512            2         252.253    163074048    326148096
    40768512            4         901.509    326148096    652296192
    40768512            8        1320.904    652296192   1304592384
    40768512           16        2745.874   1304592384   2609184768
    40768512           32        5595.211   2609184768   5218369536
    44845056            1         382.026     89690112    179380224
    44845056            2         311.072    179380224    358760448
    44845056            4         661.549    358760448    717520896
    44845056            8        1805.312    717520896   1435041792
    44845056           16        3007.273   1435041792   2870083584
    49329152            1         428.562     98658304    197316608
    49329152            2         300.142    197316608    394633216
    49329152            4         730.428    394633216    789266432
    49329152            8        1615.316    789266432   1578532864
    49329152           16        3499.155   1578532864   3157065728
    54261760            1         459.130    108523520    217047040
    54261760            2         333.625    217047040    434094080
    54261760            4         805.910    434094080    868188160
    54261760            8        2114.331    868188160   1736376320
    54261760           16        3690.543   1736376320   3472752640
    59687936            1         417.803    119375872    238751744
    59687936            2         360.846    238751744    477503488
    59687936            4         888.174    477503488    955006976
    59687936            8        1909.828    955006976   1910013952
    59687936           16        4284.266   1910013952   3820027904
    65655808            1         518.260    131311616    262623232
    65655808            2         405.089    262623232    525246464
    65655808            4         976.109    525246464   1050492928
    65655808            8        2436.644   1050492928   2100985856
    65655808           16        4382.139   2100985856   4201971712
    72220672            1         533.629    144441344    288882688
    72220672            2         441.016    288882688    577765376
    72220672            4        1068.181    577765376   1155530752
    72220672            8        2402.991   1155530752   2311061504
    72220672           16        5025.544   2311061504   4622123008
    79441920            1         558.536    158883840    317767680
    79441920            2         475.701    317767680    635535360
    79441920            4        1187.745    635535360   1271070720
    79441920            8        2572.018   1271070720   2542141440
    79441920           16        5623.925   2542141440   5084282880
    87386112            1         730.138    174772224    349544448
    87386112            2         557.574    349544448    699088896
    87386112            4        1657.926    699088896   1398177792
    87386112            8        2862.111   1398177792   2796355584
    96123904            1         758.320    192247808    384495616
    96123904            2         580.167    384495616    768991232
    96123904            4        1459.284    768991232   1537982464
    96123904            8        3162.173   1537982464   3075964928
   105736192            1         793.987    211472384    422944768
   105736192            2         646.311    422944768    845889536
   105736192            4        1560.323    845889536   1691779072
   105736192            8        3838.029   1691779072   3383558144
   116308992            1         825.997    232617984    465235968
   116308992            2         739.065    465235968    930471936
   116308992            4        2078.504    930471936   1860943872
   116308992            8        3747.430   1860943872   3721887744
   127939584            1         901.740    255879168    511758336
   127939584            2         780.211    511758336   1023516672
   127939584            4        1893.968   1023516672   2047033344
   127939584            8        4110.840   2047033344   4094066688
   140733440            1         982.100    281466880    562933760
   140733440            2         852.006    562933760   1125867520
   140733440            4        2399.615   1125867520   2251735040
   140733440            8        4499.189   2251735040   4503470080
   154806272            1        1079.893    309612544    619225088
   154806272            2         933.298    619225088   1238450176
   154806272            4        2278.188   1238450176   2476900352
   154806272            8        5324.695   2476900352   4953800704
   170286080            1        1708.981    340572160    681144320
   170286080            2        1042.903    681144320   1362288640
   170286080            4        2512.226   1362288640   2724577280
   187314176            1        1300.016    374628352    749256704
   187314176            2        1139.384    749256704   1498513408
   187314176            4        3202.389   1498513408   2997026816
   206045184            1        1457.480    412090368    824180736
   206045184            2        1241.445    824180736   1648361472
   206045184            4        3039.083   1648361472   3296722944
   226649088            1        1638.800    453298176    906596352
   226649088            2        1367.111    906596352   1813192704
   226649088            4        3732.812   1813192704   3626385408
   249313280            1        2063.455    498626560    997253120
   249313280            2        1547.890    997253120   1994506240
   249313280            4        4023.948   1994506240   3989012480
   274244608            1        1901.773    548489216   1096978432
   274244608            2        1667.224   1096978432   2193956864
   274244608            4        4398.309   2193956864   4387913728
   301668352            1        2251.658    603336704   1206673408
   301668352            2        2153.234   1206673408   2413346816
   301668352            4        4419.138   2413346816   4826693632
   331834368            1        2340.494    663668736   1327337472
   331834368            2        1996.280   1327337472   2654674944
   331834368            4        5242.941   2654674944   5309349888
   365017088            1        2923.367    730034176   1460068352
   365017088            2        2194.330   1460068352   2920136704
   401518592            1        3108.793    803037184   1606074368
   401518592            2        2420.193   1606074368   3212148736
   441669632            1        3179.826    883339264   1766678528
   441669632            2        2665.533   1766678528   3533357056
   485835776            1        3422.150    971671552   1943343104
   485835776            2        2977.036   1943343104   3886686208
   534418432            1        3755.626   1068836864   2137673728
   534418432            2        3428.503   2137673728   4275347456
   587859968            1        4133.233   1175719936   2351439872
   587859968            2        4223.031   2351439872   4702879744
   646645760            1        4548.210   1293291520   2586583040
   646645760            2        5772.043   2586583040   5173166080
   711310336            1        5018.020   1422620672   2845241344
   782440448            1        5736.837   1564880896   3129761792
   860684288            1        5984.260   1721368576   3442737152
   946752512            1        6598.380   1893505024   3787010048
  1041427456            1        7272.182   2082854912   4165709824
  1145569280            1        8023.881   2291138560   4582277120
  1260126208            1        8817.938   2520252416   5040504832

META_DATA
FLOPS          32
MPI_PROCS      128
ERT_VERSION  1.1.0
HOSTNAME  ('tcn299.local.snellius.surf.nl', [], ['172.18.57.53'])
UNAME  uname_result(system='Linux', node='tcn299.local.snellius.surf.nl', release='4.18.0-372.80.1.el8_6.x86_64', version='#1 SMP Fri Nov 3 14:30:16 EDT 2023', machine='x86_64', processor='x86_64')
TIMESTAMP_DATA  1707398297.1559355
CONFIG  {'ERT_RESULTS': ['Results.snellius.01'], 'ERT_DRIVER': ['driver1'], 'ERT_KERNEL': ['kernel1'], 'ERT_MPI': ['True'], 'ERT_MPI_CFLAGS': [], 'ERT_MPI_LDFLAGS': [], 'ERT_OPENMP': ['False'], 'ERT_OPENMP_CFLAGS': ['-fopenmp'], 'ERT_OPENMP_LDFLAGS': ['-fopenmp'], 'ERT_FLOPS': ['1,2,4,8,16,32'], 'ERT_ALIGN': ['32'], 'ERT_CC': ['mpic++'], 'ERT_CFLAGS': ['-Ofast', '-fargument-noalias', '-mavx2'], 'ERT_LD': ['mpic++'], 'ERT_LDFLAGS': [], 'ERT_LDLIBS': [], 'ERT_RUN': ['export', 'OMP_NUM_THREADS=ERT_OPENMP_THREADS;', 'mpirun', '-np', 'ERT_MPI_PROCS', 'ERT_CODE'], 'ERT_PROCS_THREADS': ['32,64,128'], 'ERT_MPI_PROCS': ['32,64,128'], 'ERT_OPENMP_THREADS': [], 'ERT_NUM_EXPERIMENTS': ['5'], 'ERT_MEMORY_MAX': ['1357905920'], 'ERT_WORKING_SET_MIN': ['1'], 'ERT_TRIALS_MIN': ['1'], 'ERT_GNUPLOT': ['gnuplot'], 'ERT_GPU': [False], 'ERT_HIP': [False], 'ERT_PRECISION': ['FP64'], 'ERT_OCL': [False], 'ERT_SYCL': [False], 'ERT_WSS_MULT': [1.1]}
