fp64
        1024            1        2633.604         2048          256
        1024            2          34.745         4096          512
        1024            4          33.693         8192         1024
        1024            8          40.205        16384         2048
        1024           16          33.854        32768         4096
        1024           32          34.635        65536         8192
        1024           64          31.018       131072        16384
        1024          128          29.856       262144        32768
        1024          256          31.429       524288        65536
        1024          512          33.502      1048576       131072
        1024         1024          32.331      2097152       262144
        1024         2048          36.428      4194304       524288
        1024         4096          38.993      8388608      1048576
        1024         8192          45.475     16777216      2097152
        1024        16384          58.519     33554432      4194304
        1024        32768          83.005     67108864      8388608
        1024        65536         138.429    134217728     16777216
        1024       131072         238.176    268435456     33554432
        1024       262144         440.964    536870912     67108864
        1024       524288         846.152   1073741824    134217728
        1024      1048576        8831.743   2147483648    268435456
        2048            1        7247.631         4096          512
        2048            2          32.791         8192         1024
        2048            4          29.555        16384         2048
        2048            8          33.563        32768         4096
        2048           16          31.629        65536         8192
        2048           32          33.092       131072        16384
        2048           64          29.535       262144        32768
        2048          128          29.315       524288        65536
        2048          256          29.636      1048576       131072
        2048          512          32.431      2097152       262144
        2048         1024          36.759      4194304       524288
        2048         2048          38.542      8388608      1048576
        2048         4096          43.462     16777216      2097152
        2048         8192          51.767     33554432      4194304
        2048        16384          64.200     67108864      8388608
        2048        32768          79.519    134217728     16777216
        2048        65536         138.078    268435456     33554432
        2048       131072         237.243    536870912     67108864
        2048       262144         478.995   1073741824    134217728
        2048       524288        8057.175   2147483648    268435456
        3072            1        7227.072         6144          768
        3072            2          29.094        12288         1536
        3072            4          31.539        24576         3072
        3072            8          29.825        49152         6144
        3072           16          29.245        98304        12288
        3072           32          29.365       196608        24576
        3072           64          28.834       393216        49152
        3072          128          28.803       786432        98304
        3072          256          33.903      1572864       196608
        3072          512          30.096      3145728       393216
        3072         1024          30.036      6291456       786432
        3072         2048          35.146     12582912      1572864
        3072         4096          37.279     25165824      3145728
        3072         8192          42.420     50331648      6291456
        3072        16384          54.812    100663296     12582912
        3072        32768          79.398    201326592     25165824
        3072        65536         132.357    402653184     50331648
        3072       131072         236.573    805306368    100663296
        3072       262144        7656.776   1610612736    201326592
        4096            1        7279.801         8192         1024
        4096            2          30.547        16384         2048
        4096            4          28.593        32768         4096
        4096            8          28.534        65536         8192
        4096           16          29.725       131072        16384
        4096           32          28.904       262144        32768
        4096           64          33.513       524288        65536
        4096          128          31.178      1048576       131072
        4096          256          29.856      2097152       262144
        4096          512          29.716      4194304       524288
        4096         1024          30.076      8388608      1048576
        4096         2048          31.489     16777216      2097152
        4096         4096          34.785     33554432      4194304
        4096         8192          41.438     67108864      8388608
        4096        16384          54.412    134217728     16777216
        4096        32768          84.037    268435456     33554432
        4096        65536         131.255    536870912     67108864
        4096       131072         238.887   1073741824    134217728
        4096       262144        7691.261   2147483648    268435456
        5120            1        7300.841        10240         1280
        5120            2          30.146        20480         2560
        5120            4          29.505        40960         5120
        5120            8          31.379        81920        10240
        5120           16          32.321       163840        20480
        5120           32          31.620       327680        40960
        5120           64          28.553       655360        81920
        5120          128          28.914      1310720       163840
        5120          256          29.946      2621440       327680
        5120          512          30.748      5242880       655360
        5120         1024          31.850     10485760      1310720
        5120         2048          42.870     20971520      2621440
        5120         4096          41.177     41943040      5242880
        5120         8192          54.753     83886080     10485760
        5120        16384          79.939    167772160     20971520
        5120        32768         131.045    335544320     41943040
        5120        65536         231.353    671088640     83886080
        5120       131072         440.915   1342177280    167772160
        5120       262144        8091.609   2684354560    335544320
        6144            1        7264.652        12288         1536
        6144            2          36.809        24576         3072
        6144            4          40.135        49152         6144
        6144            8          36.659        98304        12288
        6144           16          36.648       196608        24576
        6144           32          39.694       393216        49152
        6144           64          36.929       786432        98304
        6144          128          31.850      1572864       196608
        6144          256          29.325      3145728       393216
        6144          512          30.687      6291456       786432
        6144         1024          31.689     12582912      1572864
        6144         2048          35.146     25165824      3145728
        6144         4096          41.899     50331648      6291456
        6144         8192          54.261    100663296     12582912
        6144        16384          80.190    201326592     25165824
        6144        32768         159.498    402653184     50331648
        6144        65536         261.970    805306368    100663296
        6144       131072        7659.862   1610612736    201326592
        7168            1        7237.552        14336         1792
        7168            2          29.695        28672         3584
        7168            4          28.744        57344         7168
        7168            8          32.671       114688        14336
        7168           16          34.043       229376        28672
        7168           32          30.547       458752        57344
        7168           64          30.697       917504       114688
        7168          128          36.999      1835008       229376
        7168          256          39.293      3670016       458752
        7168          512          38.181      7340032       917504
        7168         1024          38.432     14680064      1835008
        7168         2048          43.411     29360128      3670016
        7168         4096          50.344     58720256      7340032
        7168         8192          70.281    117440512     14680064
        7168        16384          80.210    234881024     29360128
        7168        32768         130.023    469762048     58720256
        7168        65536         231.733    939524096    117440512
        7168       131072       11065.770   1879048192    234881024
        8192            1          40.876        16384         2048
        8192            2          28.243        32768         4096
        8192            4          28.554        65536         8192
        8192            8          29.105       131072        16384
        8192           16          54.722       262144        32768
        8192           32          29.905       524288        65536
        8192           64          29.205      1048576       131072
        8192          128          29.515      2097152       262144
        8192          256          29.946      4194304       524288
        8192          512          29.175      8388608      1048576
        8192         1024          32.360     16777216      2097152
        8192         2048          33.342     33554432      4194304
        8192         4096          38.312     67108864      8388608
        8192         8192          47.569    134217728     16777216
        8192        16384          71.835    268435456     33554432
        8192        32768         105.266    536870912     67108864
        8192        65536         193.431   1073741824    134217728
        8192       131072        7787.219   2147483648    268435456
        9216            1          44.153        18432         2304
        9216            2          36.318        36864         4608
        9216            4          36.298        73728         9216
        9216            8          36.338       147456        18432
        9216           16          36.227       294912        36864
        9216           32          35.927       589824        73728
        9216           64          36.107      1179648       147456
        9216          128          31.058      2359296       294912
        9216          256          30.096      4718592       589824
        9216          512          30.436      9437184      1179648
        9216         1024          33.403     18874368      2359296
        9216         2048          38.222     37748736      4718592
        9216         4096          70.091     75497472      9437184
        9216         8192          63.939    150994944     18874368
        9216        16384         103.684    301989888     37748736
        9216        32768         160.019    603979776     75497472
        9216        65536         326.901   1207959552    150994944
        9216       131072        8029.392   2415919104    301989888
       10240            1          43.601        20480         2560
       10240            2          28.613        40960         5120
       10240            4          31.089        81920        10240
       10240            8          29.385       163840        20480
       10240           16          28.724       327680        40960
       10240           32          28.664       655360        81920
       10240           64          29.796      1310720       163840
       10240          128          29.145      2621440       327680
       10240          256          35.146      5242880       655360
       10240          512          31.269     10485760      1310720
       10240         1024          33.102     20971520      2621440
       10240         2048          36.117     41943040      5242880
       10240         4096          44.223     83886080     10485760
       10240         8192          61.275    167772160     20971520
       10240        16384          93.364    335544320     41943040
       10240        32768         159.919    671088640     83886080
       10240        65536         284.091   1342177280    167772160
       10240       131072        7982.956   2684354560    335544320
       11264            1          42.580        22528         2816
       11264            2          28.734        45056         5632
       11264            4          29.405        90112        11264
       11264            8          31.208       180224        22528
       11264           16          28.674       360448        45056
       11264           32          36.859       720896        90112
       11264           64          29.635      1441792       180224
       11264          128          29.556      2883584       360448
       11264          256          31.038      5767168       720896
       11264          512          30.977     11534336      1441792
       11264         1024          32.911     23068672      2883584
       11264         2048          37.110     46137344      5767168
       11264         4096          44.894     92274688     11534336
       11264         8192          60.503    184549376     23068672
       11264        16384          97.983    369098752     46137344
       11264        32768         156.503    738197504     92274688
       11264        65536        7724.352   1476395008    184549376
       12288            1          43.852        24576         3072
       12288            2          28.654        49152         6144
       12288            4          37.249        98304        12288
       12288            8          28.383       196608        24576
       12288           16          30.557       393216        49152
       12288           32          29.765       786432        98304
       12288           64          28.734      1572864       196608
       12288          128          29.335      3145728       393216
       12288          256          30.226      6291456       786432
       12288          512          32.561     12582912      1572864
       12288         1024          35.567     25165824      3145728
       12288         2048          41.498     50331648      6291456
       12288         4096          54.131    100663296     12582912
       12288         8192          80.711    201326592     25165824
       12288        16384         130.414    402653184     50331648
       12288        32768         233.236    805306368    100663296
       12288        65536        7759.478   1610612736    201326592
       13312            1          45.225        26624         3328
       13312            2          30.226        53248         6656
       13312            4          29.696       106496        13312
       13312            8          28.613       212992        26624
       13312           16          30.076       425984        53248
       13312           32          28.774       851968       106496
       13312           64          31.429      1703936       212992
       13312          128          37.430      3407872       425984
       13312          256          38.482      6815744       851968
       13312          512          39.855     13631488      1703936
       13312         1024          45.806     27262976      3407872
       13312         2048          46.257     54525952      6815744
       13312         4096          59.371    109051904     13631488
       13312         8192          91.611    218103808     27262976
       13312        16384         160.169    436207616     54525952
       13312        32768         281.326    872415232    109051904
       13312        65536        7887.277   1744830464    218103808
       14336            1          44.433        28672         3584
       14336            2          28.944        57344         7168
       14336            4          29.666       114688        14336
       14336            8          30.447       229376        28672
       14336           16          28.864       458752        57344
       14336           32          29.575       917504       114688
       14336           64          31.348      1835008       229376
       14336          128          29.405      3670016       458752
       14336          256          33.392      7340032       917504
       14336          512          32.320     14680064      1835008
       14336         1024          35.777     29360128      3670016
       14336         2048          43.752     58720256      7340032
       14336         4096          59.461    117440512     14680064
       14336         8192          91.250    234881024     29360128
       14336        16384         154.680    469762048     58720256
       14336        32768         281.366    939524096    117440512
       14336        65536        8256.697   1879048192    234881024
       15360            1          44.743        30720         3840
       15360            2          28.634        61440         7680
       15360            4          28.814       122880        15360
       15360            8          28.604       245760        30720
       15360           16          30.207       491520        61440
       15360           32          28.874       983040       122880
       15360           64          36.618      1966080       245760
       15360          128          29.295      3932160       491520
       15360          256          30.096      7864320       983040
       15360          512          31.899     15728640      1966080
       15360         1024          35.787     31457280      3932160
       15360         2048          43.873     62914560      7864320
       15360         4096          59.271    125829120     15728640
       15360         8192          91.130    251658240     31457280
       15360        16384         154.439    503316480     62914560
       15360        32768         281.817   1006632960    125829120
       15360        65536        7913.416   2013265920    251658240
       16384            1          42.479        32768         4096
       16384            2          29.004        65536         8192
       16384            4          30.347       131072        16384
       16384            8          29.395       262144        32768
       16384           16          29.645       524288        65536
       16384           32          29.165      1048576       131072
       16384           64          29.576      2097152       262144
       16384          128          33.132      4194304       524288
       16384          256          31.929      8388608      1048576
       16384          512          34.896     16777216      2097152
       16384         1024          41.768     33554432      4194304
       16384         2048          54.893     67108864      8388608
       16384         4096          81.603    134217728     16777216
       16384         8192         135.182    268435456     33554432
       16384        16384         243.255    536870912     67108864
       16384        32768         463.317   1073741824    134217728
       16384        65536        8039.031   2147483648    268435456
       17408            1          46.567        34816         4352
       17408            2          28.613        69632         8704
       17408            4          29.234       139264        17408
       17408            8          28.313       278528        34816
       17408           16          29.596       557056        69632
       17408           32          28.664      1114112       139264
       17408           64          28.964      2228224       278528
       17408          128          29.285      4456448       557056
       17408          256          30.467      8912896      1114112
       17408          512          32.781     17825792      2228224
       17408         1024          36.869     35651584      4456448
       17408         2048          44.192     71303168      8912896
       17408         4096          60.503    142606336     17825792
       17408         8192          92.503    285212672     35651584
       17408        16384         161.852    570425344     71303168
       17408        32768         283.340   1140850688    142606336
       17408        65536        7864.664   2281701376    285212672
       18432            1          45.465        36864         4608
       18432            2          30.347        73728         9216
       18432            4          28.995       147456        18432
       18432            8          28.704       294912        36864
       18432           16          28.614       589824        73728
       18432           32          37.451      1179648       147456
       18432           64          29.846      2359296       294912
       18432          128          29.806      4718592       589824
       18432          256          30.016      9437184      1179648
       18432          512          32.451     18874368      2359296
       18432         1024          36.919     37748736      4718592
       18432         2048          44.493     75497472      9437184
       18432         4096          62.957    150994944     18874368
       18432         8192          91.771    301989888     37748736
       18432        16384         155.530    603979776     75497472
       18432        32768         281.306   1207959552    150994944
       18432        65536        7846.931   2415919104    301989888
       19456            1          44.914        38912         4864
       19456            2          29.525        77824         9728
       19456            4          28.624       155648        19456
       19456            8          29.374       311296        38912
       19456           16          29.224       622592        77824
       19456           32          28.653      1245184       155648
       19456           64          28.693      2490368       311296
       19456          128          29.355      4980736       622592
       19456          256          30.387      9961472      1245184
       19456          512          32.601     19922944      2490368
       19456         1024          36.698     39845888      4980736
       19456         2048          44.262     79691776      9961472
       19456         4096          62.467    159383552     19922944
       19456         8192          91.721    318767104     39845888
       19456        16384         162.615    637534208     79691776
       19456        32768         282.007   1275068416    159383552
       19456        65536        7817.987   2550136832    318767104
       20480            1          44.984        40960         5120
       20480            2          28.804        81920        10240
       20480            4          28.884       163840        20480
       20480            8          28.764       327680        40960
       20480           16          28.654       655360        81920
       20480           32          30.096      1310720       163840
       20480           64          29.726      2621440       327680
       20480          128          28.884      5242880       655360
       20480          256          30.988     10485760      1310720
       20480          512          37.510     20971520      2621440
       20480         1024          35.767     41943040      5242880
       20480         2048          43.511     83886080     10485760
       20480         4096          58.580    167772160     20971520
       20480         8192          90.299    335544320     41943040
       20480        16384         154.058    671088640     83886080
       20480        32768         281.145   1342177280    167772160
       20480        65536        7772.422   2684354560    335544320
       22528            1          48.510        45056         5632
       22528            2          28.974        90112        11264
       22528            4          28.744       180224        22528
       22528            8          28.894       360448        45056
       22528           16          29.154       720896        90112
       22528           32          28.323      1441792       180224
       22528           64          28.584      2883584       360448
       22528          128          29.324      5767168       720896
       22528          256          36.568     11534336      1441792
       22528          512          34.785     23068672      2883584
       22528         1024          37.870     46137344      5767168
       22528         2048          46.988     92274688     11534336
       22528         4096          66.654    184549376     23068672
       22528         8192         104.426    369098752     46137344
       22528        16384         180.448    738197504     92274688
       22528        32768        7601.904   1476395008    184549376
       24576            1          45.896        49152         6144
       24576            2          29.546        98304        12288
       24576            4          30.447       196608        24576
       24576            8          32.271       393216        49152
       24576           16          30.627       786432        98304
       24576           32          28.904      1572864       196608
       24576           64          29.295      3145728       393216
       24576          128          29.766      6291456       786432
       24576          256          31.028     12582912      1572864
       24576          512          33.422     25165824      3145728
       24576         1024          38.913     50331648      6291456
       24576         2048          48.921    100663296     12582912
       24576         4096          70.552    201326592     25165824
       24576         8192         112.651    402653184     50331648
       24576        16384         221.424    805306368    100663296
       24576        32768        7744.731   1610612736    201326592
       26624            1          45.845        53248         6656
       26624            2          29.195       106496        13312
       26624            4         205.995       212992        26624
       26624            8          28.753       425984        53248
       26624           16          29.104       851968       106496
       26624           32          29.445      1703936       212992
       26624           64          28.954      3407872       425984
       26624          128          30.597      6815744       851968
       26624          256          32.130     13631488      1703936
       26624          512          36.097     27262976      3407872
       26624         1024          46.186     54525952      6815744
       26624         2048          59.161    109051904     13631488
       26624         4096          89.267    218103808     27262976
       26624         8192         166.170    436207616     54525952
       26624        16384         277.379    872415232    109051904
       26624        32768        7792.008   1744830464    218103808
       28672            1          47.990        57344         7168
       28672            2          30.658       114688        14336
       28672            4          29.365       229376        28672
       28672            8          28.443       458752        57344
       28672           16          30.066       917504       114688
       28672           32          30.056      1835008       229376
       28672           64          34.935      3670016       458752
       28672          128          30.086      7340032       917504
       28672          256          31.038     14680064      1835008
       28672          512          33.233     29360128      3670016
       28672         1024          38.863     58720256      7340032
       28672         2048          49.342    117440512     14680064
       28672         4096          68.989    234881024     29360128
       28672         8192         111.108    469762048     58720256
       28672        16384         193.923    939524096    117440512
       28672        32768        7702.782   1879048192    234881024
       30720            1          47.609        61440         7680
       30720            2          28.834       122880        15360
       30720            4          29.285       245760        30720
       30720            8          28.934       491520        61440
       30720           16          28.824       983040       122880
       30720           32          28.693      1966080       245760
       30720           64          29.836      3932160       491520
       30720          128          29.685      7864320       983040
       30720          256          34.034     15728640      1966080
       30720          512          38.672     31457280      3932160
       30720         1024          44.853     62914560      7864320
       30720         2048          58.379    125829120     15728640
       30720         4096          87.865    251658240     31457280
       30720         8192         135.343    503316480     62914560
       30720        16384         243.174   1006632960    125829120
       30720        32768        7774.385   2013265920    251658240
       33792            1          48.120        67584         8448
       33792            2          28.664       135168        16896
       33792            4          28.714       270336        33792
       33792            8          29.135       540672        67584
       33792           16          31.088      1081344       135168
       33792           32          29.225      2162688       270336
       33792           64          29.254      4325376       540672
       33792          128          29.795      8650752      1081344
       33792          256          31.840     17301504      2162688
       33792          512          35.407     34603008      4325376
       33792         1024          41.547     69206016      8650752
       33792         2048          52.849    138412032     17301504
       33792         4096          78.066    276824064     34603008
       33792         8192         128.641    553648128     69206016
       33792        16384         257.472   1107296256    138412032
       33792        32768        7770.999   2214592512    276824064
       36864            1          43.491        73728         9216
       36864            2          29.536       147456        18432
       36864            4          28.995       294912        36864
       36864            8          28.914       589824        73728
       36864           16          29.666      1179648       147456
       36864           32          29.334      2359296       294912
       36864           64          30.277      4718592       589824
       36864          128          30.818      9437184      1179648
       36864          256          32.421     18874368      2359296
       36864          512          36.738     37748736      4718592
       36864         1024          45.926     75497472      9437184
       36864         2048          64.871    150994944     18874368
       36864         4096         102.832    301989888     37748736
       36864         8192         185.116    603979776     75497472
       36864        16384         329.947   1207959552    150994944
       36864        32768        7744.439   2415919104    301989888
       39936            1          43.371        79872         9984
       39936            2          28.463       159744        19968
       39936            4          29.215       319488        39936
       39936            8          30.607       638976        79872
       39936           16          29.615      1277952       159744
       39936           32          30.928      2555904       319488
       39936           64          31.058      5111808       638976
       39936          128          31.819     10223616      1277952
       39936          256          41.298     20447232      2555904
       39936          512          36.989     40894464      5111808
       39936         1024          45.575     81788928     10223616
       39936         2048          61.525    163577856     20447232
       39936         4096          96.170    327155712     40894464
       39936         8192         163.877    654311424     81788928
       39936        16384         296.324   1308622848    163577856
       39936        32768        7817.657   2617245696    327155712
       43008            1          46.217        86016        10752
       43008            2          29.135       172032        21504
       43008            4          30.157       344064        43008
       43008            8          29.746       688128        86016
       43008           16          29.856      1376256       172032
       43008           32          29.084      2752512       344064
       43008           64          29.295      5505024       688128
       43008          128          31.198     11010048      1376256
       43008          256          32.671     22020096      2752512
       43008          512          38.262     44040192      5505024
       43008         1024          44.092     88080384     11010048
       43008         2048          60.623    176160768     22020096
       43008         4096          93.705    352321536     44040192
       43008         8192         159.859    704643072     88080384
       43008        16384        7639.894   1409286144    176160768
       47104            1          57.458        94208        11776
       47104            2          30.778       188416        23552
       47104            4          29.445       376832        47104
       47104            8          29.114       753664        94208
       47104           16          29.245      1507328       188416
       47104           32          30.226      3014656       376832
       47104           64          30.136      6029312       753664
       47104          128          30.617     12058624      1507328
       47104          256          32.872     24117248      3014656
       47104          512          35.447     48234496      6029312
       47104         1024          43.201     96468992     12058624
       47104         2048          60.062    192937984     24117248
       47104         4096          87.834    385875968     48234496
       47104         8192         161.452    771751936     96468992
       47104        16384        7694.357   1543503872    192937984
       51200            1          50.094       102400        12800
       51200            2          29.746       204800        25600
       51200            4          30.387       409600        51200
       51200            8          51.145       819200       102400
       51200           16          29.104      1638400       204800
       51200           32          28.934      3276800       409600
       51200           64          29.405      6553600       819200
       51200          128          30.257     13107200      1638400
       51200          256          32.731     26214400      3276800
       51200          512          36.959     52428800      6553600
       51200         1024          47.359    104857600     13107200
       51200         2048          63.559    209715200     26214400
       51200         4096         100.198    419430400     52428800
       51200         8192         172.342    838860800    104857600
       51200        16384        7651.295   1677721600    209715200
       56320            1          44.463       112640        14080
       56320            2          38.482       225280        28160
       56320            4          32.070       450560        56320
       56320            8          31.639       901120       112640
       56320           16          31.258      1802240       225280
       56320           32          31.739      3604480       450560
       56320           64          29.555      7208960       901120
       56320          128          30.828     14417920      1802240
       56320          256          32.911     28835840      3604480
       56320          512          38.071     57671680      7208960
       56320         1024          47.359    115343360     14417920
       56320         2048          64.801    230686720     28835840
       56320         4096         102.872    461373440     57671680
       56320         8192         185.176    922746880    115343360
       56320        16384        7670.371   1845493760    230686720
       61440            1          47.549       122880        15360
       61440            2          29.045       245760        30720
       61440            4          28.944       491520        61440
       61440            8          28.924       983040       122880
       61440           16          29.606      1966080       245760
       61440           32          28.774      3932160       491520
       61440           64          29.606      7864320       983040
       61440          128          31.288     15728640      1966080
       61440          256          32.611     31457280      3932160
       61440          512          37.651     62914560      7864320
       61440         1024          45.976    125829120     15728640
       61440         2048          61.845    251658240     31457280
       61440         4096          96.500    503316480     62914560
       61440         8192         165.539   1006632960    125829120
       61440        16384        7681.192   2013265920    251658240
       67584            1          42.179       135168        16896
       67584            2          36.969       270336        33792
       67584            4          28.644       540672        67584
       67584            8          29.255      1081344       135168
       67584           16          28.854      2162688       270336
       67584           32          29.355      4325376       540672
       67584           64          30.457      8650752      1081344
       67584          128          30.738     17301504      2162688
       67584          256          33.783     34603008      4325376
       67584          512          39.414     69206016      8650752
       67584         1024          48.370    138412032     17301504
       67584         2048          68.849    276824064     34603008
       67584         4096         106.299    553648128     69206016
       67584         8192         183.393   1107296256    138412032
       67584        16384        7751.243   2214592512    276824064
       73728            1          54.491       147456        18432
       73728            2          28.804       294912        36864
       73728            4          29.195       589824        73728
       73728            8          29.084      1179648       147456
       73728           16          29.155      2359296       294912
       73728           32          29.415      4718592       589824
       73728           64          31.319      9437184      1179648
       73728          128          31.539     18874368      2359296
       73728          256          33.432     37748736      4718592
       73728          512          38.091     75497472      9437184
       73728         1024          49.232    150994944     18874368
       73728         2048          65.673    301989888     37748736
       73728         4096         102.642    603979776     75497472
       73728         8192         174.806   1207959552    150994944
       73728        16384        7799.352   2415919104    301989888
       80896            1          47.349       161792        20224
       80896            2          28.763       323584        40448
       80896            4          29.125       647168        80896
       80896            8          29.155      1294336       161792
       80896           16          30.036      2588672       323584
       80896           32          53.500      5177344       647168
       80896           64          32.140     10354688      1294336
       80896          128          32.841     20709376      2588672
       80896          256          36.739     41418752      5177344
       80896          512          38.713     82837504     10354688
       80896         1024          49.853    165675008     20709376
       80896         2048          72.195    331350016     41418752
       80896         4096         113.762    662700032     82837504
       80896         8192         204.402   1325400064    165675008
       80896        16384        7772.291   2650800128    331350016
       88064            1          48.009       176128        22016
       88064            2          29.375       352256        44032
       88064            4          29.666       704512        88064
       88064            8          29.816      1409024       176128
       88064           16          29.606      2818048       352256
       88064           32          30.197      5636096       704512
       88064           64          30.146     11272192      1409024
       88064          128          31.098     22544384      2818048
       88064          256          34.184     45088768      5636096
       88064          512          39.675     90177536     11272192
       88064         1024          50.685    180355072     22544384
       88064         2048          72.134    360710144     45088768
       88064         4096         114.925    721420288     90177536
       88064         8192        7614.456   1442840576    180355072
       96256            1          46.587       192512        24064
       96256            2          31.028       385024        48128
       96256            4          28.794       770048        96256
       96256            8          29.054      1540096       192512
       96256           16          29.075      3080192       385024
       96256           32          29.284      6160384       770048
       96256           64          30.567     12320768      1540096
       96256          128          38.041     24641536      3080192
       96256          256          42.379     49283072      6160384
       96256          512          49.132     98566144     12320768
       96256         1024          62.107    197132288     24641536
       96256         2048          74.490    394264576     49283072
       96256         4096         121.177    788529152     98566144
       96256         8192        7632.901   1577058304    197132288
      105472            1          47.479       210944        26368
      105472            2          40.256       421888        52736
      105472            4          29.204       843776       105472
      105472            8          29.465      1687552       210944
      105472           16          29.846      3375104       421888
      105472           32          30.197      6750208       843776
      105472           64          30.026     13500416      1687552
      105472          128          32.551     27000832      3375104
      105472          256          35.686     54001664      6750208
      105472          512          40.656    108003328     13500416
      105472         1024          58.440    216006656     27000832
      105472         2048          82.074    432013312     54001664
      105472         4096         127.599    864026624    108003328
      105472         8192        7628.824   1728053248    216006656
      115712            1          46.628       231424        28928
      115712            2          29.475       462848        57856
      115712            4          29.726       925696       115712
      115712            8          29.294      1851392       231424
      115712           16          29.626      3702784       462848
      115712           32          36.568      7405568       925696
      115712           64          31.259     14811136      1851392
      115712          128          32.040     29622272      3702784
      115712          256          35.386     59244544      7405568
      115712          512          41.978    118489088     14811136
      115712         1024          55.864    236978176     29622272
      115712         2048          82.674    473956352     59244544
      115712         4096         138.869    947912704    118489088
      115712         8192        7620.548   1895825408    236978176
      126976            1          49.853       253952        31744
      126976            2          29.044       507904        63488
      126976            4          29.725      1015808       126976
      126976            8          29.846      2031616       253952
      126976           16          29.756      4063232       507904
      126976           32          30.337      8126464      1015808
      126976           64          31.399     16252928      2031616
      126976          128          33.182     32505856      4063232
      126976          256          37.730     65011712      8126464
      126976          512          53.630    130023424     16252928
      126976         1024          64.650    260046848     32505856
      126976         2048         101.058    520093696     65011712
      126976         4096         173.985   1040187392    130023424
      126976         8192        7626.529   2080374784    260046848
      139264            1          48.921       278528        34816
      139264            2          29.355       557056        69632
      139264            4          29.104      1114112       139264
      139264            8          29.996      2228224       278528
      139264           16          29.926      4456448       557056
      139264           32          29.585      8912896      1114112
      139264           64          30.677     17825792      2228224
      139264          128          32.711     35651584      4456448
      139264          256          36.028     71303168      8912896
      139264          512          44.794    142606336     17825792
      139264         1024          67.687    285212672     35651584
      139264         2048          93.785    570425344     71303168
      139264         4096         153.667   1140850688    142606336
      139264         8192        7714.304   2281701376    285212672
      152576            1          45.274       305152        38144
      152576            2          29.304       610304        76288
      152576            4          28.934      1220608       152576
      152576            8          29.795      2441216       305152
      152576           16          29.996      4882432       610304
      152576           32          31.409      9764864      1220608
      152576           64          30.947     19529728      2441216
      152576          128          32.932     39059456      4882432
      152576          256          38.121     78118912      9764864
      152576          512          47.399    156237824     19529728
      152576         1024          64.941    312475648     39059456
      152576         2048         110.977    624951296     78118912
      152576         4096         203.861   1249902592    156237824
      152576         8192        7665.061   2499805184    312475648
      166912            1          45.205       333824        41728
      166912            2          28.514       667648        83456
      166912            4          29.235      1335296       166912
      166912            8          29.686      2670592       333824
      166912           16          29.756      5341184       667648
      166912           32          30.868     10682368      1335296
      166912           64          33.091     21364736      2670592
      166912          128          36.047     42729472      5341184
      166912          256          43.502     85458944     10682368
      166912          512          57.668    170917888     21364736
      166912         1024          92.303    341835776     42729472
      166912         2048         150.562    683671552     85458944
      166912         4096        7582.958   1367343104    170917888
      183296            1          46.567       366592        45824
      183296            2          29.655       733184        91648
      183296            4          28.694      1466368       183296
      183296            8          29.165      2932736       366592
      183296           16          31.429      5865472       733184
      183296           32          30.908     11730944      1466368
      183296           64          33.102     23461888      2932736
      183296          128          37.590     46923776      5865472
      183296          256          46.227     93847552     11730944
      183296          512          65.152    187695104     23461888
      183296         1024         102.312    375390208     46923776
      183296         2048         185.046    750780416     93847552
      183296         4096        7627.321   1501560832    187695104
      200704            1          48.852       401408        50176
      200704            2          29.024       802816       100352
      200704            4          29.505      1605632       200704
      200704            8          29.926      3211264       401408
      200704           16          29.495      6422528       802816
      200704           32          31.219     12845056      1605632
      200704           64          31.600     25690112      3211264
      200704          128          35.697     51380224      6422528
      200704          256          42.319    102760448     12845056
      200704          512          54.272    205520896     25690112
      200704         1024          79.429    411041792     51380224
      200704         2048         130.063    822083584    102760448
      200704         4096        7625.978   1644167168    205520896
      220160            1          44.082       440320        55040
      220160            2          29.706       880640       110080
      220160            4          30.056      1761280       220160
      220160            8          29.685      3522560       440320
      220160           16          29.455      7045120       880640
      220160           32          30.857     14090240      1761280
      220160           64          32.330     28180480      3522560
      220160          128          34.414     56360960      7045120
      220160          256          40.926    112721920     14090240
      220160          512          53.511    225443840     28180480
      220160         1024          78.236    450887680     56360960
      220160         2048         128.770    901775360    112721920
      220160         4096        7612.923   1803550720    225443840
      241664            1          55.424       483328        60416
      241664            2          35.025       966656       120832
      241664            4          29.766      1933312       241664
      241664            8          30.447      3866624       483328
      241664           16          32.200      7733248       966656
      241664           32          30.767     15466496      1933312
      241664           64          32.571     30932992      3866624
      241664          128          35.747     61865984      7733248
      241664          256          41.157    123731968     15466496
      241664          512          54.682    247463936     30932992
      241664         1024         109.815    494927872     61865984
      241664         2048         131.916    989855744    123731968
      241664         4096        7697.361   1979711488    247463936
      265216            1          48.471       530432        66304
      265216            2          31.439      1060864       132608
      265216            4          29.465      2121728       265216
      265216            8          29.766      4243456       530432
      265216           16          30.327      8486912      1060864
      265216           32          31.189     16973824      2121728
      265216           64          33.092     33947648      4243456
      265216          128          35.837     67895296      8486912
      265216          256          43.261    135790592     16973824
      265216          512          65.643    271581184     33947648
      265216         1024          90.419    543162368     67895296
      265216         2048         146.824   1086324736    135790592
      265216         4096        7625.858   2172649472    271581184
      290816            1          45.876       581632        72704
      290816            2          30.036      1163264       145408
      290816            4          29.756      2326528       290816
      290816            8          29.505      4653056       581632
      290816           16          30.527      9306112      1163264
      290816           32          30.818     18612224      2326528
      290816           64          35.026     37224448      4653056
      290816          128          36.789     74448896      9306112
      290816          256          45.435    148897792     18612224
      290816          512          58.700    297795584     37224448
      290816         1024          89.377    595591168     74448896
      290816         2048         157.915   1191182336    148897792
      290816         4096        7649.372   2382364672    297795584
      319488            1          48.240       638976        79872
      319488            2          29.536      1277952       159744
      319488            4          30.457      2555904       319488
      319488            8          29.606      5111808       638976
      319488           16          30.487     10223616      1277952
      319488           32          30.998     20447232      2555904
      319488           64          33.522     40894464      5111808
      319488          128          38.071     81788928     10223616
      319488          256          45.846    163577856     20447232
      319488          512          62.978    327155712     40894464
      319488         1024          95.168    654311424     81788928
      319488         2048         169.146   1308622848    163577856
      319488         4096        7732.989   2617245696    327155712
      351232            1          48.320       702464        87808
      351232            2          33.232      1404928       175616
      351232            4          30.918      2809856       351232
      351232            8          31.338      5619712       702464
      351232           16          31.509     11239424      1404928
      351232           32          32.831     22478848      2809856
      351232           64          35.537     44957696      5619712
      351232          128          39.544     89915392     11239424
      351232          256          47.479    179830784     22478848
      351232          512          66.164    359661568     44957696
      351232         1024         103.764    719323136     89915392
      351232         2048        7565.014   1438646272    179830784
      386048            1          48.951       772096        96512
      386048            2          29.615      1544192       193024
      386048            4          40.756      3088384       386048
      386048            8          34.214      6176768       772096
      386048           16          31.369     12353536      1544192
      386048           32          32.501     24707072      3088384
      386048           64          36.579     49414144      6176768
      386048          128          42.860     98828288     12353536
      386048          256          61.205    197656576     24707072
      386048          512         100.839    395313152     49414144
      386048         1024         157.374    790626304     98828288
      386048         2048        7635.837   1581252608    197656576
      423936            1          45.264       847872       105984
      423936            2          32.511      1695744       211968
      423936            4          30.537      3391488       423936
      423936            8          31.538      6782976       847872
      423936           16          31.729     13565952      1695744
      423936           32          32.852     27131904      3391488
      423936           64          35.346     54263808      6782976
      423936          128          42.329    108527616     13565952
      423936          256          55.474    217055232     27131904
      423936          512          81.393    434110464     54263808
      423936         1024         133.039    868220928    108527616
      423936         2048        7633.022   1736441856    217055232
      465920            1          48.581       931840       116480
      465920            2          29.264      1863680       232960
      465920            4          29.646      3727360       465920
      465920            8          29.836      7454720       931840
      465920           16          31.058     14909440      1863680
      465920           32          34.004     29818880      3727360
      465920           64          36.639     59637760      7454720
      465920          128          44.433    119275520     14909440
      465920          256          58.489    238551040     29818880
      465920          512          85.690    477102080     59637760
      465920         1024         146.705    954204160    119275520
      465920         2048        7662.046   1908408320    238551040
      512000            1          46.387      1024000       128000
      512000            2          29.605      2048000       256000
      512000            4          33.633      4096000       512000
      512000            8          30.908      8192000      1024000
      512000           16          31.269     16384000      2048000
      512000           32          33.243     32768000      4096000
      512000           64          36.929     65536000      8192000
      512000          128          44.172    131072000     16384000
      512000          256          59.291    262144000     32768000
      512000          512          89.858    524288000     65536000
      512000         1024         151.242   1048576000    131072000
      512000         2048        7667.045   2097152000    262144000
      563200            1          48.531      1126400       140800
      563200            2          30.887      2252800       281600
      563200            4          30.056      4505600       563200
      563200            8          30.717      9011200      1126400
      563200           16          31.308     18022400      2252800
      563200           32          33.653     36044800      4505600
      563200           64          46.637     72089600      9011200
      563200          128          57.467    144179200     18022400
      563200          256          76.413    288358400     36044800
      563200          512          97.883    576716800     72089600
      563200         1024         159.899   1153433600    144179200
      563200         2048        7675.461   2306867200    288358400
      619520            1          55.264      1239040       154880
      619520            2          31.539      2478080       309760
      619520            4          32.711      4956160       619520
      619520            8          31.519      9912320      1239040
      619520           16          32.371     19824640      2478080
      619520           32          33.894     39649280      4956160
      619520           64          39.594     79298560      9912320
      619520          128          46.828    158597120     19824640
      619520          256          65.051    317194240     39649280
      619520          512          99.075    634388480     79298560
      619520         1024         169.446   1268776960    158597120
      619520         2048        7646.868   2537553920    317194240
      680960            1          49.873      1361920       170240
      680960            2          33.823      2723840       340480
      680960            4          30.998      5447680       680960
      680960            8          30.677     10895360      1361920
      680960           16          33.703     21790720      2723840
      680960           32          36.629     43581440      5447680
      680960           64          39.043     87162880     10895360
      680960          128          50.654    174325760     21790720
      680960          256          68.879    348651520     43581440
      680960          512         106.298    697303040     87162880
      680960         1024        7615.659   1394606080    174325760
      748544            1          54.121      1497088       187136
      748544            2          31.098      2994176       374272
      748544            4          30.597      5988352       748544
      748544            8          34.194     11976704      1497088
      748544           16          31.709     23953408      2994176
      748544           32          34.845     47906816      5988352
      748544           64          39.784     95813632     11976704
      748544          128          50.374    191627264     23953408
      748544          256          70.332    383254528     47906816
      748544          512         119.764    766509056     95813632
      748544         1024        7568.020   1533018112    191627264
      823296            1          47.238      1646592       205824
      823296            2          30.567      3293184       411648
      823296            4          31.489      6586368       823296
      823296            8          31.189     13172736      1646592
      823296           16          32.981     26345472      3293184
      823296           32          35.416     52690944      6586368
      823296           64          40.756    105381888     13172736
      823296          128          52.228    210763776     26345472
      823296          256          74.048    421527552     52690944
      823296          512         120.124    843055104    105381888
      823296         1024        7564.914   1686110208    210763776
      905216            1          52.608      1810432       226304
      905216            2          31.118      3620864       452608
      905216            4          30.648      7241728       905216
      905216            8          31.149     14483456      1810432
      905216           16          32.942     28966912      3620864
      905216           32          36.789     57933824      7241728
      905216           64          52.077    115867648     14483456
      905216          128          53.059    231735296     28966912
      905216          256          79.128    463470592     57933824
      905216          512         128.570    926941184    115867648
      905216         1024        7616.991   1853882368    231735296
      995328            1          54.372      1990656       248832
      995328            2          35.076      3981312       497664
      995328            4          32.230      7962624       995328
      995328            8          33.503     15925248      1990656
      995328           16          33.332     31850496      3981312
      995328           32          36.788     63700992      7962624
      995328           64          43.201    127401984     15925248
      995328          128          55.664    254803968     31850496
      995328          256          83.366    509607936     63700992
      995328          512         143.378   1019215872    127401984
      995328         1024        7619.025   2038431744    254803968
     1094656            1          52.589      2189312       273664
     1094656            2          30.978      4378624       547328
     1094656            4          30.777      8757248      1094656
     1094656            8          32.460     17514496      2189312
     1094656           16          34.244     35028992      4378624
     1094656           32          37.159     70057984      8757248
     1094656           64          44.634    140115968     17514496
     1094656          128          60.363    280231936     35028992
     1094656          256          91.681    560463872     70057984
     1094656          512         146.063   1120927744    140115968
     1094656         1024        7622.031   2241855488    280231936
     1203200            1          53.140      2406400       300800
     1203200            2          32.341      4812800       601600
     1203200            4          33.793      9625600      1203200
     1203200            8          32.290     19251200      2406400
     1203200           16          35.577     38502400      4812800
     1203200           32          39.023     77004800      9625600
     1203200           64          46.307    154009600     19251200
     1203200          128          62.046    308019200     38502400
     1203200          256          94.126    616038400     77004800
     1203200          512         157.485   1232076800    154009600
     1203200         1024        7682.554   2464153600    308019200
     1323008            1          54.382      2646016       330752
     1323008            2          31.810      5292032       661504
     1323008            4          31.629     10584064      1323008
     1323008            8          32.932     21168128      2646016
     1323008           16          36.598     42336256      5292032
     1323008           32          50.584     84672512     10584064
     1323008           64          49.683    169345024     21168128
     1323008          128          65.913    338690048     42336256
     1323008          256          99.085    677380096     84672512
     1323008          512         168.785   1354760192    169345024
     1323008         1024        7707.080   2709520384    338690048
     1455104            1          57.888      2910208       363776
     1455104            2          32.541      5820416       727552
     1455104            4          31.690     11640832      1455104
     1455104            8          33.403     23281664      2910208
     1455104           16          35.626     46563328      5820416
     1455104           32          40.155     93126656     11640832
     1455104           64          50.004    186253312     23281664
     1455104          128          77.204    372506624     46563328
     1455104          256         106.489    745013248     93126656
     1455104          512        7565.676   1490026496    186253312
     1600512            1          58.340      3201024       400128
     1600512            2          33.212      6402048       800256
     1600512            4          35.186     12804096      1600512
     1600512            8          33.132     25608192      3201024
     1600512           16          37.169     51216384      6402048
     1600512           32          41.117    102432768     12804096
     1600512           64          72.024    204865536     25608192
     1600512          128          72.686    409731072     51216384
     1600512          256         113.011    819462144    102432768
     1600512          512        7563.872   1638924288    204865536
     1760256            1          59.451      3520512       440064
     1760256            2          32.531      7041024       880128
     1760256            4          33.032     14082048      1760256
     1760256            8          34.414     28164096      3520512
     1760256           16          36.879     56328192      7041024
     1760256           32          44.232    112656384     14082048
     1760256           64          54.071    225312768     28164096
     1760256          128          75.912    450625536     56328192
     1760256          256         120.696    901251072    112656384
     1760256          512        7596.403   1802502144    225312768
     1935360            1          61.846      3870720       483840
     1935360            2          32.510      7741440       967680
     1935360            4          34.184     15482880      1935360
     1935360            8          34.234     30965760      3870720
     1935360           16          37.260     61931520      7741440
     1935360           32          43.261    123863040     15482880
     1935360           64          55.634    247726080     30965760
     1935360          128          81.392    495452160     61931520
     1935360          256         137.147    990904320    123863040
     1935360          512        7611.421   1981808640    247726080
     2128896            1          59.041      4257792       532224
     2128896            2          32.671      8515584      1064448
     2128896            4          33.132     17031168      2128896
     2128896            8          34.755     34062336      4257792
     2128896           16          38.462     68124672      8515584
     2128896           32          45.505    136249344     17031168
     2128896           64          58.680    272498688     34062336
     2128896          128          85.841    544997376     68124672
     2128896          256         155.842   1089994752    136249344
     2128896          512        7660.864   2179989504    272498688
     2340864            1          60.022      4681728       585216
     2340864            2          34.735      9363456      1170432
     2340864            4          42.159     18726912      2340864
     2340864            8          35.687     37453824      4681728
     2340864           16          47.860     74907648      9363456
     2340864           32          57.848    149815296     18726912
     2340864           64          75.521    299630592     37453824
     2340864          128          91.782    599261184     74907648
     2340864          256         149.971   1198522368    149815296
     2340864          512        7678.817   2397044736    299630592
     2574336            1          64.912      5148672       643584
     2574336            2          34.634     10297344      1287168
     2574336            4          34.955     20594688      2574336
     2574336            8          37.170     41189376      5148672
     2574336           16          40.706     82378752     10297344
     2574336           32          48.691    164757504     20594688
     2574336           64          73.017    329515008     41189376
     2574336          128         102.181    659030016     82378752
     2574336          256         164.488   1318060032    164757504
     2574336          512        7708.312   2636120064    329515008
     2831360            1          68.268      5662720       707840
     2831360            2          33.593     11325440      1415680
     2831360            4          34.545     22650880      2831360
     2831360            8          36.749     45301760      5662720
     2831360           16          40.797     90603520     11325440
     2831360           32          50.555    181207040     22650880
     2831360           64          68.999    362414080     45301760
     2831360          128         110.046    724828160     90603520
     2831360          256        7600.731   1449656320    181207040
     3113984            1          69.430      6227968       778496
     3113984            2          33.923     12455936      1556992
     3113984            4          37.510     24911872      3113984
     3113984            8          39.965     49823744      6227968
     3113984           16          43.922     99647488     12455936
     3113984           32          53.680    199294976     24911872
     3113984           64          72.806    398589952     49823744
     3113984          128         112.290    797179904     99647488
     3113984          256        7603.015   1594359808    199294976
     3425280            1          68.508      6850560       856320
     3425280            2          36.679     13701120      1712640
     3425280            4          36.257     27402240      3425280
     3425280            8          38.993     54804480      6850560
     3425280           16          51.736    109608960     13701120
     3425280           32          55.483    219217920     27402240
     3425280           64          77.104    438435840     54804480
     3425280          128         118.481    876871680    109608960
     3425280          256        7589.280   1753743360    219217920
     3767296            1          74.129      7534592       941824
     3767296            2          35.526     15069184      1883648
     3767296            4          37.160     30138368      3767296
     3767296            8          40.295     60276736      7534592
     3767296           16          46.046    120553472     15069184
     3767296           32          58.139    241106944     30138368
     3767296           64          80.661    482213888     60276736
     3767296          128         127.118    964427776    120553472
     3767296          256        7622.622   1928855552    241106944
     4143104            1          73.167      8286208      1035776
     4143104            2          35.566     16572416      2071552
     4143104            4          37.070     33144832      4143104
     4143104            8          41.788     66289664      8286208
     4143104           16          47.699    132579328     16572416
     4143104           32          60.503    265158656     33144832
     4143104           64          86.432    530317312     66289664
     4143104          128         137.287   1060634624    132579328
     4143104          256        7593.057   2121269248    265158656
     4556800            1          77.575      9113600      1139200
     4556800            2          36.609     18227200      2278400
     4556800            4          38.943     36454400      4556800
     4556800            8          43.261     72908800      9113600
     4556800           16          49.533    145817600     18227200
     4556800           32          69.981    291635200     36454400
     4556800           64          90.830    583270400     72908800
     4556800          128         151.864   1166540800    145817600
     4556800          256        7657.226   2333081600    291635200
     5012480            1          83.296     10024960      1253120
     5012480            2          38.592     20049920      2506240
     5012480            4          41.217     40099840      5012480
     5012480            8          43.612     80199680     10024960
     5012480           16          52.228    160399360     20049920
     5012480           32          66.304    320798720     40099840
     5012480           64         102.852    641597440     80199680
     5012480          128         166.432   1283194880    160399360
     5012480          256        7631.799   2566389760    320798720
     5513216            1          80.010     11026432      1378304
     5513216            2          39.043     22052864      2756608
     5513216            4          39.995     44105728      5513216
     5513216            8          45.245     88211456     11026432
     5513216           16          53.189    176422912     22052864
     5513216           32          70.882    352845824     44105728
     5513216           64         104.195    705691648     88211456
     5513216          128        7569.132   1411383296    176422912
     6064128            1          82.755     12128256      1516032
     6064128            2          41.197     24256512      3032064
     6064128            4          46.938     48513024      6064128
     6064128            8          54.191     97026048     12128256
     6064128           16          55.694    194052096     24256512
     6064128           32          74.149    388104192     48513024
     6064128           64         111.478    776208384     97026048
     6064128          128        7573.380   1552416768    194052096
     6670336            1          88.525     13340672      1667584
     6670336            2          40.616     26681344      3335168
     6670336            4          43.542     53362688      6670336
     6670336            8          48.050    106725376     13340672
     6670336           16          58.950    213450752     26681344
     6670336           32          78.597    426901504     53362688
     6670336           64         119.895    853803008    106725376
     6670336          128        7598.176   1707606016    213450752
     7336960            1         107.231     14673920      1834240
     7336960            2          42.780     29347840      3668480
     7336960            4          45.115     58695680      7336960
     7336960            8          50.775    117391360     14673920
     7336960           16          62.176    234782720     29347840
     7336960           32          84.738    469565440     58695680
     7336960           64         128.360    939130880    117391360
     7336960          128        7624.766   1878261760    234782720
     8070144            1          99.716     16140288      2017536
     8070144            2          43.191     32280576      4035072
     8070144            4          45.906     64561152      8070144
     8070144            8          51.676    129122304     16140288
     8070144           16          65.162    258244608     32280576
     8070144           32          97.442    516489216     64561152
     8070144           64         139.391   1032978432    129122304
     8070144          128        7632.290   2065956864    258244608
     8877056            1         102.231     17754112      2219264
     8877056            2          45.905     35508224      4438528
     8877056            4          47.549     71016448      8877056
     8877056            8          55.144    142032896     17754112
     8877056           16          68.719    284065792     35508224
     8877056           32          95.398    568131584     71016448
     8877056           64         150.291   1136263168    142032896
     8877056          128        7608.645   2272526336    284065792
     9763840            1         119.383     19527680      2440960
     9763840            2          48.130     39055360      4881920
     9763840            4          49.743     78110720      9763840
     9763840            8          57.718    156221440     19527680
     9763840           16          73.227    312442880     39055360
     9763840           32         102.852    624885760     78110720
     9763840           64         162.073   1249771520    156221440
     9763840          128        7674.919   2499543040    312442880
    10739712            1         115.215     21479424      2684928
    10739712            2          57.959     42958848      5369856
    10739712            4          51.937     85917696     10739712
    10739712            8          61.535    171835392     21479424
    10739712           16          77.375    343670784     42958848
    10739712           32         108.733    687341568     85917696
    10739712           64        7520.160   1374683136    171835392
    11812864            1         127.558     23625728      2953216
    11812864            2          53.911     47251456      5906432
    11812864            4          54.602     94502912     11812864
    11812864            8          63.850    189005824     23625728
    11812864           16          82.063    378011648     47251456
    11812864           32         117.940    756023296     94502912
    11812864           64        7537.984   1512046592    189005824
    12993536            1         141.665     25987072      3248384
    12993536            2          58.570     51974144      6496768
    12993536            4          57.347    103948288     12993536
    12993536            8          66.845    207896576     25987072
    12993536           16          87.083    415793152     51974144
    12993536           32         126.777    831586304    103948288
    12993536           64        7575.353   1663172608    207896576
    14291968            1         137.207     28583936      3572992
    14291968            2          63.349     57167872      7145984
    14291968            4          60.203    114335744     14291968
    14291968            8          70.692    228671488     28583936
    14291968           16          99.186    457342976     57167872
    14291968           32         140.934    914685952    114335744
    14291968           64        7600.170   1829371904    228671488
    15720448            1         151.052     31440896      3930112
    15720448            2          71.694     62881792      7860224
    15720448            4          63.419    125763584     15720448
    15720448            8          75.381    251527168     31440896
    15720448           16          99.406    503054336     62881792
    15720448           32         147.035   1006108672    125763584
    15720448           64        7617.582   2012217344    251527168
    17292288            1         159.468     34584576      4323072
    17292288            2          76.654     69169152      8646144
    17292288            4          68.208    138338304     17292288
    17292288            8          81.292    276676608     34584576
    17292288           16         130.514    553353216     69169152
    17292288           32         167.614   1106706432    138338304
    17292288           64        7603.315   2213412864    276676608
    19020800            1         177.262     38041600      4755200
    19020800            2          80.761     76083200      9510400
    19020800            4          74.789    152166400     19020800
    19020800            8          85.730    304332800     38041600
    19020800           16         115.185    608665600     76083200
    19020800           32         171.941   1217331200    152166400
    19020800           64        7675.761   2434662400    304332800
    20922368            1         182.912     41844736      5230592
    20922368            2          93.074     83689472     10461184
    20922368            4          75.542    167378944     20922368
    20922368            8          95.439    334757888     41844736
    20922368           16         123.220    669515776     83689472
    20922368           32         187.400   1339031552    167378944
    20922368           64        7612.233   2678063104    334757888
    23014400            1         199.894     46028800      5753600
    23014400            2         100.478     92057600     11507200
    23014400            4          81.413    184115200     23014400
    23014400            8          96.791    368230400     46028800
    23014400           16         131.877    736460800     92057600
    23014400           32        7515.722   1472921600    184115200
    25315328            1         215.193     50630656      6328832
    25315328            2         102.321    101261312     12657664
    25315328            4          85.219    202522624     25315328
    25315328            8         103.964    405045248     50630656
    25315328           16         147.696    810090496    101261312
    25315328           32        7505.073   1620180992    202522624
    27846656            1         231.403     55693312      6961664
    27846656            2         105.097    111386624     13923328
    27846656            4          89.798    222773248     27846656
    27846656            8         127.208    445546496     55693312
    27846656           16         188.272    891092992    111386624
    27846656           32        7607.484   1782185984    222773248
    30630912            1         256.860     61261824      7657728
    30630912            2         113.182    122523648     15315456
    30630912            4         120.546    245047296     30630912
    30630912            8         147.456    490094592     61261824
    30630912           16         170.098    980189184    122523648
    30630912           32        7541.480   1960378368    245047296
    33693696            1         278.791     67387392      8423424
    33693696            2         119.232    134774784     16846848
    33693696            4         108.553    269549568     33693696
    33693696            8         128.961    539099136     67387392
    33693696           16         181.850   1078198272    134774784
    33693696           32        7548.894   2156396544    269549568
    37062656            1         322.974     74125312      9265664
    37062656            2         124.674    148250624     18531328
    37062656            4         110.917    296501248     37062656
    37062656            8         139.460    593002496     74125312
    37062656           16         199.463   1186004992    148250624
    37062656           32        7636.558   2372009984    296501248
    40768512            1         328.033     81537024     10192128
    40768512            2         133.710    163074048     20384256
    40768512            4         123.551    326148096     40768512
    40768512            8         149.440    652296192     81537024
    40768512           16         210.955   1304592384    163074048
    40768512           32        7676.452   2609184768    326148096
    44845056            1         357.028     89690112     11211264
    44845056            2         161.232    179380224     22422528
    44845056            4         129.302    358760448     44845056
    44845056            8         162.333    717520896     89690112
    44845056           16        7525.951   1435041792    179380224
    49329152            1         386.573     98658304     12332288
    49329152            2         153.116    197316608     24664576
    49329152            4         137.777    394633216     49329152
    49329152            8         175.248    789266432     98658304
    49329152           16        7531.412   1578532864    197316608
    54261760            1         430.135    108523520     13565440
    54261760            2         161.342    217047040     27130880
    54261760            4         149.229    434094080     54261760
    54261760            8         189.344    868188160    108523520
    54261760           16        7522.164   1736376320    217047040
    59687936            1         468.135    119375872     14921984
    59687936            2         169.066    238751744     29843968
    59687936            4         159.970    477503488     59687936
    59687936            8         209.492    955006976    119375872
    59687936           16        7558.192   1910013952    238751744
    65655808            1         506.347    131311616     16413952
    65655808            2         185.898    262623232     32827904
    65655808            4         174.106    525246464     65655808
    65655808            8         225.552   1050492928    131311616
    65655808           16        7530.900   2100985856    262623232
    72220672            1         554.046    144441344     18055168
    72220672            2         217.627    288882688     36110336
    72220672            4         190.757    577765376     72220672
    72220672            8         250.107   1155530752    144441344
    72220672           16        7629.074   2311061504    288882688
    79441920            1         603.679    158883840     19860480
    79441920            2         215.723    317767680     39720960
    79441920            4         207.879    635535360     79441920
    79441920            8         269.294   1271070720    158883840
    79441920           16        7657.387   2542141440    317767680
    87386112            1         667.779    174772224     21846528
    87386112            2         271.948    349544448     43693056
    87386112            4         229.098    699088896     87386112
    87386112            8        7556.568   1398177792    174772224
    96123904            1         729.514    192247808     24030976
    96123904            2         266.328    384495616     48061952
    96123904            4         288.670    768991232     96123904
    96123904            8        7595.481   1537982464    192247808
   105736192            1         806.669    211472384     26434048
   105736192            2         296.604    422944768     52868096
   105736192            4         321.702    845889536    105736192
   105736192            8        7644.352   1691779072    211472384
   116308992            1         883.312    232617984     29077248
   116308992            2         371.174    465235968     58154496
   116308992            4         331.811    930471936    116308992
   116308992            8        7613.275   1860943872    232617984
   127939584            1         982.336    255879168     31984896
   127939584            2         439.963    511758336     63969792
   127939584            4         393.736   1023516672    127939584
   127939584            8        7656.906   2047033344    255879168
   140733440            1        1070.131    281466880     35183360
   140733440            2         601.665    562933760     70366720
   140733440            4         496.378   1125867520    140733440
   140733440            8        7849.296   2251735040    281466880
   154806272            1        1147.887    309612544     38701568
   154806272            2         864.998    619225088     77403136
   154806272            4         743.140   1238450176    154806272
   154806272            8        7917.213   2476900352    309612544
   170286080            1        1275.044    340572160     42571520
   170286080            2        1100.648    681144320     85143040
   170286080            4        8150.108   1362288640    170286080
   187314176            1        1397.302    374628352     46828544
   187314176            2        1224.649    749256704     93657088
   187314176            4        8314.115   1498513408    187314176
   206045184            1        1527.145    412090368     51511296
   206045184            2        1356.817    824180736    103022592
   206045184            4        8472.741   1648361472    206045184
   226649088            1        1672.416    453298176     56662272
   226649088            2        1628.284    906596352    113324544
   226649088            4        8741.244   1813192704    226649088
   249313280            1        1854.807    498626560     62328320
   249313280            2        1849.397    997253120    124656640
   249313280            4        8955.364   1994506240    249313280
   274244608            1        2042.258    548489216     68561152
   274244608            2        2106.338   1096978432    137122304
   274244608            4        9098.662   2193956864    274244608
   301668352            1        2230.591    603336704     75417088
   301668352            2        2521.514   1206673408    150834176
   301668352            4        9764.216   2413346816    301668352
   331834368            1        2430.674    663668736     82958592
   331834368            2        2982.827   1327337472    165917184
   331834368            4       10046.754   2654674944    331834368
   365017088            1        2687.274    730034176     91254272
   365017088            2       10163.834   1460068352    182508544
   401518592            1        2944.816    803037184    100379648
   401518592            2       10593.687   1606074368    200759296
   441669632            1        3213.749    883339264    110417408
   441669632            2       10624.915   1766678528    220834816
   485835776            1        3510.283    971671552    121458944
   485835776            2       10913.935   1943343104    242917888
   534418432            1        3904.811   1068836864    133604608
   534418432            2       11567.057   2137673728    267209216
   587859968            1        4307.814   1175719936    146964992
   587859968            2       13287.614   2351439872    293929984
   646645760            1        4718.002   1293291520    161661440
   646645760            2       15270.502   2586583040    323322880
   711310336            1       12507.665   1422620672    177827584
   782440448            1       12977.424   1564880896    195610112
   860684288            1       13625.686   1721368576    215171072
   946752512            1       14229.735   1893505024    236688128
  1041427456            1       14940.965   2082854912    260356864
  1145569280            1       15731.733   2291138560    286392320
  1260126208            1        9155.137   2520252416    315031552

META_DATA
FLOPS          2
MPI_PROCS      32
OPENMP_THREADS 4
ERT_VERSION  1.1.0
HOSTNAME  ('tcn46.local.snellius.surf.nl', [], ['172.18.56.56'])
UNAME  uname_result(system='Linux', node='tcn46.local.snellius.surf.nl', release='4.18.0-372.80.1.el8_6.x86_64', version='#1 SMP Fri Nov 3 14:30:16 EDT 2023', machine='x86_64', processor='x86_64')
TIMESTAMP_DATA  1707384717.9107537
CONFIG  {'ERT_RESULTS': ['Results.snellius.01'], 'ERT_DRIVER': ['driver1'], 'ERT_KERNEL': ['kernel1'], 'ERT_MPI': ['True'], 'ERT_MPI_CFLAGS': [], 'ERT_MPI_LDFLAGS': [], 'ERT_OPENMP': ['True'], 'ERT_OPENMP_CFLAGS': ['-fopenmp'], 'ERT_OPENMP_LDFLAGS': ['-fopenmp'], 'ERT_FLOPS': ['1,2,4,8,16'], 'ERT_ALIGN': ['32'], 'ERT_CC': ['mpic++'], 'ERT_CFLAGS': ['-Ofast', '-fargument-noalias', '-mavx2'], 'ERT_LD': ['mpic++'], 'ERT_LDFLAGS': [], 'ERT_LDLIBS': [], 'ERT_RUN': ['export', 'OMP_NUM_THREADS=ERT_OPENMP_THREADS;', 'mpirun', '-np', 'ERT_MPI_PROCS', 'ERT_CODE'], 'ERT_PROCS_THREADS': ['32,64,128'], 'ERT_MPI_PROCS': ['32,64,128'], 'ERT_OPENMP_THREADS': ['1,2,4,8'], 'ERT_NUM_EXPERIMENTS': ['5'], 'ERT_MEMORY_MAX': ['1357905920'], 'ERT_WORKING_SET_MIN': ['1'], 'ERT_TRIALS_MIN': ['1'], 'ERT_GNUPLOT': ['gnuplot'], 'ERT_GPU': [False], 'ERT_HIP': [False], 'ERT_PRECISION': ['FP64'], 'ERT_OCL': [False], 'ERT_SYCL': [False], 'ERT_WSS_MULT': [1.1]}
