fp64
        1024            1          25.828         2048          128
        1024            2          17.312         4096          256
        1024            4          19.146         8192          512
        1024            8          16.611        16384         1024
        1024           16          18.264        32768         2048
        1024           32          19.937        65536         4096
        1024           64          18.604       131072         8192
        1024          128          17.693       262144        16384
        1024          256          19.576       524288        32768
        1024          512          18.574      1048576        65536
        1024         1024          19.807      2097152       131072
        1024         2048          20.819      4194304       262144
        1024         4096          23.815      8388608       524288
        1024         8192          26.319     16777216      1048576
        1024        16384          40.746     33554432      2097152
        1024        32768          55.153     67108864      4194304
        1024        65536          92.673    134217728      8388608
        1024       131072         170.690    268435456     16777216
        1024       262144         326.500    536870912     33554432
        1024       524288         687.716   1073741824     67108864
        1024      1048576        9069.567   2147483648    134217728
        2048            1         795.427         4096          256
        2048            2          20.118         8192          512
        2048            4          17.392        16384         1024
        2048            8          18.575        32768         2048
        2048           16          18.154        65536         4096
        2048           32          16.952       131072         8192
        2048           64          18.034       262144        16384
        2048          128          18.525       524288        32768
        2048          256          17.062      1048576        65536
        2048          512          18.094      2097152       131072
        2048         1024          18.785      4194304       262144
        2048         2048          19.948      8388608       524288
        2048         4096          21.851     16777216      1048576
        2048         8192          26.389     33554432      2097152
        2048        16384          35.947     67108864      4194304
        2048        32768          54.912    134217728      8388608
        2048        65536          95.128    268435456     16777216
        2048       131072         226.894    536870912     33554432
        2048       262144         327.182   1073741824     67108864
        2048       524288        7976.935   2147483648    134217728
        3072            1         762.966         6144          384
        3072            2           7.955        12288          768
        3072            4           6.502        24576         1536
        3072            8           4.920        49152         3072
        3072           16           6.202        98304         6144
        3072           32           5.360       196608        12288
        3072           64           6.823       393216        24576
        3072          128           5.270       786432        49152
        3072          256           6.201      1572864        98304
        3072          512           6.262      3145728       196608
        3072         1024          12.093      6291456       393216
        3072         2048           7.635     12582912       786432
        3072         4096           9.297     25165824      1572864
        3072         8192          13.866     50331648      3145728
        3072        16384          13.135    100663296      6291456
        3072        32768          24.005    201326592     12582912
        3072        65536          30.827    402653184     25165824
        3072       131072          58.680    805306368     50331648
        3072       262144        7541.290   1610612736    100663296
        4096            1          36.368         8192          512
        4096            2          14.147        16384         1024
        4096            4          12.744        32768         2048
        4096            8          10.099        65536         4096
        4096           16           5.570       131072         8192
        4096           32           5.049       262144        16384
        4096           64           5.440       524288        32768
        4096          128           6.222      1048576        65536
        4096          256           6.763      2097152       131072
        4096          512           6.773      4194304       262144
        4096         1024           7.124      8388608       524288
        4096         2048           5.631     16777216      1048576
        4096         4096           7.614     33554432      2097152
        4096         8192           8.706     67108864      4194304
        4096        16384          13.015    134217728      8388608
        4096        32768          20.127    268435456     16777216
        4096        65536          32.771    536870912     33554432
        4096       131072          57.318   1073741824     67108864
        4096       262144        7546.971   2147483648    134217728
        5120            1           8.576        10240          640
        5120            2           6.742        20480         1280
        5120            4           6.533        40960         2560
        5120            8           6.813        81920         5120
        5120           16           5.731       163840        10240
        5120           32           5.871       327680        20480
        5120           64           8.526       655360        40960
        5120          128          10.730      1310720        81920
        5120          256           5.721      2621440       163840
        5120          512           5.671      5242880       327680
        5120         1024           5.841     10485760       655360
        5120         2048           7.133     20971520      1310720
        5120         4096           9.317     41943040      2621440
        5120         8192          12.333     83886080      5242880
        5120        16384          18.565    167772160     10485760
        5120        32768          31.098    335544320     20971520
        5120        65536          58.960    671088640     41943040
        5120       131072         106.650   1342177280     83886080
        5120       262144        7616.981   2684354560    167772160
        6144            1          39.844        12288          768
        6144            2           7.614        24576         1536
        6144            4           5.430        49152         3072
        6144            8           6.341        98304         6144
        6144           16           5.891       196608        12288
        6144           32           6.211       393216        24576
        6144           64           7.984       786432        49152
        6144          128           8.446      1572864        98304
        6144          256           5.721      3145728       196608
        6144          512           6.793      6291456       393216
        6144         1024           6.933     12582912       786432
        6144         2048          11.031     25165824      1572864
        6144         4096           8.766     50331648      3145728
        6144         8192          99.586    100663296      6291456
        6144        16384          18.725    201326592     12582912
        6144        32768          30.296    402653184     25165824
        6144        65536          56.966    805306368     50331648
        6144       131072        7588.458   1610612736    100663296
        7168            1          70.903        14336          896
        7168            2           7.354        28672         1792
        7168            4           5.470        57344         3584
        7168            8           6.673       114688         7168
        7168           16           6.893       229376        14336
        7168           32           5.711       458752        28672
        7168           64           5.991       917504        57344
        7168          128           5.309      1835008       114688
        7168          256           5.761      3670016       229376
        7168          512           6.863      7340032       458752
        7168         1024           6.001     14680064       917504
        7168         2048           8.346     29360128      1835008
        7168         4096           8.856     58720256      3670016
        7168         8192          11.833    117440512      7340032
        7168        16384          24.926    234881024     14680064
        7168        32768          36.188    469762048     29360128
        7168        65536          57.187    939524096     58720256
        7168       131072        7543.524   1879048192    117440512
        8192            1           7.945        16384         1024
        8192            2           7.264        32768         2048
        8192            4           5.631        65536         4096
        8192            8           6.101       131072         8192
        8192           16          10.801       262144        16384
        8192           32           5.580       524288        32768
        8192           64           5.891      1048576        65536
        8192          128           5.611      2097152       131072
        8192          256           5.581      4194304       262144
        8192          512           8.726      8388608       524288
        8192         1024           7.655     16777216      1048576
        8192         2048           7.033     33554432      2097152
        8192         4096           8.065     67108864      4194304
        8192         8192          10.610    134217728      8388608
        8192        16384          15.790    268435456     16777216
        8192        32768          25.207    536870912     33554432
        8192        65536          42.720   1073741824     67108864
        8192       131072        7653.830   2147483648    134217728
        9216            1           7.855        18432         1152
        9216            2           7.684        36864         2304
        9216            4           5.390        73728         4608
        9216            8           5.821       147456         9216
        9216           16           6.051       294912        18432
        9216           32           5.931       589824        36864
        9216           64           6.061      1179648        73728
        9216          128           5.430      2359296       147456
        9216          256           5.190      4718592       294912
        9216          512          19.476      9437184       589824
        9216         1024           8.887     18874368      1179648
        9216         2048           6.993     37748736      2359296
        9216         4096           9.668     75497472      4718592
        9216         8192          13.685    150994944      9437184
        9216        16384          22.953    301989888     18874368
        9216        32768          37.340    603979776     37748736
        9216        65536          69.591   1207959552     75497472
        9216       131072        7604.017   2415919104    150994944
       10240            1          13.886        20480         1280
       10240            2          15.158        40960         2560
       10240            4          12.473        81920         5120
       10240            8           5.150       163840        10240
       10240           16           5.140       327680        20480
       10240           32           6.392       655360        40960
       10240           64           5.480      1310720        81920
       10240          128           5.661      2621440       163840
       10240          256           5.881      5242880       327680
       10240          512           5.640     10485760       655360
       10240         1024           9.447     20971520      1310720
       10240         2048           7.394     41943040      2621440
       10240         4096          14.096     83886080      5242880
       10240         8192          13.876    167772160     10485760
       10240        16384          21.380    335544320     20971520
       10240        32768          37.901    671088640     41943040
       10240        65536          71.203   1342177280     83886080
       10240       131072        7539.727   2684354560    167772160
       11264            1           8.065        22528         1408
       11264            2           4.398        45056         2816
       11264            4           5.881        90112         5632
       11264            8           5.410       180224        11264
       11264           16           9.157       360448        22528
       11264           32           5.420       720896        45056
       11264           64           5.660      1441792        90112
       11264          128           6.131      2883584       180224
       11264          256           5.540      5767168       360448
       11264          512           6.352     11534336       720896
       11264         1024           6.152     23068672      1441792
       11264         2048           7.233     46137344      2883584
       11264         4096           9.618     92274688      5767168
       11264         8192          14.397    184549376     11534336
       11264        16384          28.473    369098752     23068672
       11264        32768          37.480    738197504     46137344
       11264        65536        7453.105   1476395008     92274688
       12288            1          30.968        24576         1536
       12288            2           6.793        49152         3072
       12288            4           6.202        98304         6144
       12288            8           6.612       196608        12288
       12288           16           5.921       393216        24576
       12288           32           6.001       786432        49152
       12288           64           5.550      1572864        98304
       12288          128           6.222      3145728       196608
       12288          256           6.683      6291456       393216
       12288          512           6.161     12582912       786432
       12288         1024           9.107     25165824      1572864
       12288         2048          14.467     50331648      3145728
       12288         4096          22.612    100663296      6291456
       12288         8192          43.371    201326592     12582912
       12288        16384          84.067    402653184     25165824
       12288        32768         157.485    805306368     50331648
       12288        65536        7622.462   1610612736    100663296
       13312            1          47.850        26624         1664
       13312            2           5.340        53248         3328
       13312            4           5.430       106496         6656
       13312            8           6.582       212992        13312
       13312           16           7.123       425984        26624
       13312           32           5.991       851968        53248
       13312           64           5.891      1703936       106496
       13312          128           6.252      3407872       212992
       13312          256           6.702      6815744       425984
       13312          512           7.975     13631488       851968
       13312         1024           9.919     27262976      1703936
       13312         2048          14.267     54525952      3407872
       13312         4096          22.402    109051904      6815744
       13312         8192          39.984    218103808     13631488
       13312        16384          74.429    436207616     27262976
       13312        32768         150.170    872415232     54525952
       13312        65536        7548.624   1744830464    109051904
       14336            1           8.336        28672         1792
       14336            2          14.837        57344         3584
       14336            4          12.764       114688         7168
       14336            8          12.624       229376        14336
       14336           16          16.911       458752        28672
       14336           32           7.865       917504        57344
       14336           64           5.440      1835008       114688
       14336          128           5.721      3670016       229376
       14336          256           6.041      7340032       458752
       14336          512           7.243     14680064       917504
       14336         1024          11.923     29360128      1835008
       14336         2048          13.926     58720256      3670016
       14336         4096          21.630    117440512      7340032
       14336         8192          40.846    234881024     14680064
       14336        16384          96.841    469762048     29360128
       14336        32768         159.127    939524096     58720256
       14336        65536        7677.334   1879048192    117440512
       15360            1           8.156        30720         1920
       15360            2          10.028        61440         3840
       15360            4           6.402       122880         7680
       15360            8           5.590       245760        15360
       15360           16           5.590       491520        30720
       15360           32           5.791       983040        61440
       15360           64           5.520      1966080       122880
       15360          128           5.961      3932160       245760
       15360          256           5.721      7864320       491520
       15360          512           7.324     15728640       983040
       15360         1024           8.706     31457280      1966080
       15360         2048          12.544     62914560      3932160
       15360         4096          22.182    125829120      7864320
       15360         8192          39.314    251658240     15728640
       15360        16384          73.728    503316480     31457280
       15360        32768         144.320   1006632960     62914560
       15360        65536        7503.679   2013265920    125829120
       16384            1          62.597        32768         2048
       16384            2          28.664        65536         4096
       16384            4          28.673       131072         8192
       16384            8          29.385       262144        16384
       16384           16          29.325       524288        32768
       16384           32          29.946      1048576        65536
       16384           64          29.415      2097152       131072
       16384          128          30.046      4194304       262144
       16384          256          31.058      8388608       524288
       16384          512          38.001     16777216      1048576
       16384         1024          35.597     33554432      2097152
       16384         2048          46.497     67108864      4194304
       16384         4096          57.507    134217728      8388608
       16384         8192          89.096    268435456     16777216
       16384        16384         178.143    536870912     33554432
       16384        32768         272.409   1073741824     67108864
       16384        65536        7730.374   2147483648    134217728
       17408            1          48.520        34816         2176
       17408            2          28.844        69632         4352
       17408            4          28.935       139264         8704
       17408            8          30.336       278528        17408
       17408           16          28.985       557056        34816
       17408           32          29.896      1114112        69632
       17408           64          29.214      2228224       139264
       17408          128          30.307      4456448       278528
       17408          256          32.090      8912896       557056
       17408          512          34.093     17825792      1114112
       17408         1024          39.965     35651584      2228224
       17408         2048          51.947     71303168      4456448
       17408         4096          76.222    142606336      8912896
       17408         8192         126.096    285212672     17825792
       17408        16384         224.068    570425344     35651584
       17408        32768         428.471   1140850688     71303168
       17408        65536        7821.123   2281701376    142606336
       18432            1          44.092        36864         2304
       18432            2          29.225        73728         4608
       18432            4          29.154       147456         9216
       18432            8          29.716       294912        18432
       18432           16          29.856       589824        36864
       18432           32          29.665      1179648        73728
       18432           64          30.126      2359296       147456
       18432          128          32.230      4718592       294912
       18432          256          30.858      9437184       589824
       18432          512          34.104     18874368      1179648
       18432         1024          40.035     37748736      2359296
       18432         2048          52.789     75497472      4718592
       18432         4096          78.236    150994944      9437184
       18432         8192         129.362    301989888     18874368
       18432        16384         229.609    603979776     37748736
       18432        32768         438.901   1207959552     75497472
       18432        65536        7755.430   2415919104    150994944
       19456            1          43.681        38912         2432
       19456            2          28.393        77824         4864
       19456            4          30.266       155648         9728
       19456            8          31.219       311296        19456
       19456           16          30.938       622592        38912
       19456           32          30.407      1245184        77824
       19456           64          30.777      2490368       155648
       19456          128          31.519      4980736       311296
       19456          256          31.078      9961472       622592
       19456          512          34.033     19922944      1245184
       19456         1024          40.045     39845888      2490368
       19456         2048          52.959     79691776      4980736
       19456         4096          78.005    159383552      9961472
       19456         8192         134.983    318767104     19922944
       19456        16384         229.810    637534208     39845888
       19456        32768         432.579   1275068416     79691776
       19456        65536        7859.214   2550136832    159383552
       20480            1          43.251        40960         2560
       20480            2          30.577        81920         5120
       20480            4          29.475       163840        10240
       20480            8          29.535       327680        20480
       20480           16          29.766       655360        40960
       20480           32          28.904      1310720        81920
       20480           64          28.994      2621440       163840
       20480          128          30.597      5242880       327680
       20480          256          30.928     10485760       655360
       20480          512          32.390     20971520      1310720
       20480         1024          37.170     41943040      2621440
       20480         2048          46.006     83886080      5242880
       20480         4096          65.061    167772160     10485760
       20480         8192         103.013    335544320     20971520
       20480        16384         185.207    671088640     41943040
       20480        32768         330.518   1342177280     83886080
       20480        65536        7726.085   2684354560    167772160
       22528            1          52.838        45056         2816
       22528            2          29.335        90112         5632
       22528            4          29.856       180224        11264
       22528            8          28.763       360448        22528
       22528           16          32.571       720896        45056
       22528           32          28.794      1441792        90112
       22528           64          30.467      2883584       180224
       22528          128          30.587      5767168       360448
       22528          256          31.689     11534336       720896
       22528          512          33.643     23068672      1441792
       22528         1024          40.726     46137344      2883584
       22528         2048          48.311     92274688      5767168
       22528         4096          66.975    184549376     11534336
       22528         8192         104.385    369098752     23068672
       22528        16384         180.468    738197504     46137344
       22528        32768        7659.761   1476395008     92274688
       24576            1          43.171        49152         3072
       24576            2          30.116        98304         6144
       24576            4          29.445       196608        12288
       24576            8          30.477       393216        24576
       24576           16          32.702       786432        49152
       24576           32          30.988      1572864        98304
       24576           64          29.114      3145728       196608
       24576          128          29.715      6291456       393216
       24576          256          29.886     12582912       786432
       24576          512          40.355     25165824      1572864
       24576         1024          37.120     50331648      3145728
       24576         2048          45.986    100663296      6291456
       24576         4096          63.028    201326592     12582912
       24576         8192          97.813    402653184     25165824
       24576        16384         171.921    805306368     50331648
       24576        32768        7657.628   1610612736    100663296
       26624            1          41.217        53248         3328
       26624            2          28.353       106496         6656
       26624            4          28.804       212992        13312
       26624            8          30.918       425984        26624
       26624           16          28.784       851968        53248
       26624           32          30.156      1703936       106496
       26624           64          29.536      3407872       212992
       26624          128          29.996      6815744       425984
       26624          256          31.680     13631488       851968
       26624          512          36.929     27262976      1703936
       26624         1024          47.789     54525952      3407872
       26624         2048          58.730    109051904      6815744
       26624         4096          89.387    218103808     13631488
       26624         8192         151.243    436207616     27262976
       26624        16384         274.474    872415232     54525952
       26624        32768        7753.276   1744830464    109051904
       28672            1          44.864        57344         3584
       28672            2          36.288       114688         7168
       28672            4          38.382       229376        14336
       28672            8          36.779       458752        28672
       28672           16          36.940       917504        57344
       28672           32          36.167      1835008       114688
       28672           64          35.286      3670016       229376
       28672          128          32.090      7340032       458752
       28672          256          31.048     14680064       917504
       28672          512          33.913     29360128      1835008
       28672         1024          38.712     58720256      3670016
       28672         2048          48.440    117440512      7340032
       28672         4096          69.159    234881024     14680064
       28672         8192         110.526    469762048     29360128
       28672        16384         205.585    939524096     58720256
       28672        32768        7742.606   1879048192    117440512
       30720            1          42.640        61440         3840
       30720            2          29.014       122880         7680
       30720            4          28.974       245760        15360
       30720            8          29.976       491520        30720
       30720           16          29.134       983040        61440
       30720           32          28.914      1966080       122880
       30720           64          30.527      3932160       245760
       30720          128          30.376      7864320       491520
       30720          256          33.283     15728640       983040
       30720          512          41.497     31457280      1966080
       30720         1024          56.035     62914560      3932160
       30720         2048          69.771    125829120      7864320
       30720         4096         111.569    251658240     15728640
       30720         8192         154.870    503316480     31457280
       30720        16384         279.974   1006632960     62914560
       30720        32768        7906.283   2013265920    125829120
       33792            1          51.717        67584         4224
       33792            2          32.751       135168         8448
       33792            4          29.726       270336        16896
       33792            8          30.787       540672        33792
       33792           16          29.515      1081344        67584
       33792           32          29.034      2162688       135168
       33792           64          29.946      4325376       270336
       33792          128          30.527      8650752       540672
       33792          256          32.651     17301504      1081344
       33792          512          43.972     34603008      2162688
       33792         1024          42.600     69206016      4325376
       33792         2048          60.864    138412032      8650752
       33792         4096          88.926    276824064     17301504
       33792         8192         153.788    553648128     34603008
       33792        16384         299.590   1107296256     69206016
       33792        32768        7796.607   2214592512    138412032
       36864            1          41.187        73728         4608
       36864            2          29.344       147456         9216
       36864            4          29.385       294912        18432
       36864            8          29.826       589824        36864
       36864           16          29.395      1179648        73728
       36864           32          30.317      2359296       147456
       36864           64          29.976      4718592       294912
       36864          128          31.669      9437184       589824
       36864          256          32.932     18874368      1179648
       36864          512          36.128     37748736      2359296
       36864         1024          42.669     75497472      4718592
       36864         2048          57.658    150994944      9437184
       36864         4096          86.392    301989888     18874368
       36864         8192         146.354    603979776     37748736
       36864        16384         271.307   1207959552     75497472
       36864        32768        7803.280   2415919104    150994944
       39936            1          50.505        79872         4992
       39936            2          29.385       159744         9984
       39936            4          29.305       319488        19968
       39936            8          29.155       638976        39936
       39936           16          30.126      1277952        79872
       39936           32          30.036      2555904       159744
       39936           64          29.675      5111808       319488
       39936          128          29.945     10223616       638976
       39936          256          31.759     20447232      1277952
       39936          512          35.857     40894464      2555904
       39936         1024          42.389     81788928      5111808
       39936         2048          54.963    163577856     10223616
       39936         4096         102.993    327155712     20447232
       39936         8192         159.578    654311424     40894464
       39936        16384         243.224   1308622848     81788928
       39936        32768        7761.912   2617245696    163577856
       43008            1          41.217        86016         5376
       43008            2          29.335       172032        10752
       43008            4          28.975       344064        21504
       43008            8          29.034       688128        43008
       43008           16          29.194      1376256        86016
       43008           32          28.964      2752512       172032
       43008           64          32.401      5505024       344064
       43008          128          31.730     11010048       688128
       43008          256          38.442     22020096      1376256
       43008          512          35.066     44040192      2752512
       43008         1024          42.089     88080384      5505024
       43008         2048          55.284    176160768     11010048
       43008         4096          82.424    352321536     22020096
       43008         8192         139.331    704643072     44040192
       43008        16384        7604.869   1409286144     88080384
       47104            1          42.770        94208         5888
       47104            2          28.914       188416        11776
       47104            4          29.125       376832        23552
       47104            8          29.605       753664        47104
       47104           16          28.864      1507328        94208
       47104           32          30.347      3014656       188416
       47104           64          29.475      6029312       376832
       47104          128          31.680     12058624       753664
       47104          256          32.862     24117248      1507328
       47104          512          35.236     48234496      3014656
       47104         1024          43.702     96468992      6029312
       47104         2048          65.482    192937984     12058624
       47104         4096          91.371    385875968     24117248
       47104         8192         143.248    771751936     48234496
       47104        16384        7606.593   1543503872     96468992
       51200            1          50.935       102400         6400
       51200            2          30.076       204800        12800
       51200            4          28.964       409600        25600
       51200            8          29.245       819200        51200
       51200           16          29.535      1638400       102400
       51200           32          28.954      3276800       204800
       51200           64          29.055      6553600       409600
       51200          128          30.157     13107200       819200
       51200          256          32.009     26214400      1638400
       51200          512          36.989     52428800      3276800
       51200         1024          44.974    104857600      6553600
       51200         2048          66.083    209715200     13107200
       51200         4096         104.345    419430400     26214400
       51200         8192         168.095    838860800     52428800
       51200        16384        7616.761   1677721600    104857600
       56320            1          40.476       112640         7040
       56320            2          28.804       225280        14080
       56320            4          28.854       450560        28160
       56320            8          30.327       901120        56320
       56320           16          29.595      1802240       112640
       56320           32          30.076      3604480       225280
       56320           64          30.046      7208960       450560
       56320          128          31.159     14417920       901120
       56320          256          32.120     28835840      1802240
       56320          512          36.508     57671680      3604480
       56320         1024          44.373    115343360      7208960
       56320         2048          59.712    230686720     14417920
       56320         4096          90.719    461373440     28835840
       56320         8192         162.694    922746880     57671680
       56320        16384        7678.637   1845493760    115343360
       61440            1          51.867       122880         7680
       61440            2          29.025       245760        15360
       61440            4          29.776       491520        30720
       61440            8          29.896       983040        61440
       61440           16          29.204      1966080       122880
       61440           32          31.208      3932160       245760
       61440           64          30.457      7864320       491520
       61440          128          31.138     15728640       983040
       61440          256          32.391     31457280      1966080
       61440          512          36.499     62914560      3932160
       61440         1024          45.335    125829120      7864320
       61440         2048          62.858    251658240     15728640
       61440         4096          94.136    503316480     31457280
       61440         8192         166.441   1006632960     62914560
       61440        16384        7667.937   2013265920    125829120
       67584            1          42.689       135168         8448
       67584            2          28.673       270336        16896
       67584            4          31.379       540672        33792
       67584            8          37.230      1081344        67584
       67584           16          39.534      2162688       135168
       67584           32          38.682      4325376       270336
       67584           64          38.802      8650752       540672
       67584          128          36.378     17301504      1081344
       67584          256          36.188     34603008      2162688
       67584          512          41.548     69206016      4325376
       67584         1024          50.725    138412032      8650752
       67584         2048          70.742    276824064     17301504
       67584         4096         122.730    553648128     34603008
       67584         8192         207.818   1107296256     69206016
       67584        16384        7720.575   2214592512    138412032
       73728            1          51.426       147456         9216
       73728            2          30.006       294912        18432
       73728            4          28.423       589824        36864
       73728            8          31.459      1179648        73728
       73728           16          29.445      2359296       147456
       73728           32          30.857      4718592       294912
       73728           64          29.825      9437184       589824
       73728          128          31.649     18874368      1179648
       73728          256          32.951     37748736      2359296
       73728          512          38.482     75497472      4718592
       73728         1024          46.798    150994944      9437184
       73728         2048          71.965    301989888     18874368
       73728         4096         105.107    603979776     37748736
       73728         8192         185.227   1207959552     75497472
       73728        16384        7726.576   2415919104    150994944
       80896            1          41.978       161792        10112
       80896            2          29.124       323584        20224
       80896            4          29.325       647168        40448
       80896            8          28.984      1294336        80896
       80896           16          29.776      2588672       161792
       80896           32          29.545      5177344       323584
       80896           64          31.268     10354688       647168
       80896          128          32.431     20709376      1294336
       80896          256          35.606     41418752      2588672
       80896          512          39.894     82837504      5177344
       80896         1024          57.858    165675008     10354688
       80896         2048          77.054    331350016     20709376
       80896         4096         125.014    662700032     41418752
       80896         8192         223.278   1325400064     82837504
       80896        16384        7761.252   2650800128    165675008
       88064            1          42.990       176128        11008
       88064            2          28.363       352256        22016
       88064            4          28.894       704512        44032
       88064            8          29.696      1409024        88064
       88064           16          29.635      2818048       176128
       88064           32          29.646      5636096       352256
       88064           64          30.096     11272192       704512
       88064          128          32.811     22544384      1409024
       88064          256          34.544     45088768      2818048
       88064          512          44.434     90177536      5636096
       88064         1024          50.935    180355072     11272192
       88064         2048          72.215    360710144     22544384
       88064         4096         115.826    721420288     45088768
       88064         8192        7586.164   1442840576     90177536
       96256            1          41.918       192512        12032
       96256            2          29.496       385024        24064
       96256            4          29.135       770048        48128
       96256            8          29.997      1540096        96256
       96256           16          29.725      3080192       192512
       96256           32          29.204      6160384       385024
       96256           64          30.016     12320768       770048
       96256          128          31.930     24641536      1540096
       96256          256          34.545     49283072      3080192
       96256          512          41.648     98566144      6160384
       96256         1024          52.247    197132288     12320768
       96256         2048          82.804    394264576     24641536
       96256         4096         120.456    788529152     49283072
       96256         8192        7634.264   1577058304     98566144
      105472            1          43.090       210944        13184
      105472            2          29.635       421888        26368
      105472            4          29.505       843776        52736
      105472            8          29.395      1687552       105472
      105472           16          29.575      3375104       210944
      105472           32          30.457      6750208       421888
      105472           64          30.347     13500416       843776
      105472          128          31.960     27000832      1687552
      105472          256          36.378     54001664      3375104
      105472          512          41.948    108003328      6750208
      105472         1024          54.222    216006656     13500416
      105472         2048          78.537    432013312     27000832
      105472         4096         127.819    864026624     54001664
      105472         8192        7632.019   1728053248    108003328
      115712            1          50.705       231424        14464
      115712            2          33.904       462848        28928
      115712            4          28.944       925696        57856
      115712            8          29.515      1851392       115712
      115712           16          30.116      3702784       231424
      115712           32          29.575      7405568       462848
      115712           64          30.057     14811136       925696
      115712          128          31.499     29622272      1851392
      115712          256          35.577     59244544      3702784
      115712          512          42.750    118489088      7405568
      115712         1024          55.644    236978176     14811136
      115712         2048          82.765    473956352     29622272
      115712         4096         137.216    947912704     59244544
      115712         8192        7643.581   1895825408    118489088
      126976            1          48.881       253952        15872
      126976            2          34.915       507904        31744
      126976            4          29.335      1015808        63488
      126976            8          29.665      2031616       126976
      126976           16          29.475      4063232       253952
      126976           32          29.766      8126464       507904
      126976           64          30.767     16252928      1015808
      126976          128          32.651     32505856      2031616
      126976          256          38.281     65011712      4063232
      126976          512          48.571    130023424      8126464
      126976         1024          69.250    260046848     16252928
      126976         2048         109.054    520093696     32505856
      126976         4096         191.438   1040187392     65011712
      126976         8192        7686.191   2080374784    130023424
      139264            1          50.094       278528        17408
      139264            2          37.780       557056        34816
      139264            4          30.577      1114112        69632
      139264            8          29.906      2228224       139264
      139264           16          29.846      4456448       278528
      139264           32          29.756      8912896       557056
      139264           64          31.128     17825792      1114112
      139264          128          32.942     35651584      2228224
      139264          256          38.412     71303168      4456448
      139264          512          49.963    142606336      8912896
      139264         1024          72.967    285212672     17825792
      139264         2048         119.333    570425344     35651584
      139264         4096         210.072   1140850688     71303168
      139264         8192        7689.146   2281701376    142606336
      152576            1          60.203       305152        19072
      152576            2          30.247       610304        38144
      152576            4          29.094      1220608        76288
      152576            8          30.687      2441216       152576
      152576           16          29.716      4882432       305152
      152576           32          30.617      9764864       610304
      152576           64          31.018     19529728      1220608
      152576          128          33.132     39059456      2441216
      152576          256          37.690     78118912      4882432
      152576          512          46.327    156237824      9764864
      152576         1024          63.389    312475648     19529728
      152576         2048          97.111    624951296     39059456
      152576         4096         168.535   1249902592     78118912
      152576         8192        7755.571   2499805184    156237824
      166912            1          49.222       333824        20864
      166912            2          29.235       667648        41728
      166912            4          29.585      1335296        83456
      166912            8          29.656      2670592       166912
      166912           16          32.070      5341184       333824
      166912           32          38.132     10682368       667648
      166912           64          39.945     21364736      1335296
      166912          128          44.173     42729472      2670592
      166912          256          53.139     85458944      5341184
      166912          512          56.606    170917888     10682368
      166912         1024          86.181    341835776     21364736
      166912         2048         143.618    683671552     42729472
      166912         4096        7572.037   1367343104     85458944
      183296            1          52.819       366592        22912
      183296            2          29.766       733184        45824
      183296            4          29.024      1466368        91648
      183296            8          29.385      2932736       183296
      183296           16          36.287      5865472       366592
      183296           32          33.061     11730944       733184
      183296           64          33.863     23461888      1466368
      183296          128          37.370     46923776      2932736
      183296          256          45.946     93847552      5865472
      183296          512          72.516    187695104     11730944
      183296         1024         123.862    375390208     23461888
      183296         2048         178.424    750780416     46923776
      183296         4096        7622.462   1501560832     93847552
      200704            1          43.171       401408        25088
      200704            2          29.294       802816        50176
      200704            4          30.077      1605632       100352
      200704            8          29.645      3211264       200704
      200704           16          29.865      6422528       401408
      200704           32          30.818     12845056       802816
      200704           64          39.053     25690112      1605632
      200704          128          35.326     51380224      3211264
      200704          256          39.424    102760448      6422528
      200704          512          50.484    205520896     12845056
      200704         1024          72.445    411041792     25690112
      200704         2048         114.925    822083584     51380224
      200704         4096        7597.225   1644167168    102760448
      220160            1          43.532       440320        27520
      220160            2          28.894       880640        55040
      220160            4          29.946      1761280       110080
      220160            8          29.134      3522560       220160
      220160           16          29.545      7045120       440320
      220160           32          31.088     14090240       880640
      220160           64          32.961     28180480      1761280
      220160          128          34.725     56360960      3522560
      220160          256          41.046    112721920      7045120
      220160          512          53.540    225443840     14090240
      220160         1024          79.478    450887680     28180480
      220160         2048         134.120    901775360     56360960
      220160         4096        7608.826   1803550720    112721920
      241664            1          51.817       483328        30208
      241664            2          30.517       966656        60416
      241664            4          30.117      1933312       120832
      241664            8          31.208      3866624       241664
      241664           16          30.397      7733248       483328
      241664           32          30.557     15466496       966656
      241664           64          32.431     30932992      1933312
      241664          128          35.326     61865984      3866624
      241664          256          42.509    123731968      7733248
      241664          512          54.612    247463936     15466496
      241664         1024          81.202    494927872     30932992
      241664         2048         132.347    989855744     61865984
      241664         4096        7624.095   1979711488    123731968
      265216            1          46.848       530432        33152
      265216            2          30.046      1060864        66304
      265216            4          30.006      2121728       132608
      265216            8          30.798      4243456       265216
      265216           16          29.786      8486912       530432
      265216           32          31.309     16973824      1060864
      265216           64          32.461     33947648      2121728
      265216          128          39.424     67895296      4243456
      265216          256          45.145    135790592      8486912
      265216          512          59.181    271581184     16973824
      265216         1024          86.702    543162368     33947648
      265216         2048         145.252   1086324736     67895296
      265216         4096        7639.684   2172649472    135790592
      290816            1          52.779       581632        36352
      290816            2          35.897      1163264        72704
      290816            4          30.006      2326528       145408
      290816            8          30.727      4653056       290816
      290816           16          30.988      9306112       581632
      290816           32          31.088     18612224      1163264
      290816           64          33.723     37224448      2326528
      290816          128          37.831     74448896      4653056
      290816          256          45.555    148897792      9306112
      290816          512          59.672    297795584     18612224
      290816         1024          89.798    595591168     37224448
      290816         2048         149.669   1191182336     74448896
      290816         4096        7676.703   2382364672    148897792
      319488            1          59.902       638976        39936
      319488            2          30.818      1277952        79872
      319488            4          29.194      2555904       159744
      319488            8          38.653      5111808       319488
      319488           16          30.788     10223616       638976
      319488           32          32.461     20447232      1277952
      319488           64          34.825     40894464      2555904
      319488          128          41.107     81788928      5111808
      319488          256          53.981    163577856     10223616
      319488          512          79.468    327155712     20447232
      319488         1024         130.704    654311424     40894464
      319488         2048         234.068   1308622848     81788928
      319488         4096        7787.660   2617245696    163577856
      351232            1          43.471       702464        43904
      351232            2          29.275      1404928        87808
      351232            4          29.806      2809856       175616
      351232            8          30.467      5619712       351232
      351232           16          31.238     11239424       702464
      351232           32          31.679     22478848      1404928
      351232           64          33.112     44957696      2809856
      351232          128          38.652     89915392      5619712
      351232          256          47.609    179830784     11239424
      351232          512          70.602    359661568     22478848
      351232         1024         103.774    719323136     44957696
      351232         2048        7579.301   1438646272     89915392
      386048            1          47.518       772096        48256
      386048            2          29.805      1544192        96512
      386048            4          30.357      3088384       193024
      386048            8          29.836      6176768       386048
      386048           16          34.254     12353536       772096
      386048           32          32.772     24707072      1544192
      386048           64          35.426     49414144      3088384
      386048          128          47.960     98828288      6176768
      386048          256          55.955    197656576     12353536
      386048          512          79.929    395313152     24707072
      386048         1024         130.884    790626304     49414144
      386048         2048        7694.196   1581252608     98828288
      423936            1          55.775       847872        52992
      423936            2          36.578      1695744       105984
      423936            4          36.628      3391488       211968
      423936            8          30.306      6782976       423936
      423936           16          31.379     13565952       847872
      423936           32          33.843     27131904      1695744
      423936           64          35.938     54263808      3391488
      423936          128          43.401    108527616      6782976
      423936          256          54.913    217055232     13565952
      423936          512          88.165    434110464     27131904
      423936         1024         134.391    868220928     54263808
      423936         2048        7623.163   1736441856    108527616
      465920            1          49.122       931840        58240
      465920            2          29.876      1863680       116480
      465920            4          30.327      3727360       232960
      465920            8          31.960      7454720       465920
      465920           16         115.536     14909440       931840
      465920           32          32.360     29818880      1863680
      465920           64          36.528     59637760      3727360
      465920          128          43.822    119275520      7454720
      465920          256          57.678    238551040     14909440
      465920          512          86.031    477102080     29818880
      465920         1024         140.913    954204160     59637760
      465920         2048        7661.315   1908408320    119275520
      512000            1          43.341      1024000        64000
      512000            2          29.846      2048000       128000
      512000            4          35.006      4096000       256000
      512000            8          32.922      8192000       512000
      512000           16          33.353     16384000      1024000
      512000           32          36.118     32768000      2048000
      512000           64          46.487     65536000      4096000
      512000          128          45.465    131072000      8192000
      512000          256          58.429    262144000     16384000
      512000          512          87.523    524288000     32768000
      512000         1024         146.464   1048576000     65536000
      512000         2048        7666.373   2097152000    131072000
      563200            1          47.218      1126400        70400
      563200            2          29.656      2252800       140800
      563200            4          30.997      4505600       281600
      563200            8          31.208      9011200       563200
      563200           16          30.717     18022400      1126400
      563200           32          34.014     36044800      2252800
      563200           64          38.963     72089600      4505600
      563200          128          45.835    144179200      9011200
      563200          256          70.261    288358400     18022400
      563200          512          99.105    576716800     36044800
      563200         1024         159.529   1153433600     72089600
      563200         2048        7634.995   2306867200    144179200
      619520            1          46.828      1239040        77440
      619520            2          29.666      2478080       154880
      619520            4          30.948      4956160       309760
      619520            8          31.339      9912320       619520
      619520           16          33.703     19824640      1239040
      619520           32          43.161     39649280      2478080
      619520           64          48.161     79298560      4956160
      619520          128          58.710    158597120      9912320
      619520          256          82.745    317194240     19824640
      619520          512         105.818    634388480     39649280
      619520         1024         170.179   1268776960     79298560
      619520         2048        7720.465   2537553920    158597120
      680960            1          45.305      1361920        85120
      680960            2          30.296      2723840       170240
      680960            4          30.587      5447680       340480
      680960            8          31.438     10895360       680960
      680960           16          32.771     21790720      1361920
      680960           32          34.264     43581440      2723840
      680960           64          39.804     87162880      5447680
      680960          128          49.282    174325760     10895360
      680960          256          68.348    348651520     21790720
      680960          512         106.359    697303040     43581440
      680960         1024        7578.039   1394606080     87162880
      748544            1          56.606      1497088        93568
      748544            2          31.229      2994176       187136
      748544            4          31.248      5988352       374272
      748544            8          31.909     11976704       748544
      748544           16          32.722     23953408      1497088
      748544           32          35.797     47906816      2994176
      748544           64          40.095     95813632      5988352
      748544          128          49.653    191627264     11976704
      748544          256          71.494    383254528     23953408
      748544          512         135.123    766509056     47906816
      748544         1024        7609.287   1533018112     95813632
      823296            1          46.877      1646592       102912
      823296            2          30.618      3293184       205824
      823296            4          31.209      6586368       411648
      823296            8          39.513     13172736       823296
      823296           16          51.717     26345472      1646592
      823296           32          45.044     52690944      3293184
      823296           64          50.986    105381888      6586368
      823296          128          52.378    210763776     13172736
      823296          256          74.659    421527552     26345472
      823296          512         118.822    843055104     52690944
      823296         1024        7580.223   1686110208    105381888
      905216            1          55.533      1810432       113152
      905216            2          30.327      3620864       226304
      905216            4          30.617      7241728       452608
      905216            8          31.659     14483456       905216
      905216           16          32.962     28966912      1810432
      905216           32          35.837     57933824      3620864
      905216           64          43.030    115867648      7241728
      905216          128          54.712    231735296     14483456
      905216          256          78.196    463470592     28966912
      905216          512         135.934    926941184     57933824
      905216         1024        7656.395   1853882368    115867648
      995328            1          48.731      1990656       124416
      995328            2          30.347      3981312       248832
      995328            4          31.008      7962624       497664
      995328            8          32.711     15925248       995328
      995328           16          33.693     31850496      1990656
      995328           32          36.778     63700992      3981312
      995328           64          43.241    127401984      7962624
      995328          128          63.649    254803968     15925248
      995328          256         102.882    509607936     31850496
      995328          512         147.786   1019215872     63700992
      995328         1024        7642.970   2038431744    127401984
     1094656            1          58.028      2189312       136832
     1094656            2          32.180      4378624       273664
     1094656            4          31.829      8757248       547328
     1094656            8          33.011     17514496      1094656
     1094656           16          34.594     35028992      2189312
     1094656           32          38.432     70057984      4378624
     1094656           64          44.413    140115968      8757248
     1094656          128          59.671    280231936     17514496
     1094656          256          89.076    560463872     35028992
     1094656          512         147.465   1120927744     70057984
     1094656         1024        7695.970   2241855488    140115968
     1203200            1          50.153      2406400       150400
     1203200            2          37.480      4812800       300800
     1203200            4          32.261      9625600       601600
     1203200            8          32.801     19251200      1203200
     1203200           16          34.855     38502400      2406400
     1203200           32          38.011     77004800      4812800
     1203200           64          45.866    154009600      9625600
     1203200          128          62.537    308019200     19251200
     1203200          256          93.565    616038400     38502400
     1203200          512         157.916   1232076800     77004800
     1203200         1024        7689.798   2464153600    154009600
     1323008            1          52.538      2646016       165376
     1323008            2          30.908      5292032       330752
     1323008            4          31.729     10584064       661504
     1323008            8          33.111     21168128      1323008
     1323008           16          34.324     42336256      2646016
     1323008           32          47.940     84672512      5292032
     1323008           64          50.414    169345024     10584064
     1323008          128          80.149    338690048     21168128
     1323008          256         118.922    677380096     42336256
     1323008          512         168.275   1354760192     84672512
     1323008         1024        7671.243   2709520384    169345024
     1455104            1          51.607      2910208       181888
     1455104            2          31.278      5820416       363776
     1455104            4          32.601     11640832       727552
     1455104            8          34.173     23281664      1455104
     1455104           16          35.917     46563328      2910208
     1455104           32          40.696     93126656      5820416
     1455104           64          57.217    186253312     11640832
     1455104          128          68.007    372506624     23281664
     1455104          256         110.777    745013248     46563328
     1455104          512        7501.595   1490026496     93126656
     1600512            1          55.283      3201024       200064
     1600512            2          32.060      6402048       400128
     1600512            4          32.170     12804096       800256
     1600512            8          33.823     25608192      1600512
     1600512           16          36.678     51216384      3201024
     1600512           32          42.940    102432768      6402048
     1600512           64          52.238    204865536     12804096
     1600512          128          71.964    409731072     25608192
     1600512          256         115.266    819462144     51216384
     1600512          512        7657.197   1638924288    102432768
     1760256            1          54.572      3520512       220032
     1760256            2          38.442      7041024       440064
     1760256            4          33.814     14082048       880128
     1760256            8          34.324     28164096      1760256
     1760256           16          36.929     56328192      3520512
     1760256           32          42.860    112656384      7041024
     1760256           64          54.041    225312768     14082048
     1760256          128          77.004    450625536     28164096
     1760256          256         121.497    901251072     56328192
     1760256          512        7568.811   1802502144    112656384
     1935360            1          65.713      3870720       241920
     1935360            2          32.241      7741440       483840
     1935360            4          32.921     15482880       967680
     1935360            8          35.185     30965760      1935360
     1935360           16          39.213     61931520      3870720
     1935360           32          45.736    123863040      7741440
     1935360           64          56.255    247726080     15482880
     1935360          128          81.242    495452160     30965760
     1935360          256         136.255    990904320     61931520
     1935360          512        7614.367   1981808640    123863040
     2128896            1          58.640      4257792       266112
     2128896            2          32.501      8515584       532224
     2128896            4          33.112     17031168      1064448
     2128896            8          35.376     34062336      2128896
     2128896           16          37.861     68124672      4257792
     2128896           32          45.555    136249344      8515584
     2128896           64          58.750    272498688     17031168
     2128896          128          85.720    544997376     34062336
     2128896          256         155.110   1089994752     68124672
     2128896          512        7654.632   2179989504    136249344
     2340864            1          62.457      4681728       292608
     2340864            2          33.193      9363456       585216
     2340864            4          33.412     18726912      1170432
     2340864            8          35.547     37453824      2340864
     2340864           16          39.794     74907648      4681728
     2340864           32          46.026    149815296      9363456
     2340864           64          62.617    299630592     18726912
     2340864          128          90.359    599261184     37453824
     2340864          256         150.391   1198522368     74907648
     2340864          512        7690.219   2397044736    149815296
     2574336            1          58.820      5148672       321792
     2574336            2          33.222     10297344       643584
     2574336            4          34.514     20594688      1287168
     2574336            8          47.329     41189376      2574336
     2574336           16          41.207     82378752      5148672
     2574336           32          49.712    164757504     10297344
     2574336           64          64.620    329515008     20594688
     2574336          128          98.094    659030016     41189376
     2574336          256         161.792   1318060032     82378752
     2574336          512        7675.180   2636120064    164757504
     2831360            1          73.067      5662720       353920
     2831360            2          34.144     11325440       707840
     2831360            4          36.669     22650880      1415680
     2831360            8          37.450     45301760      2831360
     2831360           16          41.928     90603520      5662720
     2831360           32          51.115    181207040     11325440
     2831360           64          86.672    362414080     22650880
     2831360          128         129.632    724828160     45301760
     2831360          256        7559.814   1449656320     90603520
     3113984            1          63.779      6227968       389248
     3113984            2          37.800     12455936       778496
     3113984            4          36.288     24911872      1556992
     3113984            8          37.661     49823744      3113984
     3113984           16          42.991     99647488      6227968
     3113984           32          53.220    199294976     12455936
     3113984           64          72.416    398589952     24911872
     3113984          128         111.068    797179904     49823744
     3113984          256        7596.223   1594359808     99647488
     3425280            1          66.274      6850560       428160
     3425280            2          37.490     13701120       856320
     3425280            4          45.145     27402240      1712640
     3425280            8          39.604     54804480      3425280
     3425280           16          44.182    109608960      6850560
     3425280           32          54.562    219217920     13701120
     3425280           64          78.046    438435840     27402240
     3425280          128         119.694    876871680     54804480
     3425280          256        7619.316   1753743360    109608960
     3767296            1          72.034      7534592       470912
     3767296            2          35.947     15069184       941824
     3767296            4          37.310     30138368      1883648
     3767296            8          40.405     60276736      3767296
     3767296           16          45.515    120553472      7534592
     3767296           32          57.497    241106944     15069184
     3767296           64          80.831    482213888     30138368
     3767296          128         140.743    964427776     60276736
     3767296          256        7621.039   1928855552    120553472
     4143104            1          70.732      8286208       517888
     4143104            2          36.208     16572416      1035776
     4143104            4          40.355     33144832      2071552
     4143104            8          40.426     66289664      4143104
     4143104           16          47.008    132579328      8286208
     4143104           32          59.752    265158656     16572416
     4143104           64          85.961    530317312     33144832
     4143104          128         138.219   1060634624     66289664
     4143104          256        7634.314   2121269248    132579328
     4556800            1          81.893      9113600       569600
     4556800            2          36.769     18227200      1139200
     4556800            4          38.702     36454400      2278400
     4556800            8          42.579     72908800      4556800
     4556800           16          49.312    145817600      9113600
     4556800           32          64.039    291635200     18227200
     4556800           64          91.260    583270400     36454400
     4556800          128         149.399   1166540800     72908800
     4556800          256        7678.657   2333081600    145817600
     5012480            1          81.353     10024960       626560
     5012480            2          38.182     20049920      1253120
     5012480            4          39.934     40099840      2506240
     5012480            8          43.371     80199680      5012480
     5012480           16          60.804    160399360     10024960
     5012480           32          67.236    320798720     20049920
     5012480           64          98.755    641597440     40099840
     5012480          128         160.560   1283194880     80199680
     5012480          256        7688.255   2566389760    160399360
     5513216            1          78.216     11026432       689152
     5513216            2          39.624     22052864      1378304
     5513216            4          40.355     44105728      2756608
     5513216            8          45.304     88211456      5513216
     5513216           16          53.731    176422912     11026432
     5513216           32          72.135    352845824     22052864
     5513216           64         132.147    705691648     44105728
     5513216          128        7569.723   1411383296     88211456
     6064128            1          80.771     12128256       758016
     6064128            2          39.273     24256512      1516032
     6064128            4          41.668     48513024      3032064
     6064128            8          47.279     97026048      6064128
     6064128           16          55.564    194052096     12128256
     6064128           32          78.256    388104192     24256512
     6064128           64         112.110    776208384     48513024
     6064128          128        7577.508   1552416768     97026048
     6670336            1          97.242     13340672       833792
     6670336            2          42.179     26681344      1667584
     6670336            4          42.970     53362688      3335168
     6670336            8          49.111    106725376      6670336
     6670336           16          65.753    213450752     13340672
     6670336           32          79.509    426901504     26681344
     6670336           64         120.425    853803008     53362688
     6670336          128        7606.953   1707606016    106725376
     7336960            1          91.871     14673920       917120
     7336960            2          42.279     29347840      1834240
     7336960            4          44.603     58695680      3668480
     7336960            8          51.817    117391360      7336960
     7336960           16          62.187    234782720     14673920
     7336960           32          84.297    469565440     29347840
     7336960           64         131.125    939130880     58695680
     7336960          128        7591.664   1878261760    117391360
     8070144            1          93.204     16140288      1008768
     8070144            2          43.983     32280576      2017536
     8070144            4          46.697     64561152      4035072
     8070144            8          52.718    129122304      8070144
     8070144           16          65.001    258244608     16140288
     8070144           32          90.048    516489216     32280576
     8070144           64         138.990   1032978432     64561152
     8070144          128        7638.192   2065956864    129122304
     8877056            1         101.008     17754112      1109632
     8877056            2          45.986     35508224      2219264
     8877056            4          48.070     71016448      4438528
     8877056            8          62.327    142032896      8877056
     8877056           16          68.287    284065792     17754112
     8877056           32          95.749    568131584     35508224
     8877056           64         150.011   1136263168     71016448
     8877056          128        7663.759   2272526336    142032896
     9763840            1         106.298     19527680      1220480
     9763840            2          47.659     39055360      2440960
     9763840            4          49.903     78110720      4881920
     9763840            8          57.989    156221440      9763840
     9763840           16          72.375    312442880     19527680
     9763840           32         108.713    624885760     39055360
     9763840           64         161.913   1249771520     78110720
     9763840          128        7638.292   2499543040    156221440
    10739712            1         114.544     21479424      1342464
    10739712            2          51.156     42958848      2684928
    10739712            4          51.857     85917696      5369856
    10739712            8          60.322    171835392     10739712
    10739712           16          76.794    343670784     21479424
    10739712           32         110.417    687341568     42958848
    10739712           64        7543.804   1374683136     85917696
    11812864            1         141.515     23625728      1476608
    11812864            2          56.115     47251456      2953216
    11812864            4          55.203     94502912      5906432
    11812864            8          63.258    189005824     11812864
    11812864           16          81.763    378011648     23625728
    11812864           32         117.830    756023296     47251456
    11812864           64        7554.725   1512046592     94502912
    12993536            1         131.116     25987072      1624192
    12993536            2          59.892     51974144      3248384
    12993536            4          57.908    103948288      6496768
    12993536            8          67.787    207896576     12993536
    12993536           16          87.304    415793152     25987072
    12993536           32         132.488    831586304     51974144
    12993536           64        7521.092   1663172608    103948288
    14291968            1         151.914     28583936      1786496
    14291968            2          65.021     57167872      3572992
    14291968            4          60.653    114335744      7145984
    14291968            8          71.804    228671488     14291968
    14291968           16          92.473    457342976     28583936
    14291968           32         139.672    914685952     57167872
    14291968           64        7615.679   1829371904    114335744
    15720448            1         153.447     31440896      1965056
    15720448            2          69.810     62881792      3930112
    15720448            4          63.719    125763584      7860224
    15720448            8          75.091    251527168     15720448
    15720448           16          99.717    503054336     31440896
    15720448           32         146.995   1006108672     62881792
    15720448           64        7595.441   2012217344    125763584
    17292288            1         171.761     34584576      2161536
    17292288            2          77.115     69169152      4323072
    17292288            4          74.539    138338304      8646144
    17292288            8          79.849    276676608     17292288
    17292288           16         106.148    553353216     34584576
    17292288           32         163.716   1106706432     69169152
    17292288           64        7563.061   2213412864    138338304
    19020800            1         172.623     38041600      2377600
    19020800            2          93.775     76083200      4755200
    19020800            4          84.979    152166400      9510400
    19020800            8          85.711    304332800     19020800
    19020800           16         120.355    608665600     38041600
    19020800           32         171.561   1217331200     76083200
    19020800           64        7634.774   2434662400    152166400
    20922368            1         182.461     41844736      2615296
    20922368            2         102.512     83689472      5230592
    20922368            4          98.033    167378944     10461184
    20922368            8         113.011    334757888     20922368
    20922368           16         166.522    669515776     41844736
    20922368           32         209.602   1339031552     83689472
    20922368           64        7709.674   2678063104    167378944
    23014400            1         216.194     46028800      2876800
    23014400            2          94.116     92057600      5753600
    23014400            4          79.980    184115200     11507200
    23014400            8          96.510    368230400     23014400
    23014400           16         136.124    736460800     46028800
    23014400           32        7518.377   1472921600     92057600
    25315328            1         226.734     50630656      3164416
    25315328            2         100.378    101261312      6328832
    25315328            4          92.904    202522624     12657664
    25315328            8         104.505    405045248     25315328
    25315328           16         142.206    810090496     50630656
    25315328           32        7497.337   1620180992    101261312
    27846656            1         233.256     55693312      3480832
    27846656            2         108.443    111386624      6961664
    27846656            4         105.548    222773248     13923328
    27846656            8         136.696    445546496     27846656
    27846656           16         160.350    891092992     55693312
    27846656           32        7493.771   1782185984    111386624
    30630912            1         261.539     61261824      3828864
    30630912            2         114.153    122523648      7657728
    30630912            4          97.342    245047296     15315456
    30630912            8         119.243    490094592     30630912
    30630912           16         169.357    980189184     61261824
    30630912           32        7576.576   1960378368    122523648
    33693696            1         288.429     67387392      4211712
    33693696            2         121.206    134774784      8423424
    33693696            4         107.592    269549568     16846848
    33693696            8         128.661    539099136     33693696
    33693696           16         179.225   1078198272     67387392
    33693696           32        7593.507   2156396544    134774784
    37062656            1         301.113     74125312      4632832
    37062656            2         127.058    148250624      9265664
    37062656            4         110.827    296501248     18531328
    37062656            8         138.018    593002496     37062656
    37062656           16         194.755   1186004992     74125312
    37062656           32        7619.977   2372009984    148250624
    40768512            1         327.322     81537024      5096064
    40768512            2         135.964    163074048     10192128
    40768512            4         121.958    326148096     20384256
    40768512            8         149.730    652296192     40768512
    40768512           16         213.349   1304592384     81537024
    40768512           32        7629.114   2609184768    163074048
    44845056            1         353.721     89690112      5605632
    44845056            2         154.980    179380224     11211264
    44845056            4         157.384    358760448     22422528
    44845056            8         172.102    717520896     44845056
    44845056           16        7497.779   1435041792     89690112
    49329152            1         407.392     98658304      6166144
    49329152            2         177.973    197316608     12332288
    49329152            4         152.125    394633216     24664576
    49329152            8         174.667    789266432     49329152
    49329152           16        7569.382   1578532864     98658304
    54261760            1         417.010    108523520      6782720
    54261760            2         189.535    217047040     13565440
    54261760            4         158.877    434094080     27130880
    54261760            8         194.404    868188160     54261760
    54261760           16        7523.226   1736376320    108523520
    59687936            1         457.415    119375872      7460992
    59687936            2         175.709    238751744     14921984
    59687936            4         160.450    477503488     29843968
    59687936            8         212.086    955006976     59687936
    59687936           16        7581.635   1910013952    119375872
    65655808            1         505.324    131311616      8206976
    65655808            2         189.574    262623232     16413952
    65655808            4         183.413    525246464     32827904
    65655808            8         230.661   1050492928     65655808
    65655808           16        7578.760   2100985856    131311616
    72220672            1         566.289    144441344      9027584
    72220672            2         224.219    288882688     18055168
    72220672            4         188.372    577765376     36110336
    72220672            8         242.914   1155530752     72220672
    72220672           16        7613.695   2311061504    144441344
    79441920            1         609.640    158883840      9930240
    79441920            2         211.816    317767680     19860480
    79441920            4         207.258    635535360     39720960
    79441920            8         278.060   1271070720     79441920
    79441920           16        7622.772   2542141440    158883840
    87386112            1         671.145    174772224     10923264
    87386112            2         272.510    349544448     21846528
    87386112            4         243.014    699088896     43693056
    87386112            8        7510.152   1398177792     87386112
    96123904            1         744.532    192247808     12015488
    96123904            2         263.673    384495616     24030976
    96123904            4         261.339    768991232     48061952
    96123904            8        7490.855   1537982464     96123904
   105736192            1         804.354    211472384     13217024
   105736192            2         296.775    422944768     26434048
   105736192            4         303.006    845889536     52868096
   105736192            8        7569.783   1691779072    105736192
   116308992            1         900.764    232617984     14538624
   116308992            2         330.148    465235968     29077248
   116308992            4         330.538    930471936     58154496
   116308992            8        7571.576   1860943872    116308992
   127939584            1         971.917    255879168     15992448
   127939584            2         401.961    511758336     31984896
   127939584            4         382.856   1023516672     63969792
   127939584            8        7585.753   2047033344    127939584
   140733440            1        1069.068    281466880     17591680
   140733440            2         567.291    562933760     35183360
   140733440            4         472.113   1125867520     70366720
   140733440            8        7734.401   2251735040    140733440
   154806272            1        1166.732    309612544     19350784
   154806272            2         808.562    619225088     38701568
   154806272            4         703.816   1238450176     77403136
   154806272            8        8018.462   2476900352    154806272
   170286080            1        1261.949    340572160     21285760
   170286080            2        1092.142    681144320     42571520
   170286080            4        8107.729   1362288640     85143040
   187314176            1        1397.312    374628352     23414272
   187314176            2        1182.881    749256704     46828544
   187314176            4        8266.867   1498513408     93657088
   206045184            1        1530.581    412090368     25755648
   206045184            2        1372.195    824180736     51511296
   206045184            4        8483.101   1648361472    103022592
   226649088            1        1667.497    453298176     28331136
   226649088            2        1643.002    906596352     56662272
   226649088            4        8639.033   1813192704    113324544
   249313280            1        1883.482    498626560     31164160
   249313280            2        1784.267    997253120     62328320
   249313280            4        8808.840   1994506240    124656640
   274244608            1        2048.339    548489216     34280576
   274244608            2        2035.126   1096978432     68561152
   274244608            4        9052.275   2193956864    137122304
   301668352            1        2273.240    603336704     37708544
   301668352            2        2458.226   1206673408     75417088
   301668352            4        9428.098   2413346816    150834176
   331834368            1        2423.110    663668736     41479296
   331834368            2        2915.801   1327337472     82958592
   331834368            4       10097.660   2654674944    165917184
   365017088            1        2697.724    730034176     45627136
   365017088            2       10189.632   1460068352     91254272
   401518592            1        2984.500    803037184     50189824
   401518592            2       10449.858   1606074368    100379648
   441669632            1        3205.233    883339264     55208704
   441669632            2       10557.289   1766678528    110417408
   485835776            1        3561.198    971671552     60729472
   485835776            2       10836.211   1943343104    121458944
   534418432            1        3894.161   1068836864     66802304
   534418432            2       11426.224   2137673728    133604608
   587859968            1        4329.215   1175719936     73482496
   587859968            2       13251.907   2351439872    146964992
   646645760            1        4734.943   1293291520     80830720
   646645760            2       15368.163   2586583040    161661440
   711310336            1       12366.111   1422620672     88913792
   782440448            1       12997.672   1564880896     97805056
   860684288            1       13581.734   1721368576    107585536
   946752512            1       14290.669   1893505024    118344064
  1041427456            1       14918.163   2082854912    130178432
  1145569280            1       15694.204   2291138560    143196160
  1260126208            1        9166.669   2520252416    157515776

META_DATA
FLOPS          1
MPI_PROCS      32
OPENMP_THREADS 4
ERT_VERSION  1.1.0
HOSTNAME  ('tcn46.local.snellius.surf.nl', [], ['172.18.56.56'])
UNAME  uname_result(system='Linux', node='tcn46.local.snellius.surf.nl', release='4.18.0-372.80.1.el8_6.x86_64', version='#1 SMP Fri Nov 3 14:30:16 EDT 2023', machine='x86_64', processor='x86_64')
TIMESTAMP_DATA  1707384271.4919703
CONFIG  {'ERT_RESULTS': ['Results.snellius.01'], 'ERT_DRIVER': ['driver1'], 'ERT_KERNEL': ['kernel1'], 'ERT_MPI': ['True'], 'ERT_MPI_CFLAGS': [], 'ERT_MPI_LDFLAGS': [], 'ERT_OPENMP': ['True'], 'ERT_OPENMP_CFLAGS': ['-fopenmp'], 'ERT_OPENMP_LDFLAGS': ['-fopenmp'], 'ERT_FLOPS': ['1,2,4,8,16'], 'ERT_ALIGN': ['32'], 'ERT_CC': ['mpic++'], 'ERT_CFLAGS': ['-Ofast', '-fargument-noalias', '-mavx2'], 'ERT_LD': ['mpic++'], 'ERT_LDFLAGS': [], 'ERT_LDLIBS': [], 'ERT_RUN': ['export', 'OMP_NUM_THREADS=ERT_OPENMP_THREADS;', 'mpirun', '-np', 'ERT_MPI_PROCS', 'ERT_CODE'], 'ERT_PROCS_THREADS': ['32,64,128'], 'ERT_MPI_PROCS': ['32,64,128'], 'ERT_OPENMP_THREADS': ['1,2,4,8'], 'ERT_NUM_EXPERIMENTS': ['5'], 'ERT_MEMORY_MAX': ['1357905920'], 'ERT_WORKING_SET_MIN': ['1'], 'ERT_TRIALS_MIN': ['1'], 'ERT_GNUPLOT': ['gnuplot'], 'ERT_GPU': [False], 'ERT_HIP': [False], 'ERT_PRECISION': ['FP64'], 'ERT_OCL': [False], 'ERT_SYCL': [False], 'ERT_WSS_MULT': [1.1]}
