srun: Job 5990625 step creation temporarily disabled, retrying (Requested nodes are busy)
srun: Step created for job 5990625
fp64
        1024            1         199.804         2048          128
        1024            2           4.719         4096          256
        1024            4         286.882         8192          512
        1024            8           4.809        16384         1024
        1024           16           4.810        32768         2048
        1024           32           4.839        65536         4096
        1024           64           3.327       131072         8192
        1024          128           4.829       262144        16384
        1024          256           4.789       524288        32768
        1024          512           9.168      1048576        65536
        1024         1024           5.271      2097152       131072
        1024         2048           6.393      4194304       262144
        1024         4096           7.755      8388608       524288
        1024         8192           9.408     16777216      1048576
        1024        16384          17.123     33554432      2097152
        1024        32768          29.357     67108864      4194304
        1024        65536          58.422    134217728      8388608
        1024       131072         103.198    268435456     16777216
        1024       262144         201.487    536870912     33554432
        1024       524288         398.666   1073741824     67108864
        1024      1048576         796.049   2147483648    134217728
        2048            1          10.360         4096          256
        2048            2           5.090         8192          512
        2048            4          12.674        16384         1024
        2048            8           4.429        32768         2048
        2048           16           5.200        65536         4096
        2048           32           4.679       131072         8192
        2048           64           3.978       262144        16384
        2048          128           5.180       524288        32768
        2048          256           5.290      1048576        65536
        2048          512           9.228      2097152       131072
        2048         1024           5.862      4194304       262144
        2048         2048           6.232      8388608       524288
        2048         4096           8.426     16777216      1048576
        2048         8192          10.069     33554432      2097152
        2048        16384          17.413     67108864      4194304
        2048        32768          29.787    134217728      8388608
        2048        65536          58.562    268435456     16777216
        2048       131072         103.519    536870912     33554432
        2048       262144         202.429   1073741824     67108864
        2048       524288         399.197   2147483648    134217728
        3072            1           6.553         6144          384
        3072            2           4.578        12288          768
        3072            4           4.548        24576         1536
        3072            8          10.310        49152         3072
        3072           16           4.438        98304         6144
        3072           32           4.750       196608        12288
        3072           64           4.699       393216        24576
        3072          128           3.326       786432        49152
        3072          256           4.759      1572864        98304
        3072          512           5.190      3145728       196608
        3072         1024          11.011      6291456       393216
        3072         2048           6.011     12582912       786432
        3072         4096           7.655     25165824      1572864
        3072         8192          12.224     50331648      3145728
        3072        16384          22.293    100663296      6291456
        3072        32768          41.800    201326592     12582912
        3072        65536          80.895    402653184     25165824
        3072       131072         165.067    805306368     50331648
        3072       262144         316.649   1610612736    100663296
        4096            1           9.107         8192          512
        4096            2           5.440        16384         1024
        4096            4           3.437        32768         2048
        4096            8           4.669        65536         4096
        4096           16           5.100       131072         8192
        4096           32           9.098       262144        16384
        4096           64           5.020       524288        32768
        4096          128           5.030      1048576        65536
        4096          256           5.110      2097152       131072
        4096          512           3.537      4194304       262144
        4096         1024           5.581      8388608       524288
        4096         2048           6.072     16777216      1048576
        4096         4096          11.031     33554432      2097152
        4096         8192           9.388     67108864      4194304
        4096        16384          17.103    134217728      8388608
        4096        32768          29.557    268435456     16777216
        4096        65536          49.635    536870912     33554432
        4096       131072         113.869   1073741824     67108864
        4096       262144         237.006   2147483648    134217728
        5120            1          16.863        10240          640
        5120            2           4.919        20480         1280
        5120            4           4.359        40960         2560
        5120            8           4.719        81920         5120
        5120           16           3.326       163840        10240
        5120           32           4.168       327680        20480
        5120           64           4.669       655360        40960
        5120          128           8.105      1310720        81920
        5120          256           4.669      2621440       163840
        5120          512           4.338      5242880       327680
        5120         1024           4.739     10485760       655360
        5120         2048           4.378     20971520      1310720
        5120         4096           6.171     41943040      2621440
        5120         8192           8.186     83886080      5242880
        5120        16384          16.552    167772160     10485760
        5120        32768          20.981    335544320     20971520
        5120        65536          40.048    671088640     41943040
        5120       131072          70.455   1342177280     83886080
        5120       262144         134.569   2684354560    167772160
        6144            1           9.418        12288          768
        6144            2           5.641        24576         1536
        6144            4          10.791        49152         3072
        6144            8           4.048        98304         6144
        6144           16           4.789       196608        12288
        6144           32           5.060       393216        24576
        6144           64           3.607       786432        49152
        6144          128           4.889      1572864        98304
        6144          256           4.890      3145728       196608
        6144          512           9.779      6291456       393216
        6144         1024           4.949     12582912       786432
        6144         2048           5.711     25165824      1572864
        6144         4096           6.733     50331648      3145728
        6144         8192           7.384    100663296      6291456
        6144        16384          12.884    201326592     12582912
        6144        32768          21.211    402653184     25165824
        6144        65536          41.831    805306368     50331648
        6144       131072          73.391   1610612736    100663296
        7168            1          10.580        14336          896
        7168            2           4.740        28672         1792
        7168            4           4.048        57344         3584
        7168            8           4.819       114688         7168
        7168           16           4.889       229376        14336
        7168           32           8.998       458752        28672
        7168           64           4.609       917504        57344
        7168          128           4.829      1835008       114688
        7168          256           4.970      3670016       229376
        7168          512           3.767      7340032       458752
        7168         1024           5.350     14680064       917504
        7168         2048           5.892     29360128      1835008
        7168         4096          10.982     58720256      3670016
        7168         8192           9.899    117440512      7340032
        7168        16384          14.198    234881024     14680064
        7168        32768          25.780    469762048     29360128
        7168        65536          54.796    939524096     58720256
        7168       131072         119.961   1879048192    117440512
        8192            1           8.296        16384         1024
        8192            2          13.386        32768         2048
        8192            4           4.780        65536         4096
        8192            8           4.118       131072         8192
        8192           16           4.619       262144        16384
        8192           32           3.316       524288        32768
        8192           64           4.259      1048576        65536
        8192          128           4.760      2097152       131072
        8192          256          10.409      4194304       262144
        8192          512           4.859      8388608       524288
        8192         1024           5.381     16777216      1048576
        8192         2048           6.312     33554432      2097152
        8192         4096           6.292     67108864      4194304
        8192         8192          10.841    134217728      8388608
        8192        16384          17.093    268435456     16777216
        8192        32768          34.797    536870912     33554432
        8192        65536          53.793   1073741824     67108864
        8192       131072         102.617   2147483648    134217728
        9216            1          10.770        18432         1152
        9216            2           3.868        36864         2304
        9216            4           5.620        73728         4608
        9216            8           5.050       147456         9216
        9216           16           9.228       294912        18432
        9216           32           4.960       589824        36864
        9216           64           5.320      1179648        73728
        9216          128           5.150      2359296       147456
        9216          256           4.047      4718592       294912
        9216          512           5.521      9437184       589824
        9216         1024           5.320     18874368      1179648
        9216         2048          11.041     37748736      2359296
        9216         4096           7.915     75497472      4718592
        9216         8192          10.710    150994944      9437184
        9216        16384          16.852    301989888     18874368
        9216        32768          28.464    603979776     37748736
        9216        65536          54.345   1207959552     75497472
        9216       131072         103.609   2415919104    150994944
       10240            1          16.231        20480         1280
       10240            2           5.260        40960         2560
       10240            4           4.208        81920         5120
       10240            8           4.849       163840        10240
       10240           16           3.386       327680        20480
       10240           32           4.047       655360        40960
       10240           64           4.719      1310720        81920
       10240          128           8.657      2621440       163840
       10240          256           4.799      5242880       327680
       10240          512           4.609     10485760       655360
       10240         1024           4.940     20971520      1310720
       10240         2048           5.060     41943040      2621440
       10240         4096           8.155     83886080      5242880
       10240         8192          13.897    167772160     10485760
       10240        16384          30.167    335544320     20971520
       10240        32768          43.003    671088640     41943040
       10240        65536          74.312   1342177280     83886080
       10240       131072         172.381   2684354560    167772160
       11264            1           6.743        22528         1408
       11264            2           7.034        45056         2816
       11264            4           4.369        90112         5632
       11264            8           8.997       180224        11264
       11264           16           4.940       360448        22528
       11264           32           4.890       720896        45056
       11264           64           5.280      1441792        90112
       11264          128           3.477      2883584       180224
       11264          256           4.889      5767168       360448
       11264          512           5.371     11534336       720896
       11264         1024          10.150     23068672      1441792
       11264         2048           6.502     46137344      2883584
       11264         4096           7.735     92274688      5767168
       11264         8192          10.260    184549376     11534336
       11264        16384          15.800    369098752     23068672
       11264        32768          29.637    738197504     46137344
       11264        65536         110.553   1476395008     92274688
       12288            1          15.710        24576         1536
       12288            2           5.350        49152         3072
       12288            4           4.138        98304         6144
       12288            8           4.458       196608        12288
       12288           16           3.817       393216        24576
       12288           32           4.368       786432        49152
       12288           64           5.040      1572864        98304
       12288          128           9.448      3145728       196608
       12288          256           4.809      6291456       393216
       12288          512           4.689     12582912       786432
       12288         1024           5.440     25165824      1572864
       12288         2048           6.002     50331648      3145728
       12288         4096           9.198    100663296      6291456
       12288         8192          14.328    201326592     12582912
       12288        16384          29.136    402653184     25165824
       12288        32768          45.237    805306368     50331648
       12288        65536          88.661   1610612736    100663296
       13312            1           9.609        26624         1664
       13312            2           3.828        53248         3328
       13312            4           5.100       106496         6656
       13312            8           5.010       212992        13312
       13312           16           9.078       425984        26624
       13312           32           3.897       851968        53248
       13312           64           4.168      1703936       106496
       13312          128           4.378      3407872       212992
       13312          256           3.607      6815744       425984
       13312          512           4.699     13631488       851968
       13312         1024           5.610     27262976      1703936
       13312         2048          11.192     54525952      3407872
       13312         4096           9.578    109051904      6815744
       13312         8192          13.967    218103808     13631488
       13312        16384          24.127    436207616     27262976
       13312        32768          43.864    872415232     54525952
       13312        65536          86.716   1744830464    109051904
       14336            1           8.587        28672         1792
       14336            2          12.424        57344         3584
       14336            4           4.137       114688         7168
       14336            8           4.269       229376        14336
       14336           16           4.920       458752        28672
       14336           32           3.396       917504        57344
       14336           64           4.218      1835008       114688
       14336          128           4.869      3670016       229376
       14336          256           9.227      7340032       458752
       14336          512           4.419     14680064       917504
       14336         1024           5.610     29360128      1835008
       14336         2048           6.292     58720256      3670016
       14336         4096           9.438    117440512      7340032
       14336         8192          14.518    234881024     14680064
       14336        16384          25.800    469762048     29360128
       14336        32768          59.775    939524096     58720256
       14336        65536         119.509   1879048192    117440512
       15360            1          10.420        30720         1920
       15360            2           7.073        61440         3840
       15360            4           3.386       122880         7680
       15360            8           4.419       245760        15360
       15360           16           4.248       491520        30720
       15360           32           9.087       983040        61440
       15360           64           4.569      1966080       122880
       15360          128           4.669      3932160       245760
       15360          256           4.579      7864320       491520
       15360          512           4.248     15728640       983040
       15360         1024           5.341     31457280      1966080
       15360         2048           6.633     62914560      3932160
       15360         4096          13.686    125829120      7864320
       15360         8192          13.927    251658240     15728640
       15360        16384          24.297    503316480     31457280
       15360        32768          45.328   1006632960     62914560
       15360        65536          85.465   2013265920    125829120
       16384            1           8.125        32768         2048
       16384            2           4.759        65536         4096
       16384            4          10.891       131072         8192
       16384            8           3.968       262144        16384
       16384           16           4.248       524288        32768
       16384           32           4.429      1048576        65536
       16384           64           3.577      2097152       131072
       16384          128           4.358      4194304       262144
       16384          256           4.439      8388608       524288
       16384          512           8.968     16777216      1048576
       16384         1024           5.310     33554432      2097152
       16384         2048           7.885     67108864      4194304
       16384         4096          10.339    134217728      8388608
       16384         8192          13.867    268435456     16777216
       16384        16384          25.309    536870912     33554432
       16384        32768          51.349   1073741824     67108864
       16384        65536         104.852   2147483648    134217728
       17408            1          11.061        34816         2176
       17408            2           5.561        69632         4352
       17408            4           4.098       139264         8704
       17408            8           3.507       278528        17408
       17408           16           4.057       557056        34816
       17408           32           4.318      1114112        69632
       17408           64           8.677      2228224       139264
       17408          128           4.679      4456448       278528
       17408          256           5.000      8912896       557056
       17408          512           5.070     17825792      1114112
       17408         1024           4.558     35651584      2228224
       17408         2048           7.334     71303168      4456448
       17408         4096           9.929    142606336      8912896
       17408         8192          26.611    285212672     17825792
       17408        16384          41.049    570425344     35651584
       17408        32768          62.690   1140850688     71303168
       17408        65536         140.200   2281701376    142606336
       18432            1           7.725        36864         2304
       18432            2           5.080        73728         4608
       18432            4           4.678       147456         9216
       18432            8           8.907       294912        18432
       18432           16           4.640       589824        36864
       18432           32           4.669      1179648        73728
       18432           64           4.819      2359296       147456
       18432          128           3.737      4718592       294912
       18432          256           5.099      9437184       589824
       18432          512           5.500     18874368      1179648
       18432         1024          10.240     37748736      2359296
       18432         2048           7.565     75497472      4718592
       18432         4096          11.011    150994944      9437184
       18432         8192          17.063    301989888     18874368
       18432        16384          23.937    603979776     37748736
       18432        32768          53.814   1207959552     75497472
       18432        65536          87.218   2415919104    150994944
       19456            1          16.421        38912         2432
       19456            2           5.932        77824         4864
       19456            4           4.830       155648         9728
       19456            8           4.749       311296        19456
       19456           16           3.316       622592        38912
       19456           32           4.128      1245184        77824
       19456           64           4.940      2490368       155648
       19456          128           9.329      4980736       311296
       19456          256           5.119      9961472       622592
       19456          512           5.010     19922944      1245184
       19456         1024           5.741     39845888      2490368
       19456         2048           5.891     79691776      4980736
       19456         4096           9.839    159383552      9961472
       19456         8192          14.377    318767104     19922944
       19456        16384          31.721    637534208     39845888
       19456        32768          53.633   1275068416     79691776
       19456        65536         102.507   2550136832    159383552
       20480            1           9.367        40960         2560
       20480            2           3.647        81920         5120
       20480            4           5.050       163840        10240
       20480            8           4.398       327680        20480
       20480           16           9.449       655360        40960
       20480           32           4.819      1310720        81920
       20480           64           5.129      2621440       163840
       20480          128           5.230      5242880       327680
       20480          256           4.508     10485760       655360
       20480          512           6.502     20971520      1310720
       20480         1024           7.786     41943040      2621440
       20480         2048          15.149     83886080      5242880
       20480         4096          17.103    167772160     10485760
       20480         8192          31.531    335544320     20971520
       20480        16384          60.096    671088640     41943040
       20480        32768         117.075   1342177280     83886080
       20480        65536         232.116   2684354560    167772160
       22528            1           9.989        45056         2816
       22528            2          11.843        90112         5632
       22528            4           4.058       180224        11264
       22528            8           4.198       360448        22528
       22528           16           5.029       720896        45056
       22528           32           3.387      1441792        90112
       22528           64           4.168      2883584       180224
       22528          128           5.080      5767168       360448
       22528          256           9.829     11534336       720896
       22528          512           5.941     23068672      1441792
       22528         1024           7.554     46137344      2883584
       22528         2048          10.630     92274688      5767168
       22528         4096          16.562    184549376     11534336
       22528         8192          31.431    369098752     23068672
       22528        16384          60.236    738197504     46137344
       22528        32768         122.185   1476395008     92274688
       24576            1           9.509        49152         3072
       24576            2           4.698        98304         6144
       24576            4           4.639       196608        12288
       24576            8           3.627       393216        24576
       24576           16           4.269       786432        49152
       24576           32           4.488      1572864        98304
       24576           64           8.496      3145728       196608
       24576          128           4.478      6291456       393216
       24576          256           5.641     12582912       786432
       24576          512           6.853     25165824      1572864
       24576         1024           8.116     50331648      3145728
       24576         2048          13.786    100663296      6291456
       24576         4096          23.054    201326592     12582912
       24576         8192          46.028    402653184     25165824
       24576        16384          78.460    805306368     50331648
       24576        32768         160.538   1610612736    100663296
       26624            1           9.518        53248         3328
       26624            2           3.557       106496         6656
       26624            4           4.138       212992        13312
       26624            8           4.479       425984        26624
       26624           16           9.518       851968        53248
       26624           32           4.639      1703936       106496
       26624           64           4.369      3407872       212992
       26624          128           4.729      6815744       425984
       26624          256           4.629     13631488       851968
       26624          512           6.482     27262976      1703936
       26624         1024           8.606     54525952      3407872
       26624         2048          18.816    109051904      6815744
       26624         4096          23.185    218103808     13631488
       26624         8192          43.053    436207616     27262976
       26624        16384          81.706    872415232     54525952
       26624        32768         159.336   1744830464    109051904
       28672            1          10.310        57344         3584
       28672            2           6.423       114688         7168
       28672            4          43.864       229376        14336
       28672            8           4.399       458752        28672
       28672           16           5.200       917504        57344
       28672           32           5.270      1835008       114688
       28672           64           3.606      3670016       229376
       28672          128           4.779      7340032       458752
       28672          256           5.881     14680064       917504
       28672          512          10.810     29360128      1835008
       28672         1024           8.166     58720256      3670016
       28672         2048          11.913    117440512      7340032
       28672         4096          19.107    234881024     14680064
       28672         8192          31.761    469762048     29360128
       28672        16384          61.929    939524096     58720256
       28672        32768         119.440   1879048192    117440512
       30720            1          17.413        61440         3840
       30720            2           5.059       122880         7680
       30720            4           4.208       245760        15360
       30720            8           4.598       491520        30720
       30720           16           3.537       983040        61440
       30720           32           4.890      1966080       122880
       30720           64           5.050      3932160       245760
       30720          128           9.188      7864320       491520
       30720          256           5.330     15728640       983040
       30720          512           6.302     31457280      1966080
       30720         1024           7.475     62914560      3932160
       30720         2048          10.320    125829120      7864320
       30720         4096          18.435    251658240     15728640
       30720         8192          33.354    503316480     31457280
       30720        16384          66.287   1006632960     62914560
       30720        32768         119.129   2013265920    125829120
       33792            1          11.773        67584         4224
       33792            2           4.398       135168         8448
       33792            4           3.176       270336        16896
       33792            8           4.869       540672        33792
       33792           16           4.809      1081344        67584
       33792           32          10.009      2162688       135168
       33792           64           4.719      4325376       270336
       33792          128           4.438      8650752       540672
       33792          256           4.869     17301504      1081344
       33792          512           5.570     34603008      2162688
       33792         1024           8.326     69206016      4325376
       33792         2048          13.596    138412032      8650752
       33792         4096          27.814    276824064     17301504
       33792         8192          41.409    553648128     34603008
       33792        16384          77.629   1107296256     69206016
       33792        32768         171.019   2214592512    138412032
       36864            1           8.677        73728         4608
       36864            2           7.575       147456         9216
       36864            4           4.339       294912        18432
       36864            8           8.757       589824        36864
       36864           16           4.729      1179648        73728
       36864           32           4.238      2359296       147456
       36864           64           4.458      4718592       294912
       36864          128           3.788      9437184       589824
       36864          256           5.170     18874368      1179648
       36864          512           5.901     37748736      2359296
       36864         1024          12.004     75497472      4718592
       36864         2048          11.613    150994944      9437184
       36864         4096          18.496    301989888     18874368
       36864         8192          33.093    603979776     37748736
       36864        16384          60.957   1207959552     75497472
       36864        32768         124.619   2415919104    150994944
       39936            1           9.588        79872         4992
       39936            2          11.582       159744         9984
       39936            4           4.188       319488        19968
       39936            8           4.228       638976        39936
       39936           16           4.850      1277952        79872
       39936           32           3.517      2555904       159744
       39936           64           4.238      5111808       319488
       39936          128           5.170     10223616       638976
       39936          256          10.299     20447232      1277952
       39936          512           6.403     40894464      2555904
       39936         1024           8.426     81788928      5111808
       39936         2048          11.482    163577856     10223616
       39936         4096          24.026    327155712     20447232
       39936         8192          49.866    654311424     40894464
       39936        16384          77.660   1308622848     81788928
       39936        32768         174.996   2617245696    163577856
       43008            1           9.409        86016         5376
       43008            2           4.248       172032        10752
       43008            4           4.759       344064        21504
       43008            8           3.346       688128        43008
       43008           16           4.298      1376256        86016
       43008           32           4.348      2752512       172032
       43008           64           8.927      5505024       344064
       43008          128           4.999     11010048       688128
       43008          256           5.561     22020096      1376256
       43008          512           6.001     44040192      2752512
       43008         1024           7.965     88080384      5505024
       43008         2048          13.165    176160768     11010048
       43008         4096          23.675    352321536     22020096
       43008         8192          49.685    704643072     44040192
       43008        16384          88.310   1409286144     88080384
       47104            1          10.841        94208         5888
       47104            2           6.543       188416        11776
       47104            4           4.158       376832        23552
       47104            8           4.569       753664        47104
       47104           16           4.870      1507328        94208
       47104           32           9.358      3014656       188416
       47104           64           4.368      6029312       376832
       47104          128           5.200     12058624       753664
       47104          256           5.130     24117248      1507328
       47104          512           5.260     48234496      3014656
       47104         1024           9.177     96468992      6029312
       47104         2048          13.627    192937984     12058624
       47104         4096          29.015    385875968     24117248
       47104         8192          44.165    771751936     48234496
       47104        16384          96.105   1543503872     96468992
       51200            1          10.340       102400         6400
       51200            2           3.587       204800        12800
       51200            4           4.419       409600        25600
       51200            8           4.429       819200        51200
       51200           16           9.418      1638400       102400
       51200           32           4.749      3276800       204800
       51200           64           4.989      6553600       409600
       51200          128           5.220     13107200       819200
       51200          256           4.579     26214400      1638400
       51200          512           6.412     52428800      3276800
       51200         1024           9.248    104857600      6553600
       51200         2048          17.554    209715200     13107200
       51200         4096          22.023    419430400     26214400
       51200         8192          42.482    838860800     52428800
       51200        16384          81.717   1677721600    104857600
       56320            1           7.404       112640         7040
       56320            2           4.759       225280        14080
       56320            4           4.458       450560        28160
       56320            8           9.178       901120        56320
       56320           16           4.759      1802240       112640
       56320           32           4.849      3604480       225280
       56320           64           4.669      7208960       450560
       56320          128           4.549     14417920       901120
       56320          256           5.881     28835840      1802240
       56320          512           7.024     57671680      3604480
       56320         1024          13.866    115343360      7208960
       56320         2048          16.242    230686720     14417920
       56320         4096          29.056    461373440     28835840
       56320         8192          64.333    922746880     57671680
       56320        16384         103.508   1845493760    115343360
       61440            1           8.797       122880         7680
       61440            2           7.755       245760        15360
       61440            4           9.458       491520        30720
       61440            8           4.258       983040        61440
       61440           16           5.210      1966080       122880
       61440           32           4.840      3932160       245760
       61440           64           3.958      7864320       491520
       61440          128           5.100     15728640       983040
       61440          256           6.442     31457280      1966080
       61440          512          11.391     62914560      3932160
       61440         1024           9.448    125829120      7864320
       61440         2048          15.771    251658240     15728640
       61440         4096          27.954    503316480     31457280
       61440         8192          50.146   1006632960     62914560
       61440        16384         105.433   2013265920    125829120
       67584            1           9.699       135168         8448
       67584            2          13.556       270336        16896
       67584            4           4.117       540672        33792
       67584            8           4.549      1081344        67584
       67584           16           4.529      2162688       135168
       67584           32           3.757      4325376       270336
       67584           64           4.539      8650752       540672
       67584          128           4.969     17301504      1081344
       67584          256          11.302     34603008      2162688
       67584          512           7.244     69206016      4325376
       67584         1024           9.759    138412032      8650752
       67584         2048          16.061    276824064     17301504
       67584         4096          27.213    553648128     34603008
       67584         8192          53.634   1107296256     69206016
       67584        16384         102.737   2214592512    138412032
       73728            1          17.965       147456         9216
       73728            2           5.060       294912        18432
       73728            4           4.339       589824        36864
       73728            8           4.799      1179648        73728
       73728           16           3.687      2359296       147456
       73728           32           4.339      4718592       294912
       73728           64           5.170      9437184       589824
       73728          128           9.779     18874368      1179648
       73728          256           5.470     37748736      2359296
       73728          512           7.815     75497472      4718592
       73728         1024          11.312    150994944      9437184
       73728         2048          16.913    301989888     18874368
       73728         4096          32.092    603979776     37748736
       73728         8192          59.725   1207959552     75497472
       73728        16384         119.570   2415919104    150994944
       80896            1          10.650       161792        10112
       80896            2           4.509       323584        20224
       80896            4           4.709       647168        40448
       80896            8           3.486      1294336        80896
       80896           16           4.479      2588672       161792
       80896           32           4.569      5177344       323584
       80896           64           9.097     10354688       647168
       80896          128           5.381     20709376      1294336
       80896          256           6.342     41418752      2588672
       80896          512           7.384     82837504      5177344
       80896         1024          10.501    165675008     10354688
       80896         2048          18.696    331350016     20709376
       80896         4096          41.369    662700032     41418752
       80896         8192          84.552   1325400064     82837504
       80896        16384         144.788   2650800128    165675008
       88064            1           9.999       176128        11008
       88064            2           5.159       352256        22016
       88064            4           3.616       704512        44032
       88064            8           4.679      1409024        88064
       88064           16           5.230      2818048       176128
       88064           32           8.757      5636096       352256
       88064           64           5.390     11272192       704512
       88064          128           5.791     22544384      1409024
       88064          256           6.222     45088768      2818048
       88064          512           7.484     90177536      5636096
       88064         1024          11.762    180355072     11272192
       88064         2048          21.802    360710144     22544384
       88064         4096          45.408    721420288     45088768
       88064         8192          70.004   1442840576     90177536
       96256            1           9.258       192512        12032
       96256            2           4.719       385024        24064
       96256            4           3.768       770048        48128
       96256            8           4.509      1540096        96256
       96256           16           5.040      3080192       192512
       96256           32           9.668      6160384       385024
       96256           64           5.040     12320768       770048
       96256          128           5.591     24641536      1540096
       96256          256           6.603     49283072      3080192
       96256          512           6.703     98566144      6160384
       96256         1024          12.865    197132288     12320768
       96256         2048          21.321    394264576     24641536
       96256         4096          43.194    788529152     49283072
       96256         8192          71.888   1577058304     98566144
      105472            1          11.933       210944        13184
      105472            2           6.382       421888        26368
      105472            4           3.918       843776        52736
      105472            8           4.890      1687552       105472
      105472           16           5.260      3375104       210944
      105472           32           8.948      6750208       421888
      105472           64           4.629     13500416       843776
      105472          128           5.140     27000832      1687552
      105472          256           6.142     54001664      3375104
      105472          512           7.815    108003328      6750208
      105472         1024          12.905    216006656     13500416
      105472         2048          21.862    432013312     27000832
      105472         4096          43.984    864026624     54001664
      105472         8192          76.086   1728053248    108003328
      115712            1          10.561       231424        14464
      115712            2           6.823       462848        28928
      115712            4           4.138       925696        57856
      115712            8           5.310      1851392       115712
      115712           16           5.130      3702784       231424
      115712           32           9.618      7405568       462848
      115712           64           5.731     14811136       925696
      115712          128           5.811     29622272      1851392
      115712          256           6.732     59244544      3702784
      115712          512           9.027    118489088      7405568
      115712         1024          14.388    236978176     14811136
      115712         2048          24.146    473956352     29622272
      115712         4096          56.057    947912704     59244544
      115712         8192          96.746   1895825408    118489088
      126976            1          10.270       253952        15872
      126976            2           6.593       507904        31744
      126976            4           3.958      1015808        63488
      126976            8           5.100      2031616       126976
      126976           16           5.140      4063232       253952
      126976           32           9.589      8126464       507904
      126976           64           4.578     16252928      1015808
      126976          128           5.952     32505856      2031616
      126976          256           8.025     65011712      4063232
      126976          512          10.620    130023424      8126464
      126976         1024          15.079    260046848     16252928
      126976         2048          25.709    520093696     32505856
      126976         4096          61.508   1040187392     65011712
      126976         8192         122.044   2080374784    130023424
      139264            1          10.500       278528        17408
      139264            2           5.170       557056        34816
      139264            4           3.817      1114112        69632
      139264            8           4.218      2228224       139264
      139264           16           5.090      4456448       278528
      139264           32           9.518      8912896       557056
      139264           64           5.361     17825792      1114112
      139264          128           6.503     35651584      2228224
      139264          256           7.644     71303168      4456448
      139264          512          10.580    142606336      8912896
      139264         1024          18.626    285212672     17825792
      139264         2048          31.289    570425344     35651584
      139264         4096          66.428   1140850688     71303168
      139264         8192         121.173   2281701376    142606336
      152576            1          10.480       305152        19072
      152576            2           7.895       610304        38144
      152576            4           3.537      1220608        76288
      152576            8           4.338      2441216       152576
      152576           16           4.349      4882432       305152
      152576           32           8.927      9764864       610304
      152576           64           5.280     19529728      1220608
      152576          128           5.330     39059456      2441216
      152576          256           6.823     78118912      4882432
      152576          512           8.477    156237824      9764864
      152576         1024          15.780    312475648     19529728
      152576         2048          27.944    624951296     39059456
      152576         4096          55.788   1249902592     78118912
      152576         8192         100.633   2499805184    156237824
      166912            1          12.514       333824        20864
      166912            2           5.631       667648        41728
      166912            4           3.657      1335296        83456
      166912            8           5.180      2670592       166912
      166912           16           5.290      5341184       333824
      166912           32           9.568     10682368       667648
      166912           64           4.720     21364736      1335296
      166912          128           6.172     42729472      2670592
      166912          256           7.694     85458944      5341184
      166912          512           9.508    170917888     10682368
      166912         1024          17.283    341835776     21364736
      166912         2048          29.987    683671552     42729472
      166912         4096          59.906   1367343104     85458944
      183296            1          10.390       366592        22912
      183296            2           7.384       733184        45824
      183296            4           6.162      1466368        91648
      183296            8           3.708      2932736       183296
      183296           16           4.489      5865472       366592
      183296           32           4.839     11730944       733184
      183296           64          10.711     23461888      1466368
      183296          128           6.252     46923776      2932736
      183296          256           7.956     93847552      5865472
      183296          512          14.108    187695104     11730944
      183296         1024          26.300    375390208     23461888
      183296         2048          39.746    750780416     46923776
      183296         4096          69.523   1501560832     93847552
      200704            1          17.743       401408        25088
      200704            2           4.529       802816        50176
      200704            4           4.620      1605632       100352
      200704            8           4.549      3211264       200704
      200704           16           4.018      6422528       401408
      200704           32           5.451     12845056       802816
      200704           64           6.102     25690112      1605632
      200704          128          11.172     51380224      3211264
      200704          256           8.306    102760448      6422528
      200704          512          11.613    205520896     12845056
      200704         1024          21.431    411041792     25690112
      200704         2048          41.570    822083584     51380224
      200704         4096          81.547   1644167168    102760448
      220160            1          12.865       440320        27520
      220160            2          13.616       880640        55040
      220160            4           5.461      1761280       110080
      220160            8           4.740      3522560       220160
      220160           16           5.441      7045120       440320
      220160           32           3.968     14090240       880640
      220160           64           5.110     28180480      1761280
      220160          128           6.753     56360960      3522560
      220160          256          12.935    112721920      7045120
      220160          512          12.314    225443840     14090240
      220160         1024          20.680    450887680     28180480
      220160         2048          37.061    901775360     56360960
      220160         4096          67.159   1803550720    112721920
      241664            1          13.205       483328        30208
      241664            2           4.248       966656        60416
      241664            4          11.181      1933312       120832
      241664            8           4.759      3866624       241664
      241664           16           5.300      7733248       483328
      241664           32           5.421     15466496       966656
      241664           64           4.528     30932992      1933312
      241664          128           6.232     61865984      3866624
      241664          256           8.396    123731968      7733248
      241664          512          17.924    247463936     15466496
      241664         1024          21.953    494927872     30932992
      241664         2048          39.235    989855744     61865984
      241664         4096          74.894   1979711488    123731968
      265216            1           9.207       530432        33152
      265216            2           4.479      1060864        66304
      265216            4           4.649      2121728       132608
      265216            8           8.727      4243456       265216
      265216           16           4.549      8486912       530432
      265216           32           4.790     16973824      1060864
      265216           64           5.981     33947648      2121728
      265216          128           5.841     67895296      4243456
      265216          256           9.318    135790592      8486912
      265216          512          14.057    271581184     16973824
      265216         1024          28.455    543162368     33947648
      265216         2048          46.349   1086324736     67895296
      265216         4096          80.274   2172649472    135790592
      290816            1          11.833       581632        36352
      290816            2           3.647      1163264        72704
      290816            4           5.340      2326528       145408
      290816            8           4.619      4653056       290816
      290816           16           8.997      9306112       581632
      290816           32           4.759     18612224      1163264
      290816           64           5.390     37224448      2326528
      290816          128           6.643     74448896      4653056
      290816          256          11.392    148897792      9306112
      290816          512          16.942    297795584     18612224
      290816         1024          27.724    595591168     37224448
      290816         2048          62.350   1191182336     74448896
      290816         4096         134.528   2382364672    148897792
      319488            1          12.544       638976        39936
      319488            2           4.709      1277952        79872
      319488            4           4.088      2555904       159744
      319488            8           4.899      5111808       319488
      319488           16           5.040     10223616       638976
      319488           32           9.689     20447232      1277952
      319488           64           6.412     40894464      2555904
      319488          128           7.234     81788928      5111808
      319488          256          10.019    163577856     10223616
      319488          512          16.983    327155712     20447232
      319488         1024          31.932    654311424     40894464
      319488         2048          62.670   1308622848     81788928
      319488         4096          99.401   2617245696    163577856
      351232            1          12.795       702464        43904
      351232            2           4.349      1404928        87808
      351232            4           4.639      2809856       175616
      351232            8           3.948      5619712       351232
      351232           16           4.910     11239424       702464
      351232           32           5.080     22478848      1404928
      351232           64          10.089     44957696      2809856
      351232          128           7.565     89915392      5619712
      351232          256          10.190    179830784     11239424
      351232          512          15.981    359661568     22478848
      351232         1024          27.172    719323136     44957696
      351232         2048          52.671   1438646272     89915392
      386048            1          10.720       772096        48256
      386048            2          13.175      1544192        96512
      386048            4           5.190      3088384       193024
      386048            8           4.889      6176768       386048
      386048           16           4.960     12353536       772096
      386048           32           5.040     24707072      1544192
      386048           64           6.412     49414144      3088384
      386048          128           9.358     98828288      6176768
      386048          256          19.888    197656576     12353536
      386048          512          22.994    395313152     24707072
      386048         1024          44.445    790626304     49414144
      386048         2048          84.132   1581252608     98828288
      423936            1           7.855       847872        52992
      423936            2           4.979      1695744       105984
      423936            4           4.619      3391488       211968
      423936            8           8.987      6782976       423936
      423936           16           5.140     13565952       847872
      423936           32           5.270     27131904      1695744
      423936           64           6.322     54263808      3391488
      423936          128           7.674    108527616      6782976
      423936          256          12.174    217055232     13565952
      423936          512          20.470    434110464     27131904
      423936         1024          41.170    868220928     54263808
      423936         2048          69.955   1736441856    108527616
      465920            1          14.468       931840        58240
      465920            2           4.639      1863680       116480
      465920            4           3.807      3727360       232960
      465920            8           5.220      7454720       465920
      465920           16           5.581     14909440       931840
      465920           32          10.199     29818880      1863680
      465920           64           6.804     59637760      3727360
      465920          128           8.727    119275520      7454720
      465920          256          12.864    238551040     14909440
      465920          512          20.820    477102080     29818880
      465920         1024          84.532    954204160     59637760
      465920         2048         101.795   1908408320    119275520
      512000            1          21.591      1024000        64000
      512000            2           5.641      2048000       128000
      512000            4           4.839      4096000       256000
      512000            8           5.871      8192000       512000
      512000           16           4.679     16384000      1024000
      512000           32           5.962     32768000      2048000
      512000           64           7.645     65536000      4096000
      512000          128          15.720    131072000      8192000
      512000          256          13.896    262144000     16384000
      512000          512          23.425    524288000     32768000
      512000         1024          42.822   1048576000     65536000
      512000         2048          80.203   2097152000    131072000
      563200            1          12.864      1126400        70400
      563200            2           4.508      2252800       140800
      563200            4          10.450      4505600       281600
      563200            8           4.369      9011200       563200
      563200           16           5.150     18022400      1126400
      563200           32           5.881     36044800      2252800
      563200           64           6.182     72089600      4505600
      563200          128           9.398    144179200      9011200
      563200          256          14.979    288358400     18022400
      563200          512          29.477    576716800     36044800
      563200         1024          45.146   1153433600     72089600
      563200         2048          87.128   2306867200    144179200
      619520            1          15.510      1239040        77440
      619520            2           3.777      2478080       154880
      619520            4           5.540      4956160       309760
      619520            8           5.731      9912320       619520
      619520           16          10.050     19824640      1239040
      619520           32           6.483     39649280      2478080
      619520           64           7.395     79298560      4956160
      619520          128          10.220    158597120      9912320
      619520          256          17.694    317194240     19824640
      619520          512          27.192    634388480     39649280
      619520         1024          48.704   1268776960     79298560
      619520         2048          98.579   2537553920    158597120
      680960            1          13.687      1361920        85120
      680960            2           4.388      2723840       170240
      680960            4           5.200      5447680       340480
      680960            8           3.887     10895360       680960
      680960           16           5.090     21790720      1361920
      680960           32           6.673     43581440      2723840
      680960           64          13.416     87162880      5447680
      680960          128          12.224    174325760     10895360
      680960          256          21.271    348651520     21790720
      680960          512          39.136    697303040     43581440
      680960         1024          66.087   1394606080     87162880
      748544            1          15.309      1497088        93568
      748544            2           5.801      2994176       187136
      748544            4          10.170      5988352       374272
      748544            8           4.578     11976704       748544
      748544           16           5.210     23953408      1497088
      748544           32           5.731     47906816      2994176
      748544           64           8.416     95813632      5988352
      748544          128          14.307    191627264     11976704
      748544          256          22.724    383254528     23953408
      748544          512          41.400    766509056     47906816
      748544         1024          87.328   1533018112     95813632
      823296            1          15.199      1646592       102912
      823296            2           4.578      3293184       205824
      823296            4           3.767      6586368       411648
      823296            8           5.170     13172736       823296
      823296           16           6.071     26345472      1646592
      823296           32          11.471     52690944      3293184
      823296           64           8.456    105381888      6586368
      823296          128          12.103    210763776     13172736
      823296          256          19.297    421527552     26345472
      823296          512          32.002    843055104     52690944
      823296         1024          66.728   1686110208    105381888
      905216            1          16.692      1810432       113152
      905216            2          11.923      3620864       226304
      905216            4           6.292      7241728       452608
      905216            8           5.781     14483456       905216
      905216           16           7.053     28966912      1810432
      905216           32           6.934     57933824      3620864
      905216           64           9.568    115867648      7241728
      905216          128          18.575    231735296     14483456
      905216          256          34.196    463470592     28966912
      905216          512          46.339    926941184     57933824
      905216         1024          77.299   1853882368    115867648
      995328            1          15.039      1990656       124416
      995328            2           4.048      3981312       248832
      995328            4           5.691      7962624       497664
      995328            8           5.711     15925248       995328
      995328           16          10.770     31850496      1990656
      995328           32           6.373     63700992      3981312
      995328           64           8.776    127401984      7962624
      995328          128          12.925    254803968     15925248
      995328          256          20.519    509607936     31850496
      995328          512          38.985   1019215872     63700992
      995328         1024          72.519   2038431744    127401984
     1094656            1          25.900      2189312       136832
     1094656            2           5.691      4378624       273664
     1094656            4           5.330      8757248       547328
     1094656            8           6.011     17514496      1094656
     1094656           16           5.441     35028992      2189312
     1094656           32           7.385     70057984      4378624
     1094656           64           9.508    140115968      8757248
     1094656          128          18.706    280231936     17514496
     1094656          256          23.144    560463872     35028992
     1094656          512          41.740   1120927744     70057984
     1094656         1024          78.771   2241855488    140115968
     1203200            1          13.165      2406400       150400
     1203200            2           5.811      4812800       300800
     1203200            4           5.230      9625600       601600
     1203200            8          10.371     19251200      1203200
     1203200           16           6.643     38502400      2406400
     1203200           32           7.735     77004800      4812800
     1203200           64          10.871    154009600      9625600
     1203200          128          20.439    308019200     19251200
     1203200          256          39.746    616038400     38502400
     1203200          512          58.442   1232076800     77004800
     1203200         1024         135.961   2464153600    154009600
     1323008            1          19.718      2646016       165376
     1323008            2           5.261      5292032       330752
     1323008            4           4.789     10584064       661504
     1323008            8           4.819     21168128      1323008
     1323008           16           6.102     42336256      2646016
     1323008           32           7.464     84672512      5292032
     1323008           64          14.759    169345024     10584064
     1323008          128          15.530    338690048     21168128
     1323008          256          26.721    677380096     42336256
     1323008          512          48.904   1354760192     84672512
     1323008         1024          92.468   2709520384    169345024
     1455104            1          20.840      2910208       181888
     1455104            2           4.739      5820416       363776
     1455104            4          10.921     11640832       727552
     1455104            8           5.060     23281664      1455104
     1455104           16           6.313     46563328      2910208
     1455104           32           7.824     93126656      5820416
     1455104           64           9.889    186253312     11640832
     1455104          128          16.652    372506624     23281664
     1455104          256          28.706    745013248     46563328
     1455104          512          56.819   1490026496     93126656
     1600512            1          19.648      3201024       200064
     1600512            2           7.184      6402048       400128
     1600512            4           5.811     12804096       800256
     1600512            8           5.049     25608192      1600512
     1600512           16           6.402     51216384      3201024
     1600512           32           8.867    102432768      6402048
     1600512           64          15.961    204865536     12804096
     1600512          128          18.445    409731072     25608192
     1600512          256          31.040    819462144     51216384
     1600512          512          57.571   1638924288    102432768
     1760256            1          16.061      3520512       220032
     1760256            2           5.771      7041024       440064
     1760256            4           5.500     14082048       880128
     1760256            8          10.059     28164096      1760256
     1760256           16           7.093     56328192      3520512
     1760256           32           8.466    112656384      7041024
     1760256           64          11.863    225312768     14082048
     1760256          128          18.446    450625536     28164096
     1760256          256          34.266    901251072     56328192
     1760256          512          63.211   1802502144    112656384
     1935360            1          29.717      3870720       241920
     1935360            2           6.021      7741440       483840
     1935360            4           6.042     15482880       967680
     1935360            8           6.622     30965760      1935360
     1935360           16           6.232     61931520      3870720
     1935360           32           8.726    123863040      7741440
     1935360           64          13.456    247726080     15482880
     1935360          128          26.120    495452160     30965760
     1935360          256          36.951    990904320     61931520
     1935360          512          68.582   1981808640    123863040
     2128896            1          24.908      4257792       266112
     2128896            2           4.659      8515584       532224
     2128896            4           5.941     17031168      1064448
     2128896            8           6.452     34062336      2128896
     2128896           16          12.254     68124672      4257792
     2128896           32          10.721    136249344      8515584
     2128896           64          18.976    272498688     17031168
     2128896          128          35.018    544997376     34062336
     2128896          256          49.996   1089994752     68124672
     2128896          512         163.013   2179989504    136249344
     2340864            1          27.403      4681728       292608
     2340864            2          10.832      9363456       585216
     2340864            4           8.637     18726912      1170432
     2340864            8           6.964     37453824      2340864
     2340864           16           8.145     74907648      4681728
     2340864           32           8.997    149815296      9363456
     2340864           64          15.199    299630592     18726912
     2340864          128          24.598    599261184     37453824
     2340864          256          47.923   1198522368     74907648
     2340864          512          81.496   2397044736    149815296
     2574336            1          28.595      5148672       321792
     2574336            2           5.400     10297344       643584
     2574336            4           4.689     20594688      1287168
     2574336            8           6.563     41189376      2574336
     2574336           16           7.755     82378752      5148672
     2574336           32          16.642    164757504     10297344
     2574336           64          15.961    329515008     20594688
     2574336          128          26.060    659030016     41189376
     2574336          256          47.391   1318060032     82378752
     2574336          512          89.001   2636120064    164757504
     2831360            1          29.867      5662720       353920
     2831360            2           6.312     11325440       707840
     2831360            4          12.294     22650880      1415680
     2831360            8           6.562     45301760      2831360
     2831360           16           8.816     90603520      5662720
     2831360           32          11.762    181207040     11325440
     2831360           64          16.171    362414080     22650880
     2831360          128          28.895    724828160     45301760
     2831360          256          51.609   1449656320     90603520
     3113984            1          38.384      6227968       389248
     3113984            2           5.561     12455936       778496
     3113984            4           6.683     24911872      1556992
     3113984            8           7.304     49823744      3113984
     3113984           16           8.967     99647488      6227968
     3113984           32          14.187    199294976     12455936
     3113984           64          22.012    398589952     24911872
     3113984          128          47.421    797179904     49823744
     3113984          256          74.573   1594359808     99647488
     3425280            1          34.777      6850560       428160
     3425280            2           6.572     13701120       856320
     3425280            4           5.530     27402240      1712640
     3425280            8           8.596     54804480      3425280
     3425280           16           9.939    109608960      6850560
     3425280           32          18.305    219217920     13701120
     3425280           64          23.735    438435840     27402240
     3425280          128          43.875    876871680     54804480
     3425280          256          72.739   1753743360    109608960
     3767296            1          29.497      7534592       470912
     3767296            2           8.396     15069184       941824
     3767296            4           6.923     30138368      1883648
     3767296            8          13.005     60276736      3767296
     3767296           16          10.160    120553472      7534592
     3767296           32          14.027    241106944     15069184
     3767296           64          21.512    482213888     30138368
     3767296          128          35.257    964427776     60276736
     3767296          256         110.262   1928855552    120553472
     4143104            1          42.030      8286208       517888
     4143104            2          12.364     16572416      1035776
     4143104            4           7.564     33144832      2071552
     4143104            8          47.612     66289664      4143104
     4143104           16          10.881    132579328      8286208
     4143104           32          16.672    265158656     16572416
     4143104           64          28.094    530317312     33144832
     4143104          128          52.330   1060634624     66289664
     4143104          256         102.567   2121269248    132579328
     4556800            1          42.341      9113600       569600
     4556800            2           8.737     18227200      1139200
     4556800            4           7.354     36454400      2278400
     4556800            8           8.125     72908800      4556800
     4556800           16          10.760    145817600      9113600
     4556800           32          15.549    291635200     18227200
     4556800           64          29.427    583270400     36454400
     4556800          128          42.491   1166540800     72908800
     4556800          256          79.021   2333081600    145817600
     5012480            1          47.782     10024960       626560
     5012480            2           7.104     20049920      1253120
     5012480            4           7.705     40099840      2506240
     5012480            8           9.007     80199680      5012480
     5012480           16          16.151    160399360     10024960
     5012480           32          17.093    320798720     20049920
     5012480           64          26.461    641597440     40099840
     5012480          128          46.339   1283194880     80199680
     5012480          256          88.980   2566389760    160399360
     5513216            1          49.294     11026432       689152
     5513216            2           8.176     22052864      1378304
     5513216            4          13.165     44105728      2756608
     5513216            8           9.549     88211456      5513216
     5513216           16          13.656    176422912     11026432
     5513216           32          21.751    352845824     22052864
     5513216           64          38.243    705691648     44105728
     5513216          128          71.417   1411383296     88211456
     6064128            1          52.210     12128256       758016
     6064128            2          13.887     24256512      1516032
     6064128            4           9.188     48513024      3032064
     6064128            8          10.741     97026048      6064128
     6064128           16          14.528    194052096     12128256
     6064128           32          24.016    388104192     24256512
     6064128           64          42.241    776208384     48513024
     6064128          128          78.762   1552416768     97026048
     6670336            1          61.759     13340672       833792
     6670336            2           8.356     26681344      1667584
     6670336            4           8.977     53362688      3335168
     6670336            8          10.901    106725376      6670336
     6670336           16          16.372    213450752     13340672
     6670336           32          27.253    426901504     26681344
     6670336           64          35.338    853803008     53362688
     6670336          128          65.586   1707606016    106725376
     7336960            1          62.731     14673920       917120
     7336960            2           8.457     29347840      1834240
     7336960            4           9.488     58695680      3668480
     7336960            8          10.461    117391360      7336960
     7336960           16          15.319    234782720     14673920
     7336960           32          22.553    469565440     29347840
     7336960           64          41.640    939130880     58695680
     7336960          128          65.366   1878261760    117391360
     8070144            1         103.820     16140288      1008768
     8070144            2           9.508     32280576      2017536
     8070144            4           9.188     64561152      4035072
     8070144            8          13.155    129122304      8070144
     8070144           16          18.075    258244608     16140288
     8070144           32          33.976    516489216     32280576
     8070144           64          43.293   1032978432     64561152
     8070144          128          72.109   2065956864    129122304
     8877056            1          72.660     17754112      1109632
     8877056            2           8.647     35508224      2219264
     8877056            4          11.091     71016448      4438528
     8877056            8          13.205    142032896      8877056
     8877056           16          21.911    284065792     17754112
     8877056           32          26.100    568131584     35508224
     8877056           64          43.784   1136263168     71016448
     8877056          128          78.941   2272526336    142032896
     9763840            1          77.849     19527680      1220480
     9763840            2          11.131     39055360      2440960
     9763840            4          11.292     78110720      4881920
     9763840            8          19.317    156221440      9763840
     9763840           16          19.137    312442880     19527680
     9763840           32          28.675    624885760     39055360
     9763840           64          47.291   1249771520     78110720
     9763840          128          85.434   2499543040    156221440
    10739712            1          85.174     21479424      1342464
    10739712            2          11.813     42958848      2684928
    10739712            4          19.177     85917696      5369856
    10739712            8          14.007    171835392     10739712
    10739712           16          19.357    343670784     21479424
    10739712           32          30.729    687341568     42958848
    10739712           64          50.497   1374683136     85917696
    11812864            1          92.077     23625728      1476608
    11812864            2          11.642     47251456      2953216
    11812864            4          19.027     94502912      5906432
    11812864            8          15.360    189005824     11812864
    11812864           16          21.531    378011648     23625728
    11812864           32          33.334    756023296     47251456
    11812864           64          55.407   1512046592     94502912
    12993536            1          99.421     25987072      1624192
    12993536            2          12.213     51974144      3248384
    12993536            4          19.758    103948288      6496768
    12993536            8          16.100    207896576     12993536
    12993536           16          22.884    415793152     25987072
    12993536           32          35.699    831586304     51974144
    12993536           64          60.266   1663172608    103948288
    14291968            1         108.118     28583936      1786496
    14291968            2          12.974     57167872      3572992
    14291968            4          20.760    114335744      7145984
    14291968            8          17.384    228671488     14291968
    14291968           16          25.148    457342976     28583936
    14291968           32          39.065    914685952     57167872
    14291968           64          65.967   1829371904    114335744
    15720448            1         119.730     31440896      1965056
    15720448            2          15.239     62881792      3930112
    15720448            4          50.196    125763584      7860224
    15720448            8          22.804    251527168     15720448
    15720448           16          33.213    503054336     31440896
    15720448           32          54.214   1006108672     62881792
    15720448           64          98.580   2012217344    125763584
    17292288            1         131.412     34584576      2161536
    17292288            2          21.691     69169152      4323072
    17292288            4          27.713    138338304      8646144
    17292288            8          26.871    276676608     17292288
    17292288           16          39.156    553353216     34584576
    17292288           32          63.241   1106706432     69169152
    17292288           64         125.491   2213412864    138338304
    19020800            1         143.165     38041600      2377600
    19020800            2          15.460     76083200      4755200
    19020800            4          23.806    152166400      9510400
    19020800            8          21.742    304332800     19020800
    19020800           16          31.731    608665600     38041600
    19020800           32          50.236   1217331200     76083200
    19020800           64          86.827   2434662400    152166400
    20922368            1         160.889     41844736      2615296
    20922368            2          18.806     83689472      5230592
    20922368            4          26.681    167378944     10461184
    20922368            8          24.498    334757888     20922368
    20922368           16          35.107    669515776     41844736
    20922368           32          55.386   1339031552     83689472
    20922368           64          95.323   2678063104    167378944
    23014400            1         174.054     46028800      2876800
    23014400            2          18.265     92057600      5753600
    23014400            4          28.985    184115200     11507200
    23014400            8          26.041    368230400     23014400
    23014400           16          38.063    736460800     46028800
    23014400           32          60.295   1472921600     92057600
    25315328            1         182.841     50630656      3164416
    25315328            2          20.329    101261312      6328832
    25315328            4          22.543    202522624     12657664
    25315328            8          33.895    405045248     25315328
    25315328           16          41.119    810090496     50630656
    25315328           32          66.167   1620180992    101261312
    27846656            1         210.975     55693312      3480832
    27846656            2          20.860    111386624      6961664
    27846656            4          24.296    222773248     13923328
    27846656            8          30.819    445546496     27846656
    27846656           16          48.844    891092992     55693312
    27846656           32          70.756   1782185984    111386624
    30630912            1         224.420     61261824      3828864
    30630912            2          24.327    122523648      7657728
    30630912            4          29.597    245047296     15315456
    30630912            8          40.257    490094592     30630912
    30630912           16          61.919    980189184     61261824
    30630912           32         105.493   1960378368    122523648
    33693696            1         250.451     67387392      4211712
    33693696            2          27.182    134774784      8423424
    33693696            4          27.483    269549568     16846848
    33693696            8          35.047    539099136     33693696
    33693696           16          52.912   1078198272     67387392
    33693696           32          85.865   2156396544    134774784
    37062656            1         278.866     74125312      4632832
    37062656            2          32.833    148250624      9265664
    37062656            4          30.689    296501248     18531328
    37062656            8          39.917    593002496     37062656
    37062656           16          93.800   1186004992     74125312
    37062656           32         128.858   2372009984    148250624
    40768512            1         301.539     81537024      5096064
    40768512            2          44.376    163074048     10192128
    40768512            4          33.675    326148096     20384256
    40768512            8          43.393    652296192     40768512
    40768512           16          92.087   1304592384     81537024
    40768512           32         140.049   2609184768    163074048
    44845056            1         327.610     89690112      5605632
    44845056            2          43.944    179380224     11211264
    44845056            4          43.674    358760448     22422528
    44845056            8          47.892    717520896     44845056
    44845056           16          70.536   1435041792     89690112
    49329152            1         357.576     98658304      6166144
    49329152            2          50.667    197316608     12332288
    49329152            4          43.263    394633216     24664576
    49329152            8          54.745    789266432     49329152
    49329152           16          85.876   1578532864     98658304
    54261760            1         392.154    108523520      6782720
    54261760            2          59.154    217047040     13565440
    54261760            4          48.003    434094080     27130880
    54261760            8          59.654    868188160     54261760
    54261760           16          87.588   1736376320    108523520
    59687936            1         427.571    119375872      7460992
    59687936            2          81.807    238751744     14921984
    59687936            4          53.021    477503488     29843968
    59687936            8          67.299    955006976     59687936
    59687936           16          97.257   1910013952    119375872
    65655808            1         470.414    131311616      8206976
    65655808            2          92.779    262623232     16413952
    65655808            4          63.201    525246464     32827904
    65655808            8          84.493   1050492928     65655808
    65655808           16         110.582   2100985856    131311616
    72220672            1         503.777    144441344      9027584
    72220672            2         106.895    288882688     18055168
    72220672            4          70.025    577765376     36110336
    72220672            8          87.929   1155530752     72220672
    72220672           16         122.836   2311061504    144441344
    79441920            1         574.493    158883840      9930240
    79441920            2         139.899    317767680     19860480
    79441920            4          98.840    635535360     39720960
    79441920            8         117.256   1271070720     79441920
    79441920           16         155.268   2542141440    158883840
    87386112            1         681.129    174772224     10923264
    87386112            2         165.949    349544448     21846528
    87386112            4         126.964    699088896     43693056
    87386112            8         140.189   1398177792     87386112
    96123904            1         677.341    192247808     12015488
    96123904            2         201.979    384495616     24030976
    96123904            4         156.761    768991232     48061952
    96123904            8         184.003   1537982464     96123904
   105736192            1         776.382    211472384     13217024
   105736192            2         233.990    422944768     26434048
   105736192            4         181.920    845889536     52868096
   105736192            8         208.340   1691779072    105736192
   116308992            1         822.109    232617984     14538624
   116308992            2         230.603    465235968     29077248
   116308992            4         174.686    930471936     58154496
   116308992            8         201.908   1860943872    116308992
   127939584            1         948.812    255879168     15992448
   127939584            2         278.795    511758336     31984896
   127939584            4         224.913   1023516672     63969792
   127939584            8         248.066   2047033344    127939584
   140733440            1         993.048    281466880     17591680
   140733440            2         316.078    562933760     35183360
   140733440            4         228.909   1125867520     70366720
   140733440            8         268.195   2251735040    140733440
   154806272            1        1099.953    309612544     19350784
   154806272            2         331.517    619225088     38701568
   154806272            4         253.978   1238450176     77403136
   154806272            8         281.170   2476900352    154806272
   170286080            1        1193.763    340572160     21285760
   170286080            2         331.817    681144320     42571520
   170286080            4         270.480   1362288640     85143040
   187314176            1        1300.499    374628352     23414272
   187314176            2         373.057    749256704     46828544
   187314176            4         241.224   1498513408     93657088
   206045184            1        1449.565    412090368     25755648
   206045184            2         402.864    824180736     51511296
   206045184            4         276.802   1648361472    103022592
   226649088            1        1588.031    453298176     28331136
   226649088            2         363.087    906596352     56662272
   226649088            4         294.306   1813192704    113324544
   249313280            1        1761.144    498626560     31164160
   249313280            2         397.453    997253120     62328320
   249313280            4         323.852   1994506240    124656640
   274244608            1        1909.639    548489216     34280576
   274244608            2         432.080   1096978432     68561152
   274244608            4         377.876   2193956864    137122304
   301668352            1        2124.010    603336704     37708544
   301668352            2         451.838   1206673408     75417088
   301668352            4         388.206   2413346816    150834176
   331834368            1        2317.532    663668736     41479296
   331834368            2         504.729   1327337472     82958592
   331834368            4         435.586   2654674944    165917184
   365017088            1        2558.636    730034176     45627136
   365017088            2         582.879   1460068352     91254272
   401518592            1        2802.815    803037184     50189824
   401518592            2         660.238   1606074368    100379648
   441669632            1        3111.468    883339264     55208704
   441669632            2         731.906   1766678528    110417408
   485835776            1        3415.221    971671552     60729472
   485835776            2         937.952   1943343104    121458944
   534418432            1        3718.013   1068836864     66802304
   534418432            2        1769.499   2137673728    133604608
   587859968            1        4120.596   1175719936     73482496
   587859968            2        2914.319   2351439872    146964992
   646645760            1        4527.578   1293291520     80830720
   646645760            2        5306.314   2586583040    161661440
   711310336            1        4949.759   1422620672     88913792
   782440448            1        5454.679   1564880896     97805056
   860684288            1        5991.681   1721368576    107585536
   946752512            1        6598.336   1893505024    118344064
  1041427456            1        7269.064   2082854912    130178432
  1145569280            1        7970.512   2291138560    143196160
  1260126208            1        8799.375   2520252416    157515776

META_DATA
FLOPS          1
MPI_PROCS      128
ERT_VERSION  1.1.0
HOSTNAME  ('nid002737', [], ['10.253.32.134'])
UNAME  uname_result(system='Linux', node='nid002737', release='5.14.21-150400.24.46_12.0.63-cray_shasta_c', version='#1 SMP Fri Mar 3 22:39:37 UTC 2023 (6e164f9)', machine='x86_64', processor='x86_64')
TIMESTAMP_DATA  1710933814.2264733
CONFIG  {'ERT_RESULTS': ['Results.archer.01'], 'ERT_DRIVER': ['driver1'], 'ERT_KERNEL': ['kernel1'], 'ERT_MPI': ['True'], 'ERT_MPI_CFLAGS': [], 'ERT_MPI_LDFLAGS': [], 'ERT_OPENMP': ['False'], 'ERT_OPENMP_CFLAGS': ['-fopenmp'], 'ERT_OPENMP_LDFLAGS': ['-fopenmp'], 'ERT_FLOPS': ['1,2,4,8,16,32'], 'ERT_ALIGN': ['32'], 'ERT_CC': ['mpic++'], 'ERT_CFLAGS': ['-Ofast', '-fargument-noalias', '-mavx2'], 'ERT_LD': ['mpic++'], 'ERT_LDFLAGS': [], 'ERT_LDLIBS': [], 'ERT_RUN': ['export', 'OMP_NUM_THREADS=ERT_OPENMP_THREADS;', 'srun', '--distribution=block:block', '--hint=nomultithread', '--ntasks', 'ERT_MPI_PROCS', 'ERT_CODE'], 'ERT_PROCS_THREADS': ['32,64,128'], 'ERT_MPI_PROCS': ['32,64,128'], 'ERT_OPENMP_THREADS': [], 'ERT_NUM_EXPERIMENTS': ['5'], 'ERT_MEMORY_MAX': ['1357905920'], 'ERT_WORKING_SET_MIN': ['1'], 'ERT_TRIALS_MIN': ['1'], 'ERT_GNUPLOT': ['gnuplot'], 'ERT_GPU': [False], 'ERT_HIP': [False], 'ERT_PRECISION': ['FP64'], 'ERT_OCL': [False], 'ERT_SYCL': [False], 'ERT_WSS_MULT': [1.1]}
