fp64
        1024            1           3.868         2048          128
        1024            2           4.599         4096          256
        1024            4         295.598         8192          512
        1024            8           4.588        16384         1024
        1024           16           4.018        32768         2048
        1024           32           4.559        65536         4096
        1024           64           3.436       131072         8192
        1024          128           4.809       262144        16384
        1024          256           4.879       524288        32768
        1024          512           9.438      1048576        65536
        1024         1024           5.201      2097152       131072
        1024         2048           6.222      4194304       262144
        1024         4096           8.236      8388608       524288
        1024         8192          10.811     16777216      1048576
        1024        16384          21.150     33554432      2097152
        1024        32768          37.973     67108864      4194304
        1024        65536          75.585    134217728      8388608
        1024       131072         139.568    268435456     16777216
        1024       262144         283.645    536870912     33554432
        1024       524288         401.321   1073741824     67108864
        1024      1048576         791.070   2147483648    134217728
        2048            1          10.570         4096          256
        2048            2           4.458         8192          512
        2048            4          10.410        16384         1024
        2048            8           3.788        32768         2048
        2048           16           4.629        65536         4096
        2048           32           4.729       131072         8192
        2048           64           3.246       262144        16384
        2048          128           4.660       524288        32768
        2048          256           4.689      1048576        65536
        2048          512           8.897      2097152       131072
        2048         1024           5.230      4194304       262144
        2048         2048           6.492      8388608       524288
        2048         4096           8.887     16777216      1048576
        2048         8192          12.865     33554432      2097152
        2048        16384          24.086     67108864      4194304
        2048        32768          45.698    134217728      8388608
        2048        65536          81.196    268435456     16777216
        2048       131072         150.469    536870912     33554432
        2048       262144         332.348   1073741824     67108864
        2048       524288         705.686   2147483648    134217728
        3072            1           6.393         6144          384
        3072            2           5.000        12288          768
        3072            4           4.298        24576         1536
        3072            8           9.618        49152         3072
        3072           16           3.917        98304         6144
        3072           32           4.278       196608        12288
        3072           64           4.779       393216        24576
        3072          128           3.146       786432        49152
        3072          256           4.819      1572864        98304
        3072          512           4.950      3145728       196608
        3072         1024          10.881      6291456       393216
        3072         2048           6.853     12582912       786432
        3072         4096          10.270     25165824      1572864
        3072         8192          15.640     50331648      3145728
        3072        16384          23.335    100663296      6291456
        3072        32768          50.097    201326592     12582912
        3072        65536          99.331    402653184     25165824
        3072       131072         193.131    805306368     50331648
        3072       262144         358.569   1610612736    100663296
        4096            1          10.290         8192          512
        4096            2           4.669        16384         1024
        4096            4           3.537        32768         2048
        4096            8           4.619        65536         4096
        4096           16           4.850       131072         8192
        4096           32           8.517       262144        16384
        4096           64           4.950       524288        32768
        4096          128           4.498      1048576        65536
        4096          256           4.699      2097152       131072
        4096          512           3.527      4194304       262144
        4096         1024           5.030      8388608       524288
        4096         2048           5.742     16777216      1048576
        4096         4096          10.701     33554432      2097152
        4096         8192           9.428     67108864      4194304
        4096        16384          16.992    134217728      8388608
        4096        32768          28.184    268435456     16777216
        4096        65536          61.428    536870912     33554432
        4096       131072         124.730   1073741824     67108864
        4096       262144         230.603   2147483648    134217728
        5120            1          17.173        10240          640
        5120            2           7.805        20480         1280
        5120            4           5.160        40960         2560
        5120            8           4.870        81920         5120
        5120           16           3.416       163840        10240
        5120           32           4.248       327680        20480
        5120           64           4.648       655360        40960
        5120          128           8.927      1310720        81920
        5120          256           4.799      2621440       163840
        5120          512           5.060      5242880       327680
        5120         1024           5.291     10485760       655360
        5120         2048           4.319     20971520      1310720
        5120         4096           6.242     41943040      2621440
        5120         8192           8.607     83886080      5242880
        5120        16384          22.072    167772160     10485760
        5120        32768          33.364    335544320     20971520
        5120        65536          65.245    671088640     41943040
        5120       131072         119.660   1342177280     83886080
        5120       262144         241.193   2684354560    167772160
        6144            1           9.318        12288          768
        6144            2           4.319        24576         1536
        6144            4          10.490        49152         3072
        6144            8           3.978        98304         6144
        6144           16           4.840       196608        12288
        6144           32           4.188       393216        24576
        6144           64           3.437       786432        49152
        6144          128           4.218      1572864        98304
        6144          256           4.769      3145728       196608
        6144          512           8.416      6291456       393216
        6144         1024           5.530     12582912       786432
        6144         2048           5.210     25165824      1572864
        6144         4096           6.272     50331648      3145728
        6144         8192           7.815    100663296      6291456
        6144        16384          13.687    201326592     12582912
        6144        32768          24.888    402653184     25165824
        6144        65536          52.140    805306368     50331648
        6144       131072         123.156   1610612736    100663296
        7168            1           8.957        14336          896
        7168            2           4.268        28672         1792
        7168            4           3.427        57344         3584
        7168            8           4.258       114688         7168
        7168           16           4.098       229376        14336
        7168           32           9.108       458752        28672
        7168           64           4.559       917504        57344
        7168          128           4.769      1835008       114688
        7168          256           4.910      3670016       229376
        7168          512           3.857      7340032       458752
        7168         1024           5.290     14680064       917504
        7168         2048           5.971     29360128      1835008
        7168         4096          10.951     58720256      3670016
        7168         8192          10.490    117440512      7340032
        7168        16384          16.682    234881024     14680064
        7168        32768          32.823    469762048     29360128
        7168        65536          60.917    939524096     58720256
        7168       131072         120.211   1879048192    117440512
        8192            1          10.610        16384         1024
        8192            2          10.400        32768         2048
        8192            4           6.051        65536         4096
        8192            8           4.849       131072         8192
        8192           16           4.308       262144        16384
        8192           32           3.356       524288        32768
        8192           64           3.987      1048576        65536
        8192          128           4.218      2097152       131072
        8192          256           7.755      4194304       262144
        8192          512           4.890      8388608       524288
        8192         1024           4.779     16777216      1048576
        8192         2048           5.691     33554432      2097152
        8192         4096           7.745     67108864      4194304
        8192         8192          13.877    134217728      8388608
        8192        16384          23.024    268435456     16777216
        8192        32768          50.918    536870912     33554432
        8192        65536          91.235   1073741824     67108864
        8192       131072         178.824   2147483648    134217728
        9216            1           8.446        18432         1152
        9216            2           4.197        36864         2304
        9216            4           5.270        73728         4608
        9216            8           4.859       147456         9216
        9216           16           9.598       294912        18432
        9216           32           5.340       589824        36864
        9216           64           5.321      1179648        73728
        9216          128           5.380      2359296       147456
        9216          256           4.168      4718592       294912
        9216          512           5.100      9437184       589824
        9216         1024           6.062     18874368      1179648
        9216         2048          10.851     37748736      2359296
        9216         4096           9.890     75497472      4718592
        9216         8192          15.780    150994944      9437184
        9216        16384          26.220    301989888     18874368
        9216        32768          38.545    603979776     37748736
        9216        65536          79.452   1207959552     75497472
        9216       131072         166.730   2415919104    150994944
       10240            1          18.666        20480         1280
       10240            2           7.334        40960         2560
       10240            4           4.218        81920         5120
       10240            8           4.168       163840        10240
       10240           16           3.387       327680        20480
       10240           32           4.168       655360        40960
       10240           64           4.408      1310720        81920
       10240          128          10.420      2621440       163840
       10240          256           4.198      5242880       327680
       10240          512           4.829     10485760       655360
       10240         1024           5.421     20971520      1310720
       10240         2048           6.292     41943040      2621440
       10240         4096          10.320     83886080      5242880
       10240         8192          14.909    167772160     10485760
       10240        16384          31.761    335544320     20971520
       10240        32768          49.265    671088640     41943040
       10240        65536          95.374   1342177280     83886080
       10240       131072         173.563   2684354560    167772160
       11264            1           7.214        22528         1408
       11264            2           5.591        45056         2816
       11264            4           4.499        90112         5632
       11264            8           8.577       180224        11264
       11264           16           4.459       360448        22528
       11264           32           4.168       720896        45056
       11264           64           4.930      1441792        90112
       11264          128           3.296      2883584       180224
       11264          256           4.969      5767168       360448
       11264          512           5.220     11534336       720896
       11264         1024           9.568     23068672      1441792
       11264         2048           7.124     46137344      2883584
       11264         4096          10.250     92274688      5767168
       11264         8192          16.402    184549376     11534336
       11264        16384          25.860    369098752     23068672
       11264        32768          48.433    738197504     46137344
       11264        65536          89.262   1476395008     92274688
       12288            1          16.442        24576         1536
       12288            2           5.541        49152         3072
       12288            4           4.709        98304         6144
       12288            8           4.729       196608        12288
       12288           16           3.376       393216        24576
       12288           32           4.197       786432        49152
       12288           64           4.399      1572864        98304
       12288          128           8.306      3145728       196608
       12288          256           4.759      6291456       393216
       12288          512           4.669     12582912       786432
       12288         1024           6.542     25165824      1572864
       12288         2048           6.302     50331648      3145728
       12288         4096          12.263    100663296      6291456
       12288         8192          17.944    201326592     12582912
       12288        16384          31.250    402653184     25165824
       12288        32768          59.715    805306368     50331648
       12288        65536         119.028   1610612736    100663296
       13312            1           8.857        26624         1664
       13312            2           3.457        53248         3328
       13312            4           4.288       106496         6656
       13312            8           4.629       212992        13312
       13312           16           8.627       425984        26624
       13312           32           4.629       851968        53248
       13312           64           4.258      1703936       106496
       13312          128           4.298      3407872       212992
       13312          256           3.617      6815744       425984
       13312          512           5.110     13631488       851968
       13312         1024           5.751     27262976      1703936
       13312         2048          11.903     54525952      3407872
       13312         4096          11.061    109051904      6815744
       13312         8192          18.827    218103808     13631488
       13312        16384          34.567    436207616     27262976
       13312        32768          67.250    872415232     54525952
       13312        65536         149.176   1744830464    109051904
       14336            1           9.619        28672         1792
       14336            2          11.151        57344         3584
       14336            4           4.730       114688         7168
       14336            8           4.299       229376        14336
       14336           16           4.419       458752        28672
       14336           32           3.467       917504        57344
       14336           64           4.177      1835008       114688
       14336          128           4.298      3670016       229376
       14336          256           9.017      7340032       458752
       14336          512           5.721     14680064       917504
       14336         1024           5.019     29360128      1835008
       14336         2048           6.122     58720256      3670016
       14336         4096          10.430    117440512      7340032
       14336         8192          18.316    234881024     14680064
       14336        16384          34.456    469762048     29360128
       14336        32768          72.450    939524096     58720256
       14336        65536         132.946   1879048192    117440512
       15360            1          10.601        30720         1920
       15360            2           5.090        61440         3840
       15360            4           3.327       122880         7680
       15360            8           4.368       245760        15360
       15360           16           4.900       491520        30720
       15360           32           8.306       983040        61440
       15360           64           3.988      1966080       122880
       15360          128           4.248      3932160       245760
       15360          256           4.509      7864320       491520
       15360          512           4.017     15728640       983040
       15360         1024           5.210     31457280      1966080
       15360         2048           7.675     62914560      3932160
       15360         4096          14.568    125829120      7864320
       15360         8192          18.085    251658240     15728640
       15360        16384          37.482    503316480     31457280
       15360        32768          67.409   1006632960     62914560
       15360        65536         133.095   2013265920    125829120
       16384            1          12.393        32768         2048
       16384            2           5.270        65536         4096
       16384            4          10.650       131072         8192
       16384            8           4.709       262144        16384
       16384           16           4.799       524288        32768
       16384           32           4.599      1048576        65536
       16384           64           3.877      2097152       131072
       16384          128           5.411      4194304       262144
       16384          256           5.020      8388608       524288
       16384          512           9.399     16777216      1048576
       16384         1024           6.883     33554432      2097152
       16384         2048           8.867     67108864      4194304
       16384         4096          15.230    134217728      8388608
       16384         8192          23.074    268435456     16777216
       16384        16384          45.037    536870912     33554432
       16384        32768          88.811   1073741824     67108864
       16384        65536         170.868   2147483648    134217728
       17408            1          10.710        34816         2176
       17408            2           6.132        69632         4352
       17408            4           4.939       139264         8704
       17408            8           3.357       278528        17408
       17408           16           4.388       557056        34816
       17408           32           4.669      1114112        69632
       17408           64           8.316      2228224       139264
       17408          128           4.288      4456448       278528
       17408          256           5.210      8912896       557056
       17408          512           5.351     17825792      1114112
       17408         1024           5.030     35651584      2228224
       17408         2048           8.466     71303168      4456448
       17408         4096          15.650    142606336      8912896
       17408         8192          31.551    285212672     17825792
       17408        16384          53.774    570425344     35651584
       17408        32768         104.351   1140850688     71303168
       17408        65536         197.950   2281701376    142606336
       18432            1           8.156        36864         2304
       18432            2           6.763        73728         4608
       18432            4           5.150       147456         9216
       18432            8           8.597       294912        18432
       18432           16           4.860       589824        36864
       18432           32           4.890      1179648        73728
       18432           64           4.779      2359296       147456
       18432          128           3.266      4718592       294912
       18432          256           5.301      9437184       589824
       18432          512           4.879     18874368      1179648
       18432         1024          10.430     37748736      2359296
       18432         2048           7.684     75497472      4718592
       18432         4096          11.753    150994944      9437184
       18432         8192          21.060    301989888     18874368
       18432        16384          42.572    603979776     37748736
       18432        32768          75.795   1207959552     75497472
       18432        65536         149.708   2415919104    150994944
       19456            1          16.652        38912         2432
       19456            2           7.374        77824         4864
       19456            4           4.028       155648         9728
       19456            8           4.388       311296        19456
       19456           16           3.396       622592        38912
       19456           32           4.208      1245184        77824
       19456           64           4.208      2490368       155648
       19456          128           8.867      4980736       311296
       19456          256           4.969      9961472       622592
       19456          512           5.571     19922944      1245184
       19456         1024           6.552     39845888      2490368
       19456         2048           7.434     79691776      4980736
       19456         4096          13.305    159383552      9961472
       19456         8192          21.001    318767104     19922944
       19456        16384          43.924    637534208     39845888
       19456        32768          76.056   1275068416     79691776
       19456        65536         153.205   2550136832    159383552
       20480            1          10.621        40960         2560
       20480            2           3.857        81920         5120
       20480            4           4.869       163840        10240
       20480            8           4.960       327680        20480
       20480           16           9.669       655360        40960
       20480           32           5.110      1310720        81920
       20480           64           4.729      2621440       163840
       20480          128           5.350      5242880       327680
       20480          256           4.659     10485760       655360
       20480          512           6.603     20971520      1310720
       20480         1024           7.745     41943040      2621440
       20480         2048          14.318     83886080      5242880
       20480         4096          17.103    167772160     10485760
       20480         8192          29.738    335544320     20971520
       20480        16384          53.593    671088640     41943040
       20480        32768         101.886   1342177280     83886080
       20480        65536         201.417   2684354560    167772160
       22528            1          11.342        45056         2816
       22528            2          10.199        90112         5632
       22528            4           5.901       180224        11264
       22528            8           4.288       360448        22528
       22528           16           4.789       720896        45056
       22528           32           3.337      1441792        90112
       22528           64           4.288      2883584       180224
       22528          128           4.589      5767168       360448
       22528          256           8.957     11534336       720896
       22528          512           5.360     23068672      1441792
       22528         1024           7.034     46137344      2883584
       22528         2048          10.199     92274688      5767168
       22528         4096          15.691    184549376     11534336
       22528         8192          29.196    369098752     23068672
       22528        16384          53.282    738197504     46137344
       22528        32768         107.036   1476395008     92274688
       24576            1           9.688        49152         3072
       24576            2           7.174        98304         6144
       24576            4           4.138       196608        12288
       24576            8           3.587       393216        24576
       24576           16           4.338       786432        49152
       24576           32           4.319      1572864        98304
       24576           64           8.787      3145728       196608
       24576          128           5.110      6291456       393216
       24576          256           5.851     12582912       786432
       24576          512           6.252     25165824      1572864
       24576         1024           7.875     50331648      3145728
       24576         2048          13.125    100663296      6291456
       24576         4096          23.035    201326592     12582912
       24576         8192          45.467    402653184     25165824
       24576        16384          77.078    805306368     50331648
       24576        32768         158.445   1610612736    100663296
       26624            1           9.167        53248         3328
       26624            2           3.317       106496         6656
       26624            4           4.158       212992        13312
       26624            8           4.198       425984        26624
       26624           16           8.717       851968        53248
       26624           32           3.987      1703936       106496
       26624           64           5.370      3407872       212992
       26624          128           4.770      6815744       425984
       26624          256           4.559     13631488       851968
       26624          512           6.822     27262976      1703936
       26624         1024           8.707     54525952      3407872
       26624         2048          17.974    109051904      6815744
       26624         4096          23.646    218103808     13631488
       26624         8192          42.412    436207616     27262976
       26624        16384          80.514    872415232     54525952
       26624        32768         158.184   1744830464    109051904
       28672            1          10.691        57344         3584
       28672            2           4.599       114688         7168
       28672            4          10.531       229376        14336
       28672            8           3.817       458752        28672
       28672           16           4.388       917504        57344
       28672           32           4.409      1835008       114688
       28672           64           3.697      3670016       229376
       28672          128           4.658      7340032       458752
       28672          256           4.860     14680064       917504
       28672          512           9.989     29360128      1835008
       28672         1024           7.124     58720256      3670016
       28672         2048          10.861    117440512      7340032
       28672         4096          18.646    234881024     14680064
       28672         8192          31.551    469762048     29360128
       28672        16384          64.915    939524096     58720256
       28672        32768         123.738   1879048192    117440512
       30720            1          16.862        61440         3840
       30720            2           3.717       122880         7680
       30720            4           4.268       245760        15360
       30720            8           5.030       491520        30720
       30720           16           3.617       983040        61440
       30720           32           5.049      1966080       122880
       30720           64           5.250      3932160       245760
       30720          128           9.267      7864320       491520
       30720          256           5.511     15728640       983040
       30720          512           6.503     31457280      1966080
       30720         1024           8.998     62914560      3932160
       30720         2048          13.025    125829120      7864320
       30720         4096          23.425    251658240     15728640
       30720         8192          42.331    503316480     31457280
       30720        16384          79.132   1006632960     62914560
       30720        32768         149.747   2013265920    125829120
       33792            1          10.200        67584         4224
       33792            2           4.679       135168         8448
       33792            4           3.526       270336        16896
       33792            8           4.979       540672        33792
       33792           16           4.409      1081344        67584
       33792           32           8.717      2162688       135168
       33792           64           4.890      4325376       270336
       33792          128           4.589      8650752       540672
       33792          256           5.210     17301504      1081344
       33792          512           5.350     34603008      2162688
       33792         1024           8.977     69206016      4325376
       33792         2048          13.155    138412032      8650752
       33792         4096          26.050    276824064     17301504
       33792         8192          36.340    553648128     34603008
       33792        16384          73.381   1107296256     69206016
       33792        32768         147.393   2214592512    138412032
       36864            1           6.863        73728         4608
       36864            2           4.809       147456         9216
       36864            4           4.699       294912        18432
       36864            8           9.428       589824        36864
       36864           16           4.609      1179648        73728
       36864           32           4.890      2359296       147456
       36864           64           4.860      4718592       294912
       36864          128           3.577      9437184       589824
       36864          256           5.621     18874368      1179648
       36864          512           7.104     37748736      2359296
       36864         1024          13.195     75497472      4718592
       36864         2048          15.139    150994944      9437184
       36864         4096          26.440    301989888     18874368
       36864         8192          48.353    603979776     37748736
       36864        16384          92.978   1207959552     75497472
       36864        32768         184.304   2415919104    150994944
       39936            1          11.131        79872         4992
       39936            2          11.081       159744         9984
       39936            4           4.859       319488        19968
       39936            8           4.719       638976        39936
       39936           16           4.819      1277952        79872
       39936           32           4.188      2555904       159744
       39936           64           4.849      5111808       319488
       39936          128           5.510     10223616       638976
       39936          256          10.080     20447232      1277952
       39936          512           6.693     40894464      2555904
       39936         1024           9.117     81788928      5111808
       39936         2048          14.398    163577856     10223616
       39936         4096          22.944    327155712     20447232
       39936         8192          48.683    654311424     40894464
       39936        16384          81.006   1308622848     81788928
       39936        32768         178.913   2617245696    163577856
       43008            1           9.799        86016         5376
       43008            2           7.444       172032        10752
       43008            4           6.222       344064        21504
       43008            8           3.487       688128        43008
       43008           16           4.208      1376256        86016
       43008           32           5.060      2752512       172032
       43008           64           8.947      5505024       344064
       43008          128           5.190     11010048       688128
       43008          256           5.631     22020096      1376256
       43008          512           7.675     44040192      2752512
       43008         1024           8.467     88080384      5505024
       43008         2048          16.211    176160768     11010048
       43008         4096          28.875    352321536     22020096
       43008         8192          56.929    704643072     44040192
       43008        16384         103.449   1409286144     88080384
       47104            1          10.660        94208         5888
       47104            2           4.379       188416        11776
       47104            4           3.647       376832        23552
       47104            8           4.589       753664        47104
       47104           16           4.229      1507328        94208
       47104           32           8.847      3014656       188416
       47104           64           5.129      6029312       376832
       47104          128           5.250     12058624       753664
       47104          256           5.731     24117248      1507328
       47104          512           6.242     48234496      3014656
       47104         1024          10.771     96468992      6029312
       47104         2048          16.181    192937984     12058624
       47104         4096          32.232    385875968     24117248
       47104         8192          53.794    771751936     48234496
       47104        16384          99.201   1543503872     96468992
       51200            1           7.805       102400         6400
       51200            2           4.309       204800        12800
       51200            4           4.298       409600        25600
       51200            8           4.289       819200        51200
       51200           16           8.346      1638400       102400
       51200           32           4.659      3276800       204800
       51200           64           5.040      6553600       409600
       51200          128           4.649     13107200       819200
       51200          256           4.519     26214400      1638400
       51200          512           6.703     52428800      3276800
       51200         1024          10.791    104857600      6553600
       51200         2048          22.493    209715200     13107200
       51200         4096          33.084    419430400     26214400
       51200         8192          59.615    838860800     52428800
       51200        16384         107.407   1677721600    104857600
       56320            1           8.236       112640         7040
       56320            2           5.742       225280        14080
       56320            4           4.439       450560        28160
       56320            8           8.877       901120        56320
       56320           16           4.729      1802240       112640
       56320           32           5.030      3604480       225280
       56320           64           5.069      7208960       450560
       56320          128           4.108     14417920       901120
       56320          256           6.222     28835840      1802240
       56320          512           8.106     57671680      3604480
       56320         1024          15.751    115343360      7208960
       56320         2048          18.586    230686720     14417920
       56320         4096          33.264    461373440     28835840
       56320         8192          63.622    922746880     57671680
       56320        16384         117.676   1845493760    115343360
       61440            1          50.517       122880         7680
       61440            2           7.735       245760        15360
       61440            4          10.460       491520        30720
       61440            8           4.108       983040        61440
       61440           16           5.420      1966080       122880
       61440           32           5.370      3932160       245760
       61440           64           3.898      7864320       491520
       61440          128           5.700     15728640       983040
       61440          256           6.603     31457280      1966080
       61440          512          13.096     62914560      3932160
       61440         1024          12.685    125829120      7864320
       61440         2048          20.990    251658240     15728640
       61440         4096          37.502    503316480     31457280
       61440         8192          70.265   1006632960     62914560
       61440        16384         132.224   2013265920    125829120
       67584            1          10.050       135168         8448
       67584            2          10.630       270336        16896
       67584            4           6.301       540672        33792
       67584            8           4.729      1081344        67584
       67584           16           4.960      2162688       135168
       67584           32           3.587      4325376       270336
       67584           64           4.439      8650752       540672
       67584          128           5.541     17301504      1081344
       67584          256          10.750     34603008      2162688
       67584          512           8.607     69206016      4325376
       67584         1024          12.575    138412032      8650752
       67584         2048          21.241    276824064     17301504
       67584         4096          34.125    553648128     34603008
       67584         8192          74.202   1107296256     69206016
       67584        16384         139.989   2214592512    138412032
       73728            1          18.926       147456         9216
       73728            2           6.873       294912        18432
       73728            4           4.679       589824        36864
       73728            8           5.120      1179648        73728
       73728           16           4.018      2359296       147456
       73728           32           4.779      4718592       294912
       73728           64           5.000      9437184       589824
       73728          128           9.328     18874368      1179648
       73728          256           6.482     37748736      2359296
       73728          512           9.118     75497472      4718592
       73728         1024          50.477    150994944      9437184
       73728         2048          22.774    301989888     18874368
       73728         4096          43.043    603979776     37748736
       73728         8192          82.779   1207959552     75497472
       73728        16384         163.253   2415919104    150994944
       80896            1          10.551       161792        10112
       80896            2           4.980       323584        20224
       80896            4           4.419       647168        40448
       80896            8           3.287      1294336        80896
       80896           16           4.339      2588672       161792
       80896           32           4.609      5177344       323584
       80896           64           9.098     10354688       647168
       80896          128           5.481     20709376      1294336
       80896          256           6.472     41418752      2588672
       80896          512           9.087     82837504      5177344
       80896         1024          13.146    165675008     10354688
       80896         2048          25.058    331350016     20709376
       80896         4096          43.434    662700032     41418752
       80896         8192          90.884   1325400064     82837504
       80896        16384         166.570   2650800128    165675008
       88064            1          11.471       176128        11008
       88064            2           4.930       352256        22016
       88064            4           3.437       704512        44032
       88064            8           4.408      1409024        88064
       88064           16           4.979      2818048       176128
       88064           32           9.087      5636096       352256
       88064           64           5.119     11272192       704512
       88064          128           5.741     22544384      1409024
       88064          256           7.264     45088768      2818048
       88064          512           8.576     90177536      5636096
       88064         1024          15.080    180355072     11272192
       88064         2048          27.042    360710144     22544384
       88064         4096          94.091    721420288     45088768
       88064         8192          93.540   1442840576     90177536
       96256            1          11.222       192512        12032
       96256            2           6.833       385024        24064
       96256            4           3.727       770048        48128
       96256            8           5.260      1540096        96256
       96256           16           5.210      3080192       192512
       96256           32           9.859      6160384       385024
       96256           64           5.670     12320768       770048
       96256          128           5.671     24641536      1540096
       96256          256           7.885     49283072      3080192
       96256          512           9.108     98566144      6160384
       96256         1024          17.213    197132288     12320768
       96256         2048          29.316    394264576     24641536
       96256         4096          58.382    788529152     49283072
       96256         8192          99.141   1577058304     98566144
      105472            1          10.370       210944        13184
      105472            2           4.478       421888        26368
      105472            4           3.407       843776        52736
      105472            8           5.069      1687552       105472
      105472           16           4.819      3375104       210944
      105472           32           9.699      6750208       421888
      105472           64           4.960     13500416       843776
      105472          128           6.292     27000832      1687552
      105472          256           7.735     54001664      3375104
      105472          512           9.598    108003328      6750208
      105472         1024          17.764    216006656     13500416
      105472         2048          30.990    432013312     27000832
      105472         4096          62.280    864026624     54001664
      105472         8192         111.434   1728053248    108003328
      115712            1          12.324       231424        14464
      115712            2           6.573       462848        28928
      115712            4           3.577       925696        57856
      115712            8           4.619      1851392       115712
      115712           16           5.140      3702784       231424
      115712           32           9.148      7405568       462848
      115712           64           5.130     14811136       925696
      115712          128           6.412     29622272      1851392
      115712          256           8.185     59244544      3702784
      115712          512          10.109    118489088      7405568
      115712         1024          18.566    236978176     14811136
      115712         2048          30.229    473956352     29622272
      115712         4096          67.970    947912704     59244544
      115712         8192         117.917   1895825408    118489088
      126976            1          10.590       253952        15872
      126976            2           4.780       507904        31744
      126976            4           3.347      1015808        63488
      126976            8           4.328      2031616       126976
      126976           16           5.010      4063232       253952
      126976           32           9.638      8126464       507904
      126976           64           5.540     16252928      1015808
      126976          128           6.392     32505856      2031616
      126976          256           8.496     65011712      4063232
      126976          512          10.580    130023424      8126464
      126976         1024          20.350    260046848     16252928
      126976         2048          37.331    520093696     32505856
      126976         4096          74.112   1040187392     65011712
      126976         8192         131.693   2080374784    130023424
      139264            1          11.442       278528        17408
      139264            2           4.358       557056        34816
      139264            4           3.637      1114112        69632
      139264            8           4.639      2228224       139264
      139264           16           4.900      4456448       278528
      139264           32           9.047      8912896       557056
      139264           64           5.341     17825792      1114112
      139264          128           6.212     35651584      2228224
      139264          256           9.017     71303168      4456448
      139264          512          10.821    142606336      8912896
      139264         1024          22.483    285212672     17825792
      139264         2048          40.468    570425344     35651584
      139264         4096          80.665   1140850688     71303168
      139264         8192         143.266   2281701376    142606336
      152576            1          11.923       305152        19072
      152576            2           7.234       610304        38144
      152576            4           3.747      1220608        76288
      152576            8           4.719      2441216       152576
      152576           16           4.899      4882432       305152
      152576           32           9.388      9764864       610304
      152576           64           4.799     19529728      1220608
      152576          128           6.984     39059456      2441216
      152576          256           9.188     78118912      4882432
      152576          512          12.545    156237824      9764864
      152576         1024          22.183    312475648     19529728
      152576         2048          42.913    624951296     39059456
      152576         4096          85.774   1249902592     78118912
      152576         8192         157.873   2499805184    156237824
      166912            1          12.714       333824        20864
      166912            2           4.739       667648        41728
      166912            4           3.927      1335296        83456
      166912            8           5.130      2670592       166912
      166912           16           4.999      5341184       333824
      166912           32           9.929     10682368       667648
      166912           64           4.890     21364736      1335296
      166912          128           6.382     42729472      2670592
      166912          256           8.947     85458944      5341184
      166912          512          13.355    170917888     10682368
      166912         1024          25.439    341835776     21364736
      166912         2048          46.519    683671552     42729472
      166912         4096          92.959   1367343104     85458944
      183296            1          10.981       366592        22912
      183296            2           4.709       733184        45824
      183296            4           5.360      1466368        91648
      183296            8           3.777      2932736       183296
      183296           16           4.379      5865472       366592
      183296           32           5.430     11730944       733184
      183296           64          10.139     23461888      1466368
      183296          128           7.194     46923776      2932736
      183296          256          10.430     93847552      5865472
      183296          512          15.460    187695104     11730944
      183296         1024          24.738    375390208     23461888
      183296         2048          50.647    750780416     46923776
      183296         4096          96.846   1501560832     93847552
      200704            1          18.976       401408        25088
      200704            2           5.290       802816        50176
      200704            4           4.980      1605632       100352
      200704            8           5.361      3211264       200704
      200704           16           3.797      6422528       401408
      200704           32           5.530     12845056       802816
      200704           64           6.323     25690112      1605632
      200704          128          12.394     51380224      3211264
      200704          256          11.061    102760448      6422528
      200704          512          17.664    205520896     12845056
      200704         1024          29.697    411041792     25690112
      200704         2048          54.234    822083584     51380224
      200704         4096         106.676   1644167168    102760448
      220160            1          14.217       440320        27520
      220160            2          10.972       880640        55040
      220160            4           5.110      1761280       110080
      220160            8           5.431      3522560       220160
      220160           16           5.531      7045120       440320
      220160           32           4.568     14090240       880640
      220160           64           5.801     28180480      1761280
      220160          128           8.265     56360960      3522560
      220160          256          16.121    112721920      7045120
      220160          512          18.336    225443840     14090240
      220160         1024          32.363    450887680     28180480
      220160         2048          58.162    901775360     56360960
      220160         4096         113.849   1803550720    112721920
      241664            1          11.542       483328        30208
      241664            2           4.939       966656        60416
      241664            4          11.011      1933312       120832
      241664            8           4.047      3866624       241664
      241664           16           5.220      7733248       483328
      241664           32           5.300     15466496       966656
      241664           64           4.419     30932992      1933312
      241664          128           8.376     61865984      3866624
      241664          256          12.283    123731968      7733248
      241664          512          24.206    247463936     15466496
      241664         1024          28.425    494927872     30932992
      241664         2048          65.346    989855744     61865984
      241664         4096         126.833   1979711488    123731968
      265216            1           9.989       530432        33152
      265216            2           5.781      1060864        66304
      265216            4           5.490      2121728       132608
      265216            8           8.887      4243456       265216
      265216           16           5.130      8486912       530432
      265216           32           5.441     16973824      1060864
      265216           64           6.632     33947648      2121728
      265216          128           6.853     67895296      4243456
      265216          256          12.905    135790592      8486912
      265216          512          21.201    271581184     16973824
      265216         1024          42.150    543162368     33947648
      265216         2048          70.475   1086324736     67895296
      265216         4096         135.400   2172649472    135790592
      290816            1          12.294       581632        36352
      290816            2           4.849      1163264        72704
      290816            4           6.312      2326528       145408
      290816            8           4.960      4653056       290816
      290816           16           9.830      9306112       581632
      290816           32           5.731     18612224      1163264
      290816           64           6.221     37224448      2326528
      290816          128           9.398     74448896      4653056
      290816          256          12.094    148897792      9306112
      290816          512          23.214    297795584     18612224
      290816         1024          41.449    595591168     37224448
      290816         2048          82.949   1191182336     74448896
      290816         4096         147.374   2382364672    148897792
      319488            1          13.275       638976        39936
      319488            2           6.774      1277952        79872
      319488            4           3.927      2555904       159744
      319488            8           5.531      5111808       319488
      319488           16           5.380     10223616       638976
      319488           32          10.280     20447232      1277952
      319488           64           6.813     40894464      2555904
      319488          128           8.908     81788928      5111808
      319488          256          14.648    163577856     10223616
      319488          512          23.145    327155712     20447232
      319488         1024          45.017    654311424     40894464
      319488         2048          83.701   1308622848     81788928
      319488         4096         171.059   2617245696    163577856
      351232            1          12.314       702464        43904
      351232            2           5.260      1404928        87808
      351232            4           4.930      2809856       175616
      351232            8           3.887      5619712       351232
      351232           16           4.588     11239424       702464
      351232           32           5.882     22478848      1404928
      351232           64          11.391     44957696      2809856
      351232          128           9.789     89915392      5619712
      351232          256          15.670    179830784     11239424
      351232          512          25.960    359661568     22478848
      351232         1024          72.829    719323136     44957696
      351232         2048          87.388   1438646272     89915392
      386048            1          13.406       772096        48256
      386048            2          11.522      1544192        96512
      386048            4           5.150      3088384       193024
      386048            8           5.149      6176768       386048
      386048           16           5.481     12353536       772096
      386048           32           4.568     24707072      1544192
      386048           64           7.514     49414144      3088384
      386048          128          10.721     98828288      6176768
      386048          256          23.085    197656576     12353536
      386048          512          30.379    395313152     24707072
      386048         1024          60.296    790626304     49414144
      386048         2048         115.902   1581252608     98828288
      423936            1           8.877       847872        52992
      423936            2           4.218      1695744       105984
      423936            4           4.940      3391488       211968
      423936            8          10.470      6782976       423936
      423936           16           5.320     13565952       847872
      423936           32           6.552     27131904      1695744
      423936           64           8.396     54263808      3391488
      423936          128          11.382    108527616      6782976
      423936          256          19.818    217055232     13565952
      423936          512          36.730    434110464     27131904
      423936         1024          65.967    868220928     54263808
      423936         2048         129.098   1736441856    108527616
      465920            1          15.390       931840        58240
      465920            2           5.551      1863680       116480
      465920            4           4.288      3727360       232960
      465920            8           6.122      7454720       465920
      465920           16           6.342     14909440       931840
      465920           32          11.712     29818880      1863680
      465920           64           8.857     59637760      3727360
      465920          128          12.855    119275520      7454720
      465920          256          21.110    238551040     14909440
      465920          512          40.668    477102080     29818880
      465920         1024          59.174    954204160     59637760
      465920         2048         114.509   1908408320    119275520
      512000            1          23.396      1024000        64000
      512000            2           7.554      2048000       128000
      512000            4           4.889      4096000       256000
      512000            8           4.369      8192000       512000
      512000           16           3.697     16384000      1024000
      512000           32           6.262     32768000      2048000
      512000           64           8.847     65536000      4096000
      512000          128          17.654    131072000      8192000
      512000          256          21.892    262144000     16384000
      512000          512          33.865    524288000     32768000
      512000         1024          74.884   1048576000     65536000
      512000         2048         142.574   2097152000    131072000
      563200            1          16.642      1126400        70400
      563200            2           4.820      2252800       140800
      563200            4          10.580      4505600       281600
      563200            8           5.491      9011200       563200
      563200           16           5.221     18022400      1126400
      563200           32           6.482     36044800      2252800
      563200           64           7.915     72089600      4505600
      563200          128          14.117    144179200      9011200
      563200          256          23.605    288358400     18022400
      563200          512          47.361    576716800     36044800
      563200         1024          80.966   1153433600     72089600
      563200         2048         155.519   2306867200    144179200
      619520            1          15.760      1239040        77440
      619520            2           3.416      2478080       154880
      619520            4           5.079      4956160       309760
      619520            8           5.491      9912320       619520
      619520           16          10.150     19824640      1239040
      619520           32           7.575     39649280      2478080
      619520           64           9.839     79298560      4956160
      619520          128          14.949    158597120      9912320
      619520          256          24.016    317194240     19824640
      619520          512          46.429    634388480     39649280
      619520         1024          88.039   1268776960     79298560
      619520         2048         174.576   2537553920    158597120
      680960            1          15.881      1361920        85120
      680960            2           5.510      2723840       170240
      680960            4           4.649      5447680       340480
      680960            8           4.108     10895360       680960
      680960           16           6.062     21790720      1361920
      680960           32           7.745     43581440      2723840
      680960           64          14.739     87162880      5447680
      680960          128          16.202    174325760     10895360
      680960          256          27.403    348651520     21790720
      680960          512          49.735    697303040     43581440
      680960         1024          85.655   1394606080     87162880
      748544            1          18.676      1497088        93568
      748544            2           4.689      2994176       187136
      748544            4          11.762      5988352       374272
      748544            8           5.060     11976704       748544
      748544           16           6.292     23953408      1497088
      748544           32           7.785     47906816      2994176
      748544           64           9.368     95813632      5988352
      748544          128          17.103    191627264     11976704
      748544          256          29.587    383254528     23953408
      748544          512          56.799    766509056     47906816
      748544         1024         104.130   1533018112     95813632
      823296            1          17.364      1646592       102912
      823296            2           5.401      3293184       205824
      823296            4           4.669      6586368       411648
      823296            8           6.112     13172736       823296
      823296           16           6.463     26345472      1646592
      823296           32          12.595     52690944      3293184
      823296           64          11.491    105381888      6586368
      823296          128          18.115    210763776     13172736
      823296          256          25.178    421527552     26345472
      823296          512          58.041    843055104     52690944
      823296         1024         113.768   1686110208    105381888
      905216            1          15.269      1810432       113152
      905216            2          11.532      3620864       226304
      905216            4           5.410      7241728       452608
      905216            8           6.002     14483456       905216
      905216           16           6.252     28966912      1810432
      905216           32           7.064     57933824      3620864
      905216           64          12.093    115867648      7241728
      905216          128          19.658    231735296     14483456
      905216          256          38.815    463470592     28966912
      905216          512          64.363    926941184     57933824
      905216         1024         118.759   1853882368    115867648
      995328            1          16.111      1990656       124416
      995328            2           3.987      3981312       248832
      995328            4           5.601      7962624       497664
      995328            8           5.801     15925248       995328
      995328           16          11.341     31850496      1990656
      995328           32           8.636     63700992      3981312
      995328           64          12.965    127401984      7962624
      995328          128          20.980    254803968     15925248
      995328          256          35.678    509607936     31850496
      995328          512          69.063   1019215872     63700992
      995328         1024         135.500   2038431744    127401984
     1094656            1          25.329      2189312       136832
     1094656            2           5.721      4378624       273664
     1094656            4           5.381      8757248       547328
     1094656            8           5.511     17514496      1094656
     1094656           16           5.430     35028992      2189312
     1094656           32           8.587     70057984      4378624
     1094656           64          13.646    140115968      8757248
     1094656          128          26.380    280231936     17514496
     1094656          256          40.388    560463872     35028992
     1094656          512          72.610   1120927744     70057984
     1094656         1024         147.393   2241855488    140115968
     1203200            1          13.956      2406400       150400
     1203200            2           5.401      4812800       300800
     1203200            4           4.950      9625600       601600
     1203200            8          10.019     19251200      1203200
     1203200           16           6.543     38502400      2406400
     1203200           32           9.347     77004800      4812800
     1203200           64          54.314    154009600      9625600
     1203200          128          22.733    308019200     19251200
     1203200          256          44.105    616038400     38502400
     1203200          512          83.270   1232076800     77004800
     1203200         1024         160.268   2464153600    154009600
     1323008            1          19.086      2646016       165376
     1323008            2           6.072      5292032       330752
     1323008            4           6.843     10584064       661504
     1323008            8           4.799     21168128      1323008
     1323008           16           7.395     42336256      2646016
     1323008           32          11.092     84672512      5292032
     1323008           64          21.131    169345024     10584064
     1323008          128          30.589    338690048     21168128
     1323008          256          45.157    677380096     42336256
     1323008          512          90.774   1354760192     84672512
     1323008         1024         167.352   2709520384    169345024
     1455104            1          22.543      2910208       181888
     1455104            2           5.661      5820416       363776
     1455104            4          12.955     11640832       727552
     1455104            8           5.801     23281664      1455104
     1455104           16           7.695     46563328      2910208
     1455104           32          10.540     93126656      5820416
     1455104           64          15.340    186253312     11640832
     1455104          128          28.825    372506624     23281664
     1455104          256          51.589    745013248     46563328
     1455104          512         128.737   1490026496     93126656
     1600512            1          22.463      3201024       200064
     1600512            2           5.189      6402048       400128
     1600512            4           7.164     12804096       800256
     1600512            8           5.119     25608192      1600512
     1600512           16           7.494     51216384      3201024
     1600512           32          11.382    102432768      6402048
     1600512           64          21.992    204865536     12804096
     1600512          128          30.369    409731072     25608192
     1600512          256          52.451    819462144     51216384
     1600512          512         107.998   1638924288    102432768
     1760256            1          19.287      3520512       220032
     1760256            2           5.751      7041024       440064
     1760256            4           5.821     14082048       880128
     1760256            8          10.330     28164096      1760256
     1760256           16           8.336     56328192      3520512
     1760256           32          12.043    112656384      7041024
     1760256           64          19.066    225312768     14082048
     1760256          128          31.681    450625536     28164096
     1760256          256          61.658    901251072     56328192
     1760256          512         114.761   1802502144    112656384
     1935360            1          27.934      3870720       241920
     1935360            2           8.236      7741440       483840
     1935360            4           5.490     15482880       967680
     1935360            8           6.503     30965760      1935360
     1935360           16           7.444     61931520      3870720
     1935360           32          11.131    123863040      7741440
     1935360           64          20.760    247726080     15482880
     1935360          128          39.907    495452160     30965760
     1935360          256          67.009    990904320     61931520
     1935360          512         122.856   1981808640    123863040
     2128896            1          27.823      4257792       266112
     2128896            2           5.060      8515584       532224
     2128896            4           6.332     17031168      1064448
     2128896            8           6.853     34062336      2128896
     2128896           16          14.477     68124672      4257792
     2128896           32          13.656    136249344      8515584
     2128896           64          22.133    272498688     17031168
     2128896          128          39.376    544997376     34062336
     2128896          256          69.644   1089994752     68124672
     2128896          512         141.421   2179989504    136249344
     2340864            1          27.283      4681728       292608
     2340864            2          11.542      9363456       585216
     2340864            4           7.465     18726912      1170432
     2340864            8           8.066     37453824      2340864
     2340864           16          10.420     74907648      4681728
     2340864           32          13.526    149815296      9363456
     2340864           64          24.407    299630592     18726912
     2340864          128          37.873    599261184     37453824
     2340864          256          84.673   1198522368     74907648
     2340864          512         149.146   2397044736    149815296
     2574336            1          29.026      5148672       321792
     2574336            2           6.833     10297344       643584
     2574336            4           5.481     20594688      1287168
     2574336            8           8.196     41189376      2574336
     2574336           16          10.610     82378752      5148672
     2574336           32          21.922    164757504     10297344
     2574336           64          26.070    329515008     20594688
     2574336          128          42.842    659030016     41189376
     2574336          256          87.819   1318060032     82378752
     2574336          512         164.736   2636120064    164757504
     2831360            1          29.827      5662720       353920
     2831360            2           6.742     11325440       707840
     2831360            4          14.858     22650880      1415680
     2831360            8           8.105     45301760      2831360
     2831360           16          11.753     90603520      5662720
     2831360           32          17.404    181207040     11325440
     2831360           64          26.851    362414080     22650880
     2831360          128          51.138    724828160     45301760
     2831360          256          94.212   1449656320     90603520
     3113984            1          37.993      6227968       389248
     3113984            2           6.162     12455936       778496
     3113984            4           7.604     24911872      1556992
     3113984            8           8.005     49823744      3113984
     3113984           16          10.560     99647488      6227968
     3113984           32          18.325    199294976     12455936
     3113984           64          30.729    398589952     24911872
     3113984          128          60.046    797179904     49823744
     3113984          256         102.567   1594359808     99647488
     3425280            1          36.000      6850560       428160
     3425280            2           6.472     13701120       856320
     3425280            4           6.201     27402240      1712640
     3425280            8           9.047     54804480      3425280
     3425280           16          12.444    109608960      6850560
     3425280           32          24.306    219217920     13701120
     3425280           64          29.356    438435840     27402240
     3425280          128          60.616    876871680     54804480
     3425280          256         114.971   1753743360    109608960
     3767296            1          31.701      7534592       470912
     3767296            2           6.713     15069184       941824
     3767296            4           7.935     30138368      1883648
     3767296            8          13.657     60276736      3767296
     3767296           16          13.616    120553472      7534592
     3767296           32          21.461    241106944     15069184
     3767296           64          36.269    482213888     30138368
     3767296          128          56.148    964427776     60276736
     3767296          256         125.752   1928855552    120553472
     4143104            1          40.468      8286208       517888
     4143104            2          13.787     16572416      1035776
     4143104            4           7.825     33144832      2071552
     4143104            8           9.829     66289664      4143104
     4143104           16          12.945    132579328      8286208
     4143104           32          19.297    265158656     16572416
     4143104           64          31.189    530317312     33144832
     4143104          128          52.971   1060634624     66289664
     4143104          256         129.388   2121269248    132579328
     4556800            1          42.852      9113600       569600
     4556800            2          10.240     18227200      1139200
     4556800            4           8.116     36454400      2278400
     4556800            8           8.807     72908800      4556800
     4556800           16          14.548    145817600      9113600
     4556800           32          25.750    291635200     18227200
     4556800           64          47.501    583270400     36454400
     4556800          128          80.174   1166540800     72908800
     4556800          256         151.131   2333081600    145817600
     5012480            1          46.850     10024960       626560
     5012480            2           6.733     20049920      1253120
     5012480            4           8.737     40099840      2506240
     5012480            8          10.150     80199680      5012480
     5012480           16          18.396    160399360     10024960
     5012480           32          25.318    320798720     20049920
     5012480           64          40.909    641597440     40099840
     5012480          128          84.081   1283194880     80199680
     5012480          256         137.244   2566389760    160399360
     5513216            1          49.435     11026432       689152
     5513216            2           8.626     22052864      1378304
     5513216            4          17.373     44105728      2756608
     5513216            8          11.773     88211456      5513216
     5513216           16          17.995    176422912     11026432
     5513216           32          28.144    352845824     22052864
     5513216           64          49.595    705691648     44105728
     5513216          128          93.840   1411383296     88211456
     6064128            1          54.134     12128256       758016
     6064128            2          15.610     24256512      1516032
     6064128            4           9.669     48513024      3032064
     6064128            8          13.405     97026048      6064128
     6064128           16          19.618    194052096     12128256
     6064128           32          30.178    388104192     24256512
     6064128           64          54.866    776208384     48513024
     6064128          128         102.537   1552416768     97026048
     6670336            1          61.889     13340672       833792
     6670336            2          12.073     26681344      1667584
     6670336            4          11.342     53362688      3335168
     6670336            8          14.718    106725376      6670336
     6670336           16          19.077    213450752     13340672
     6670336           32          34.647    426901504     26681344
     6670336           64          60.006    853803008     53362688
     6670336          128         115.623   1707606016    106725376
     7336960            1          59.364     14673920       917120
     7336960            2          11.151     29347840      1834240
     7336960            4          12.775     58695680      3668480
     7336960            8          13.726    117391360      7336960
     7336960           16          22.152    234782720     14673920
     7336960           32          36.039    469565440     29347840
     7336960           64          68.452    939130880     58695680
     7336960          128         119.269   1878261760    117391360
     8070144            1          65.767     16140288      1008768
     8070144            2           9.839     32280576      2017536
     8070144            4          10.350     64561152      4035072
     8070144            8          12.614    129122304      8070144
     8070144           16          16.702    258244608     16140288
     8070144           32          28.755    516489216     32280576
     8070144           64          40.338   1032978432     64561152
     8070144          128          72.159   2065956864    129122304
     8877056            1          76.758     17754112      1109632
     8877056            2           8.636     35508224      2219264
     8877056            4          11.082     71016448      4438528
     8877056            8          12.795    142032896      8877056
     8877056           16          21.291    284065792     17754112
     8877056           32          26.110    568131584     35508224
     8877056           64          43.834   1136263168     71016448
     8877056          128          78.801   2272526336    142032896
     9763840            1          73.822     19527680      1220480
     9763840            2          12.153     39055360      2440960
     9763840            4          11.121     78110720      4881920
     9763840            8          19.417    156221440      9763840
     9763840           16          22.023    312442880     19527680
     9763840           32          34.497    624885760     39055360
     9763840           64          64.965   1249771520     78110720
     9763840          128         118.197   2499543040    156221440
    10739712            1          90.444     21479424      1342464
    10739712            2          10.449     42958848      2684928
    10739712            4          18.044     85917696      5369856
    10739712            8          13.997    171835392     10739712
    10739712           16          20.208    343670784     21479424
    10739712           32          30.729    687341568     42958848
    10739712           64          50.858   1374683136     85917696
    11812864            1          90.453     23625728      1476608
    11812864            2          63.302     47251456      2953216
    11812864            4          25.179     94502912      5906432
    11812864            8          22.002    189005824     11812864
    11812864           16          27.543    378011648     23625728
    11812864           32          46.910    756023296     47251456
    11812864           64          76.097   1512046592     94502912
    12993536            1         103.518     25987072      1624192
    12993536            2          14.087     51974144      3248384
    12993536            4          19.918    103948288      6496768
    12993536            8          16.311    207896576     12993536
    12993536           16          23.215    415793152     25987072
    12993536           32          36.019    831586304     51974144
    12993536           64          60.436   1663172608    103948288
    14291968            1         111.254     28583936      1786496
    14291968            2          12.835     57167872      3572992
    14291968            4          21.771    114335744      7145984
    14291968            8          17.524    228671488     14291968
    14291968           16          25.469    457342976     28583936
    14291968           32          39.055    914685952     57167872
    14291968           64          65.996   1829371904    114335744
    15720448            1         122.606     31440896      1965056
    15720448            2          14.257     62881792      3930112
    15720448            4          21.762    125763584      7860224
    15720448            8          19.778    251527168     15720448
    15720448           16          30.749    503054336     31440896
    15720448           32          43.083   1006108672     62881792
    15720448           64          72.639   2012217344    125763584
    17292288            1         131.333     34584576      2161536
    17292288            2          17.043     69169152      4323072
    17292288            4          26.090    138338304      8646144
    17292288            8          27.253    276676608     17292288
    17292288           16          41.690    553353216     34584576
    17292288           32          56.709   1106706432     69169152
    17292288           64         125.651   2213412864    138338304
    19020800            1         142.324     38041600      2377600
    19020800            2          15.891     76083200      4755200
    19020800            4          25.749    152166400      9510400
    19020800            8          26.311    304332800     19020800
    19020800           16          36.981    608665600     38041600
    19020800           32          62.911   1217331200     76083200
    19020800           64         119.930   2434662400    152166400
    20922368            1         157.773     41844736      2615296
    20922368            2          17.203     83689472      5230592
    20922368            4          27.153    167378944     10461184
    20922368            8          24.156    334757888     20922368
    20922368           16          34.727    669515776     41844736
    20922368           32          55.366   1339031552     83689472
    20922368           64          94.842   2678063104    167378944
    23014400            1         165.297     46028800      2876800
    23014400            2          17.584     92057600      5753600
    23014400            4          26.401    184115200     11507200
    23014400            8          25.358    368230400     23014400
    23014400           16          37.412    736460800     46028800
    23014400           32          60.266   1472921600     92057600
    25315328            1         188.202     50630656      3164416
    25315328            2          19.718    101261312      6328832
    25315328            4          21.891    202522624     12657664
    25315328            8          32.692    405045248     25315328
    25315328           16          40.708    810090496     50630656
    25315328           32          64.985   1620180992    101261312
    27846656            1         204.453     55693312      3480832
    27846656            2          23.244    111386624      6961664
    27846656            4          28.475    222773248     13923328
    27846656            8          37.883    445546496     27846656
    27846656           16          65.406    891092992     55693312
    27846656           32         144.778   1782185984    111386624
    30630912            1         230.843     61261824      3828864
    30630912            2          25.940    122523648      7657728
    30630912            4          24.688    245047296     15315456
    30630912            8          32.833    490094592     30630912
    30630912           16          48.203    980189184     61261824
    30630912           32          82.508   1960378368    122523648
    33693696            1         249.449     67387392      4211712
    33693696            2          29.697    134774784      8423424
    33693696            4          28.826    269549568     16846848
    33693696            8          36.601    539099136     33693696
    33693696           16          53.492   1078198272     67387392
    33693696           32          86.656   2156396544    134774784
    37062656            1         282.392     74125312      4632832
    37062656            2          31.110    148250624      9265664
    37062656            4          29.818    296501248     18531328
    37062656            8          39.536    593002496     37062656
    37062656           16          56.599   1186004992     74125312
    37062656           32          96.726   2372009984    148250624
    40768512            1         299.155     81537024      5096064
    40768512            2          45.567    163074048     10192128
    40768512            4          39.746    326148096     20384256
    40768512            8          45.878    652296192     40768512
    40768512           16          89.452   1304592384     81537024
    40768512           32         139.899   2609184768    163074048
    44845056            1         321.517     89690112      5605632
    44845056            2          43.453    179380224     11211264
    44845056            4          44.345    358760448     22422528
    44845056            8          47.832    717520896     44845056
    44845056           16          71.197   1435041792     89690112
    49329152            1         367.617     98658304      6166144
    49329152            2          52.300    197316608     12332288
    49329152            4          40.929    394633216     24664576
    49329152            8          52.701    789266432     49329152
    49329152           16          82.118   1578532864     98658304
    54261760            1         417.001    108523520      6782720
    54261760            2          66.238    217047040     13565440
    54261760            4          48.112    434094080     27130880
    54261760            8          56.528    868188160     54261760
    54261760           16          84.402   1736376320    108523520
    59687936            1         433.753    119375872      7460992
    59687936            2          84.443    238751744     14921984
    59687936            4          54.104    477503488     29843968
    59687936            8          68.351    955006976     59687936
    59687936           16          98.028   1910013952    119375872
    65655808            1         467.268    131311616      8206976
    65655808            2          91.406    262623232     16413952
    65655808            4          60.196    525246464     32827904
    65655808            8         154.637   1050492928     65655808
    65655808           16         136.833   2100985856    131311616
    72220672            1         526.481    144441344      9027584
    72220672            2         108.930    288882688     18055168
    72220672            4          70.225    577765376     36110336
    72220672            8          88.601   1155530752     72220672
    72220672           16         123.938   2311061504    144441344
    79441920            1         579.964    158883840      9930240
    79441920            2         140.389    317767680     19860480
    79441920            4          99.992    635535360     39720960
    79441920            8         119.850   1271070720     79441920
    79441920           16         170.798   2542141440    158883840
    87386112            1         623.377    174772224     10923264
    87386112            2         162.162    349544448     21846528
    87386112            4         125.561    699088896     43693056
    87386112            8         138.146   1398177792     87386112
    96123904            1         695.627    192247808     12015488
    96123904            2         176.499    384495616     24030976
    96123904            4         123.567    768991232     48061952
    96123904            8         148.325   1537982464     96123904
   105736192            1         753.758    211472384     13217024
   105736192            2         208.160    422944768     26434048
   105736192            4         162.092    845889536     52868096
   105736192            8         186.438   1691779072    105736192
   116308992            1         823.652    232617984     14538624
   116308992            2         247.877    465235968     29077248
   116308992            4         207.890    930471936     58154496
   116308992            8         242.907   1860943872    116308992
   127939584            1         914.417    255879168     15992448
   127939584            2         284.818    511758336     31984896
   127939584            4         217.879   1023516672     63969792
   127939584            8         228.489   2047033344    127939584
   140733440            1         995.332    281466880     17591680
   140733440            2         297.612    562933760     35183360
   140733440            4         258.256   1125867520     70366720
   140733440            8         286.722   2251735040    140733440
   154806272            1        1085.786    309612544     19350784
   154806272            2         337.148    619225088     38701568
   154806272            4         285.839   1238450176     77403136
   154806272            8         233.959   2476900352    154806272
   170286080            1        1230.745    340572160     21285760
   170286080            2         340.654    681144320     42571520
   170286080            4         262.373   1362288640     85143040
   187314176            1        1321.769    374628352     23414272
   187314176            2         335.846    749256704     46828544
   187314176            4         279.046   1498513408     93657088
   206045184            1        1465.315    412090368     25755648
   206045184            2         344.622    824180736     51511296
   206045184            4         285.298   1648361472    103022592
   226649088            1        1609.472    453298176     28331136
   226649088            2         392.924    906596352     56662272
   226649088            4         294.366   1813192704    113324544
   249313280            1        1761.604    498626560     31164160
   249313280            2         414.937    997253120     62328320
   249313280            4         322.870   1994506240    124656640
   274244608            1        1915.190    548489216     34280576
   274244608            2         419.656   1096978432     68561152
   274244608            4         377.365   2193956864    137122304
   301668352            1        2146.734    603336704     37708544
   301668352            2         461.487   1206673408     75417088
   301668352            4         388.246   2413346816    150834176
   331834368            1        2365.174    663668736     41479296
   331834368            2         513.707   1327337472     82958592
   331834368            4         432.060   2654674944    165917184
   365017088            1        2560.479    730034176     45627136
   365017088            2         564.614   1460068352     91254272
   401518592            1        2818.044    803037184     50189824
   401518592            2         670.999   1606074368    100379648
   441669632            1        3082.201    883339264     55208704
   441669632            2         743.588   1766678528    110417408
   485835776            1        3411.184    971671552     60729472
   485835776            2        1079.323   1943343104    121458944
   534418432            1        3759.001   1068836864     66802304
   534418432            2        1584.163   2137673728    133604608
   587859968            1        4118.632   1175719936     73482496
   587859968            2        2725.046   2351439872    146964992
   646645760            1        4532.708   1293291520     80830720
   646645760            2        5275.064   2586583040    161661440
   711310336            1        4966.421   1422620672     88913792
   782440448            1        5450.451   1564880896     97805056
   860684288            1        6012.992   1721368576    107585536
   946752512            1        6635.407   1893505024    118344064
  1041427456            1        7290.386   2082854912    130178432
  1145569280            1        7975.181   2291138560    143196160
  1260126208            1        8747.214   2520252416    157515776

META_DATA
FLOPS          1
MPI_PROCS      128
ERT_VERSION  1.1.0
HOSTNAME  ('nid002737', [], ['10.253.32.134'])
UNAME  uname_result(system='Linux', node='nid002737', release='5.14.21-150400.24.46_12.0.63-cray_shasta_c', version='#1 SMP Fri Mar 3 22:39:37 UTC 2023 (6e164f9)', machine='x86_64', processor='x86_64')
TIMESTAMP_DATA  1710933828.6901078
CONFIG  {'ERT_RESULTS': ['Results.archer.01'], 'ERT_DRIVER': ['driver1'], 'ERT_KERNEL': ['kernel1'], 'ERT_MPI': ['True'], 'ERT_MPI_CFLAGS': [], 'ERT_MPI_LDFLAGS': [], 'ERT_OPENMP': ['False'], 'ERT_OPENMP_CFLAGS': ['-fopenmp'], 'ERT_OPENMP_LDFLAGS': ['-fopenmp'], 'ERT_FLOPS': ['1,2,4,8,16,32'], 'ERT_ALIGN': ['32'], 'ERT_CC': ['mpic++'], 'ERT_CFLAGS': ['-Ofast', '-fargument-noalias', '-mavx2'], 'ERT_LD': ['mpic++'], 'ERT_LDFLAGS': [], 'ERT_LDLIBS': [], 'ERT_RUN': ['export', 'OMP_NUM_THREADS=ERT_OPENMP_THREADS;', 'srun', '--distribution=block:block', '--hint=nomultithread', '--ntasks', 'ERT_MPI_PROCS', 'ERT_CODE'], 'ERT_PROCS_THREADS': ['32,64,128'], 'ERT_MPI_PROCS': ['32,64,128'], 'ERT_OPENMP_THREADS': [], 'ERT_NUM_EXPERIMENTS': ['5'], 'ERT_MEMORY_MAX': ['1357905920'], 'ERT_WORKING_SET_MIN': ['1'], 'ERT_TRIALS_MIN': ['1'], 'ERT_GNUPLOT': ['gnuplot'], 'ERT_GPU': [False], 'ERT_HIP': [False], 'ERT_PRECISION': ['FP64'], 'ERT_OCL': [False], 'ERT_SYCL': [False], 'ERT_WSS_MULT': [1.1]}
