fp64
 8 1073741824 673519.67 673638.395 676027.816 25.412961977884063 25.50310272026582 25.507598291821232 3.176620247235508 3.1878878400332273 3.188449786477654
 16 536870912 336721.191 336790.561 338437.471 50.7623140346655 51.01054237680967 51.0210513718455 6.345289254333188 6.376317797101208 6.377631421480688
 24 536870912 336618.381 336822.655 338863.485 76.04774464265455 76.50852278924052 76.55495133523324 9.505968080331819 9.563565348655064 9.569368916904155
 32 268435456 133673.992 142863.524 152028.651 113.00415461819759 120.25371279515689 128.52065631435622 14.125519327274699 15.03171409939461 16.065082039294527
 40 268435456 112218.53 112243.387 112344.267 191.15204588054323 191.323845920651 191.36622516798252 23.894005735067903 23.915480740081374 23.920778145997815
 48 268435456 112220.541 112270.047 112508.178 229.04827217093498 229.5340962670123 229.63535504609627 28.631034021366872 28.691762033376538 28.704419380762033
 56 268435456 112164.808 112236.565 113039.968 265.96584910568976 267.8696650418694 268.0410336190296 33.24573113821122 33.48370813023367 33.5051292023787
 64 134217728 112237.017 112248.061 113125.437 151.8656602758582 153.0527033691923 153.067763588193 18.983207534482275 19.131587921149038 19.133470448524125
 72 134217728 84156.511 84217.444 84730.099 228.10492446137704 229.49346256578386 229.65962588444285 28.51311555767213 28.686682820722982 28.707453235555356
 80 134217728 84135.492 84233.886 84751.8 253.38501931522399 254.942962978106 255.24111132552719 31.673127414402998 31.86787037226325 31.905138915690898
 88 134217728 84180.408 84231.706 84938.436 278.11107951175364 280.44451727001706 280.6154150262612 34.763884938969206 35.05556465875213 35.07692687828265
 96 134217728 124639.998 140314.248 141135.962 182.5885012637672 183.6577834633016 206.7538847040097 22.8235626579709 22.9572229329127 25.84423558800121
 104 134217728 112170.348 112177.335 112329.694 248.52989828317345 248.8674510229718 248.8829527746495 31.06623728539668 31.108431377871476 31.11036909683119
 112 134217728 112255.511 112279.399 112452.478 267.35534517967665 267.76747417395774 267.8244551574844 33.41941814745958 33.47093427174472 33.47805689468555
 120 67108864 56100.385 56131.989 56398.883 285.5752898510419 286.9331311242151 287.0947741267729 35.696911231380234 35.86664139052689 35.88684676584661
 128 67108864 73186.376 84116.97 84430.532 203.47934304144857 204.2378509829824 234.74135656068012 25.43491788018107 25.5297313728728 29.342669570085015
 136 67108864 70435.485 70595.355 70945.813 257.2894753915922 258.56674292522507 259.15362133163416 32.161184423949024 32.320842865653134 32.39420266645427
 144 67108864 70222.55 70940.694 71270.434 271.1833189061259 272.44380823226794 275.23000563209393 33.89791486326574 34.05547602903349 34.40375070401174
 152 67108864 70086.046 70140.778 71301.197 286.12555629325556 290.85925816220634 291.0863976546772 35.765694536656945 36.35740727027579 36.38579970683465
 160 67108864 92634.457 98229.078 98379.326 218.2860703884066 218.61995365567822 231.82341836364412 27.285758798550827 27.327494206959777 28.977927295455515
 176 67108864 84160.384 84187.381 84324.963 280.1343669489662 280.5921724539691 280.6821809178057 35.016795868620775 35.07402155674614 35.08527261472571
 192 67108864 107602.888 110307.42 112398.324 229.27213555248386 233.61804469726513 239.48988967656703 28.659016944060483 29.20225558715814 29.93623620957088
 208 67108864 98151.837 98231.571 98585.607 283.17812582926024 284.1987269449249 284.4295968092783 35.39726572865753 35.52484086811561 35.553699601159785
 224 67108864 120129.277 126123.701 128316.727 234.30126200148482 238.37526835657954 250.270140825038 29.287657750185602 29.796908544572442 31.28376760312975
 240 33554432 56108.002 56290.972 57670.084 279.2804560506622 286.1227438033935 287.05579927797106 34.91005700633278 35.76534297542419 35.88197490974638
 264 33554432 63108.837 63126.876 63351.753 279.65666705386985 280.65288857316494 280.73311026156284 34.95708338173373 35.08161107164562 35.091638782695355
 288 33554432 77157.811 77196.718 77223.262 250.2788969468811 250.36495504899574 250.49120214154334 31.284862118360138 31.295619381124467 31.311400267692918
 312 33554432 70126.666 70187.171 70246.872 298.0626036700965 298.3161348389437 298.5735207773887 37.25782545876206 37.28951685486796 37.32169009717359
 336 33554432 77139.766 77168.36 77491.02 290.9831139659795 292.19978633730193 292.308098315984 36.37288924574744 36.52497329216274 36.538512289498
 368 33554432 84139.449 84179.011 85316.634 289.4636226740966 293.37552982179847 293.5134737095795 36.182952834262075 36.67194122772481 36.68918421369744
 400 33554432 91232.72 91278.5 92919.378 288.89071556204345 294.08399130134694 294.23156078214043 36.11133944525543 36.76049891266837 36.778945097767554
 440 33554432 98182.065 98219.463 99180.45 297.7189573146724 300.6318631573052 300.74637521628824 37.21486966433405 37.57898289466315 37.59329690203603
 480 16777216 59381.478 59628.727 59818.382 269.25046819220216 270.106845648407 271.23150016575875 33.65630852402527 33.76335570605087 33.90393752071984
 528 16777216 59603.395 59666.258 60385.311 293.3948637939448 296.9306386869443 297.24380794080605 36.6743579742431 37.11632983586804 37.155475992600756
 576 16777216 69176.458 70120.396 70355.426 274.7101955149841 275.63097093747166 279.3920560662415 34.33877443937301 34.45387136718396 34.924007008280185
 632 16777216 70125.928 70153.227 72264.476 293.4554043400246 302.2868930035108 302.4045688778621 36.68192554250307 37.78586162543885 37.800571109732765
 688 16777216 77108.178 77215.809 77961.895 296.1119559241088 298.9730926214864 299.39041246701487 37.0139944905136 37.3716365776858 37.42380155837686
 752 16777216 84170.673 84203.415 84926.305 297.11563294788346 299.6663836496418 299.7829524779967 37.13945411848543 37.45829795620522 37.472869059749584
 824 16777216 91189.685 91340.076 91600.067 301.84314131560626 302.70230964116996 303.2015295150981 37.73039266445078 37.837788705146245 37.900191189387265
 904 16777216 112256.026 114427.268 115466.176 262.70209665556087 265.087221412994 270.21450525961075 32.83776208194511 33.13590267662425 33.77681315745134
 992 8388608 61347.271 61384.62 61702.391 269.73020011493554 271.1265178802117 271.29158315779034 33.71627501436694 33.89081473502646 33.91144789472379
 1088 8388608 66592.355 67090.713 67259.206 271.3920085229671 272.0735880091183 274.10970835916527 33.92400106537089 34.009198501139785 34.26371354489566
 1192 8388608 71862.663 71887.253 72663.318 275.22059303705345 278.19176053367903 278.28695232181974 34.40257412963168 34.77397006670988 34.78586904022747
 1304 8388608 77172.801 77229.979 80593.239 271.45564485874553 283.27716707005703 283.48704958888294 33.93195560734319 35.40964588375713 35.43588119861037
 1432 8388608 84164.963 85097.223 86962.899 276.2669320856012 282.3238228584733 285.45100544985684 34.53336651070015 35.29047785730916 35.681375681232105
 1568 8388608 93045.262 93412.881 94326.597 278.88925843471276 281.61720745985775 282.7298684805681 34.861157304339095 35.20215093248222 35.34123356007101
 1720 8388608 99971.678 100347.775 103884.458 277.77794749624627 287.56802549931973 288.6498666152228 34.722243437030784 35.946003187414966 36.08123332690285
 1888 4194304 55214.816 55681.999 56403.476 280.79283454090665 284.431094221312 286.83771949905616 35.09910431761333 35.553886777664 35.85471493738202
 2072 4194304 59608.097 59651.467 60069.749 289.3502314451155 291.3791839520057 291.59118728450596 36.16877893063944 36.42239799400071 36.448898410563245
 2272 4194304 65754.509 66105.56 66302.636 287.4533883690537 288.3103535617882 289.84958850502557 35.93167354613171 36.038794195223524 36.231198563128196
 2496 4194304 71889.865 71914.644 72448.69 289.00406022524356 291.1502359380379 291.25058960675466 36.125507528155445 36.39377949225474 36.40632370084433
 2744 4194304 78011.818 78101.859 78268.117 294.09600274400367 294.7220545928363 295.0622218802797 36.76200034300046 36.840256824104536 36.88277773503496
 3016 4194304 85895.155 86081.534 86854.166 291.2933586628418 293.9078865392896 294.5456205067678 36.411669832855225 36.7384858174112 36.81820256334598
 3312 4194304 93790.51 93859.975 93922.104 295.80970307053593 296.0055092279749 296.2247427378314 36.97621288381699 37.000688653496866 37.02809284222892
 3640 4194304 102550.269 102701.583 103527.027 294.94262517554955 297.31316916507507 297.75185787177213 36.867828146943694 37.16414614563438 37.218982233971516
 4000 2097152 56554.541 56584.201 56842.366 295.15337204647676 296.50000713096574 296.6555064075226 36.894171505809595 37.06250089137072 37.08193830094032
 4400 2097152 61819.265 62225.937 62689.503 294.386407880758 296.5795051025106 298.53052442470806 36.79830098509475 37.072438137813826 37.31631555308851
 4840 2097152 67937.349 68074.874 68550.778 296.1371402670295 298.20740263140266 298.81106135006826 37.01714253337869 37.27592532892533 37.35138266875853
 5320 2097152 74535.308 74849.708 75291.73 296.36318995459396 298.11335109016056 299.37083348471566 37.045398744324245 37.26416888627007 37.42135418558946
 5848 2097152 81519.104 81583.979 82741.496 296.4448430083981 300.6508151802696 300.8900808330768 37.05560537604976 37.5813518975337 37.6112601041346
 6432 2097152 89936.539 90142.983 90934.365 296.6729170869561 299.2774637599912 299.96443745739424 37.08411463586951 37.4096829699989 37.49555468217428
 7072 2097152 98642.236 98761.777 98882.696 299.9727868261197 300.3400585633448 300.7040299451444 37.496598353264964 37.5425073204181 37.58800374314305
 7776 1048576 54140.443 54174.576 54362.729 299.97489552078963 301.0167343441691 301.20651122119557 37.496861940098704 37.62709179302114 37.650813902649446
 8552 1048576 63281.443 63364.173 63658.632 281.7346735317844 283.0439198504177 283.4139528708282 35.21683419147305 35.38048998130221 35.426744108853526
 9400 1048576 65078.589 65313.737 65826.14 299.47417241843436 301.8236240256778 302.91420116683844 37.434271552304295 37.72795300320973 37.864275145854805
 10336 1048576 71648.234 71745.629 72463.973 299.13020463285943 302.12520782276505 302.5359016106385 37.39127557910743 37.76565097784563 37.816987701329815
 11368 1048576 78917.797 79045.731 79156.54 301.1807228562542 301.6029282593389 302.0918581394257 37.647590357031774 37.700366032417364 37.761482267428214
 12504 1048576 86297.807 86902.207 87073.882 301.15561642238487 301.7505482685842 303.86390476875033 37.64445205279811 37.71881853357303 37.98298809609379
 13752 1048576 98786.947 98814.914 98933.597 291.50900380181264 291.859124666141 291.94175121132145 36.43862547522658 36.48239058326762 36.49271890141518
 15120 524288 54107.852 54167.333 54201.856 292.50786393735297 292.69429085607743 293.0160509790705 36.56348299216912 36.58678635700968 36.62700637238381
 16632 524288 59283.914 59311.177 59325.436 293.9702968554668 294.0409702542237 294.1761914032869 36.74628710693335 36.75512128177796 36.77202392541086
 18288 524288 64895.232 65002.357 65157.4 294.30821192988054 295.01019306115313 295.4971774813903 36.78852649123507 36.87627413264414 36.937147185173785
 20112 524288 70998.835 71239.183 71276.473 295.87547790138274 296.0303532958821 297.03248668798574 36.98443473767284 37.00379416198526 37.12906083599822
 22120 524288 77860.571 78149.841 78524.533 295.37903931246564 296.7952438956338 297.8979067595074 36.922379914058205 37.099405486954225 37.237238344938426
 24328 524288 85344.797 85559.095 86032.95 296.5114752894095 298.15365541208683 298.9023095104439 37.063934411176184 37.269206926510854 37.36278868880549
 26760 524288 93718.182 93776.343 94652.353 296.45215222488974 299.22145460502765 299.4071498313956 37.05651902811122 37.402681825628456 37.42589372892445
 29432 524288 102881.662 103000.034 103678.018 297.6685842123255 299.6279480063084 299.97268932144584 37.20857302654069 37.45349350078855 37.49658616518073
 32368 262144 56360.276 56455.335 56596.111 299.84664465726274 300.59433681511234 301.10132860243624 37.48083058215784 37.57429210188904 37.63766607530453
 35600 262144 61929.358 62027.501 62163.767 300.24970655333675 300.9093144023326 301.38618262440247 37.531213319167094 37.613664300291575 37.67327282805031
 39160 262144 68130.244 68236.019 68335.781 300.4446247566849 300.88387893789644 301.35101350877295 37.55557809458561 37.610484867237055 37.66887668859662
 43072 262144 74942.657 74949.019 75326.732 299.7890939434356 301.29991075667044 301.32548857988843 37.47363674292945 37.662488844583805 37.665686072486054
 47376 262144 82280.808 82322.58 82374.664 301.5328631628774 301.7236375244799 301.8768154051185 37.691607895359674 37.71545469055999 37.734601925639815
 52112 262144 90360.085 90405.326 90559.754 301.6979955135479 302.2133480941156 302.36465864324936 37.712249439193485 37.77666851176445 37.79558233040617
 57320 262144 99337.475 99366.639 99690.572 301.45466674621946 302.4374021546608 302.5261932619084 37.68183334327743 37.8046752693326 37.81577415773855
 63048 131072 54539.445 54583.1 54660.558 302.3689387144566 302.7980256159874 303.04039419543045 37.796117339307074 37.849753201998425 37.880049274428806
 69352 131072 59970.595 59991.01 60037.678 302.8133547736473 303.048918296258 303.15208124915216 37.85166934670591 37.88111478703225 37.89401015614402
 76280 131072 65876.742 65903.492 65990.876 303.0168037169259 303.41858546736796 303.5417920333704 37.87710046461574 37.927323183420995 37.9427240041713
 83904 131072 72404.625 72449.811 72599.565 302.96228601369717 303.58851006526436 303.7779724154362 37.870285751712146 37.948563758158045 37.97224655192952
 92288 131072 79610.957 79665.609 79729.337 303.4359293869457 303.67866103929487 303.8871329231729 37.92949117336821 37.95983262991186 37.98589161539661
 101512 131072 87462.733 87490.576 87791.385 303.11358828659553 304.1557496203934 304.25257495669615 37.88919853582444 38.019468702549176 38.03157186958702
 111656 131072 96221.4 96231.152 96456.339 303.452844752899 304.1629436588268 304.1937704502325 37.931605594112376 38.02036795735335 38.02422130627906
 122816 65536 52859.451 52892.941 52954.889 303.9896609357448 304.34569240534387 304.5385157708127 37.9987076169681 38.04321155066798 38.06731447135159
 135096 65536 58127.057 58174.829 58290.812 303.775197230054 304.380833023162 304.630989867593 37.97189965375675 38.04760412789525 38.07887373344912
 148600 65536 63830.386 63885.48 64050.57 304.09251939522164 304.87834168264834 305.1414917027135 38.011564924402705 38.10979271033104 38.14268646283919
 163456 65536 70265.41 70305.514 70973.674 301.8655175156918 304.7343460429007 304.90827324568374 37.733189689461476 38.09179325536259 38.11353415571047
 179800 65536 77269.382 77289.342 77463.855 304.228928446693 304.91585243409105 304.99461740227196 38.02861605583662 38.11448155426138 38.124327175283995
 197776 65536 85015.275 85041.038 85145.292 304.4548355298377 304.82807455854436 304.9204495545066 38.05685444122971 38.103509319818045 38.115056194313325
 217552 65536 93422.432 93511.366 93680.012 304.3869779179789 304.935934140883 305.2262195871758 38.048372239747366 38.11699176761037 38.15327744839698
 239304 32768 51340.443 51393.734 51431.865 304.9282180220375 305.15445606657033 305.4712041343313 38.11602725275469 38.14430700832129 38.18390051679141
 263232 32768 56511.827 56585.046 56699.337 304.25703834949604 304.871579533575 305.26658343571165 38.032129793687005 38.10894744169688 38.15832292946396
 289552 32768 62157.334 62192.246 62444.194 303.88861888424725 305.11970691651817 305.2910839451383 37.986077360530906 38.13996336456477 38.16138549314229
 318504 32768 68338.33 68386.927 68466.65 304.87073843980977 305.2261456930211 305.443199211921 38.10884230497622 38.15326821162764 38.18039990149013
 350352 32768 75137.555 75209.697 75309.007 304.88608981393156 305.28867403893406 305.58179158211897 38.110761226741445 38.16108425486676 38.19772394776487
 385384 32768 82568.491 82657.111 82690.154 305.4357091171943 305.5578100715376 305.8857624514417 38.179463639649285 38.1947262589422 38.23572030643021
 423920 32768 90890.773 90936.643 91047.867 305.1364302691462 305.5096405966954 305.6638226632752 38.14205378364328 38.18870507458693 38.2079778329094
 466312 32768 99939.967 100014.61 100288.841 304.7220700456594 305.55759035604893 305.7858047121428 38.090258755707424 38.19469879450612 38.22322558901785
 512936 16384 54965.957 55006.637 55023.144 305.469401166898 305.5610698032675 305.78721385675135 38.18367514586225 38.19513372540844 38.22340173209392
 564224 16384 60505.839 60551.029 60681.048 304.6831365206481 305.3373714260083 305.5654187689224 38.08539206508101 38.16717142825104 38.1956773461153
 620640 16384 66534.032 66580.365 66733.365 304.7520759667971 305.45238855329194 305.66509962901387 38.09400949584964 38.18154856916149 38.20813745362673
 682704 16384 73162.261 73172.183 73286.483 305.2519885829424 305.7288132568083 305.77027508758925 38.1564985728678 38.216101657101035 38.22128438594866
 750968 16384 80452.175 80596.998 80728.249 304.8216668740084 305.31806437753426 305.86767137122143 38.10270835925105 38.16475804719178 38.23345892140268
 826064 16384 88495.497 88525.209 88825.065 304.7390413055144 305.77126513194673 305.8739265795637 38.0923801631893 38.22140814149334 38.234240822445464
 908664 16384 97328.636 97420.018 97638.497 304.9524815196612 305.63638319179944 305.9233456431055 38.11906018995765 38.20454789897493 38.24041820538819
 999528 8192 53556.553 53581.404 53627.189 305.3724623157108 305.63340131960706 305.7752195515645 38.17155778946385 38.20417516495088 38.22190244394556
 1099480 8192 58899.969 58908.627 58985.094 305.3971622050818 305.7935863960978 305.8385365194335 38.17464527563523 38.224198299512224 38.229817064929186
 1209424 8192 64796.099 64818.985 64841.629 305.59384644701015 305.7006032414732 305.80857677867306 38.19923080587627 38.21257540518415 38.22607209733413
 1330360 8192 71248.101 71326.998 71474.73 304.95558696059436 305.58720892753684 305.9256027048356 38.119448370074295 38.198401115942104 38.24070033810445
 1463392 8192 78400.338 78442.889 78647.687 304.8559397303063 305.651854918296 305.81774440819373 38.10699246628829 38.206481864787 38.22721805102422
 1609728 8192 86231.656 86257.364 86630.949 304.43835438071903 305.756892269511 305.8480467080442 38.05479429758988 38.21961153368888 38.231005838505524
 1770696 8192 94839.996 94876.699 95347.294 304.2675051061229 305.7766930107887 305.8950283380442 38.03343813826536 38.222086626348585 38.236878542255525
 1947760 4096 52156.538 52234.391 52898.852 301.63319839152655 305.47020104053667 305.9261701764024 37.70414979894082 38.18377513006708 38.2407712720503
 2142536 4096 57375.832 57460.224 58126.908 301.9540435902766 305.45747458276526 305.906760742049 37.74425544878458 38.18218432284566 38.23834509275613
 2356784 4096 63135.565 63232.764 63966.842 301.824725503879 305.3286509506369 305.79871310251195 37.728090687984874 38.166081368829616 38.224839137813994
 2592456 4096 69500.896 69535.833 70418.706 301.58747239689404 305.4166267340178 305.570154836565 37.698434049611755 38.17707834175223 38.196269354570624
 2851696 4096 76397.498 76435.785 76521.276 305.2888667460276 305.63032265580836 305.7834908677244 38.16110834325345 38.203790331976045 38.22293635846555
 3136864 4096 84079.228 84135.341 84282.011 304.8953101985191 305.42682281397066 305.6306593110013 38.11191377481489 38.17835285174633 38.20383241387516
 3450544 4096 92488.192 92514.034 92702.271 304.9208627046472 305.541280882855 305.6266517567994 38.1151078380809 38.192660110356876 38.203331469599924
 3795592 2048 50862.678 50931.87 50977.586 304.97216623792264 305.245906580693 305.6611535869189 38.12152077974033 38.15573832258662 38.20764419836486
 4175144 2048 56010.618 56035.981 56145.255 304.5918987098732 305.1858737692127 305.3240695183903 38.07398733873415 38.14823422115159 38.165508689798784
 4592656 2048 61598.676 61624.528 62160.265 302.6293239901728 305.260252476092 305.38836542525684 37.8286654987716 38.1575315595115 38.173545678157105
 5051920 2048 67835.253 67864.071 68412.743 302.4679820249277 304.9133954843351 305.04292981703776 37.808497753115965 38.11417443554189 38.13036622712972
 5557112 2048 74564.2 74589.878 74760.0 304.46670347779565 305.1611205477505 305.266210218845 38.058337934724456 38.14514006846881 38.158276277355625
 6112816 2048 82008.642 82036.511 82960.362 301.8079204620636 305.2067187011403 305.3104371122253 37.72599005775795 38.150839837642536 38.163804639028164
 6724096 2048 90259.071 90260.603 90362.084 304.79484311140936 305.13752734401737 305.1427065541147 38.09935538892617 38.14219091800217 38.142838319264335
 7396504 2048 99249.939 99298.277 99405.703 304.77205501982115 305.10177315564096 305.2503678012336 38.096506877477644 38.13772164445512 38.1562959751542
 8136152 1024 54727.181 54771.696 54805.351 304.03672254557773 304.223540859498 304.4709957927488 38.00459031819722 38.02794260743725 38.0588744740936
 8949760 1024 60221.711 60254.28 60399.749 303.46332200817585 304.19595885968596 304.36047358402016 37.93291525102198 38.024494857460745 38.04505919800252
 9844736 1024 66196.008 66279.764 66527.843 303.0613712817956 304.19570184347674 304.5805923523364 37.88267141022445 38.02446273043459 38.07257404404205
 10829208 1024 72820.825 72835.759 72879.744 304.3125121844555 304.4962843594449 304.55873006107805 38.03906402305694 38.062035544930616 38.06984125763476
 11912128 1024 80139.252 80186.817 80352.721 303.6118483654088 304.2400117216275 304.4205871050556 37.9514810456761 38.03000146520344 38.05257338813195
 13103336 1024 88182.749 88310.73 88486.067 303.27522781637475 303.87736720101856 304.31838916702407 37.909403477046844 37.98467090012732 38.03979864587801
 14413664 1024 96993.474 97017.438 97110.082 303.9765106160656 304.2667842042994 304.34195884147834 37.9970638270082 38.03334802553743 38.04274485518479
 15855024 512 53550.551 53602.855 54132.021 299.92496633369734 302.8858178542915 303.18165308887296 37.49062079171217 37.860727231786434 37.89770663610912
 17440520 512 58940.042 58981.225 59575.664 299.7716060705593 302.79283755127165 303.0044070888175 37.47145075881991 37.849104693908956 37.87555088610219
 19184568 512 64870.352 64913.581 64995.22 302.2529600176751 302.63309047763056 302.83476235800293 37.78162000220939 37.82913630970382 37.85434529475037
 21103024 512 71351.147 71475.6 71553.578 302.00441655063014 302.3338954272507 302.86123607795685 37.75055206882877 37.79173692840634 37.857654509744606
 23213320 512 78543.314 78589.44 78876.913 301.3611813129654 302.4635330141047 302.641160264768 37.67014766412068 37.80794162676309 37.830145033096
 25534648 512 86373.052 86476.695 86814.275 301.1887106354341 302.36446422935103 302.72728526485326 37.648588829429265 37.79555802866888 37.84091065810666
 28088112 512 95143.759 95224.858 95578.611 300.927439592107 302.04536181088343 302.30282038783014 37.61592994901338 37.75567022636043 37.78785254847877
 30896920 256 52871.07 52908.103 53496.011 295.70846020650026 298.9943343839033 299.2037619060859 36.96355752581253 37.374291797987915 37.40047023826074
 33986608 256 58316.208 58356.116 59097.638 294.44735669469566 298.1888530072838 298.39291498514444 36.80591958683696 37.273606625910475 37.299114373143055
 37385264 256 64285.072 64320.925 64429.056 297.09041783880866 297.5898615885888 297.7558330805012 37.13630222985108 37.1987326985736 37.21947913506265
 41123784 256 70820.501 70839.655 71054.146 296.32862532750727 297.2258604026233 297.30624763583637 37.04107816593841 37.153232550327914 37.163280954479546
 45236160 256 78056.95 78111.576 78331.846 295.67685561757344 296.5106467702047 296.71815155473024 36.95960695219668 37.063830846275586 37.08976894434128
 49759776 256 85894.776 85990.499 86137.464 295.77148117571693 296.2769795300292 296.6071570173255 36.971435146964616 37.03462244125365 37.07589462716569
 54735752 256 94620.502 94678.924 94881.491 295.3653523846922 295.99729105497653 296.18005011218395 36.92066904808652 36.999661381872066 37.022506264022994
 60209320 256 104156.131 104184.36 104341.928 295.44376293296017 295.89059087179686 295.97078485951056 36.93047036662002 36.98632385897461 36.99634810743882
 66230248 128 59253.454 59320.532 59544.693 284.7431506280501 285.81914079934415 286.14270297221833 35.59289382850626 35.72739259991802 35.76783787152729
 72853272 128 65273.812 65295.51 65426.099 285.0611287706455 285.6312422094567 285.72619034414595 35.63264109633069 35.703905276182084 35.71577379301824
 80138592 128 71884.441 71961.667 72073.358 284.64720003749517 285.088998174542 285.39527144684894 35.580900004686896 35.63612477181775 35.67440893085612
 88152448 128 79157.573 79206.662 79221.046 284.8615087460471 284.913239848436 285.0899267464908 35.60768859325589 35.6141549810545 35.63624084331135
 96967688 128 87246.99 87274.529 87311.722 284.31151693469064 284.432679413257 284.52245891806695 35.53893961683633 35.554084926657126 35.56530736475837
 106664456 128 95956.762 96048.072 96192.691 283.86876853252807 284.29618801718374 284.56671699697415 35.48359606656601 35.53702350214797 35.57083962462177
 117330896 128 105692.207 105748.434 105948.7 283.5023872496784 284.0392830403522 284.19038856857253 35.4377984062098 35.504910380044024 35.523798571071566
 129063984 64 62274.52 62331.831 62445.31 264.5545350323347 265.0361731231672 265.28008488865106 33.069316879041835 33.1295216403959 33.16001061108138
 141970376 64 68634.584 68723.177 68908.018 263.716888911244 264.42619391708274 264.76751324084665 32.9646111139055 33.05327423963534 33.09593915510583
 156167408 64 75530.769 75618.032 75657.175 264.21060823378616 264.3473744992464 264.65278307970095 33.02632602922327 33.0434218124058 33.08159788496262
 171784144 64 83240.503 83279.734 83445.59 263.50548221901244 264.0302673397108 264.15470401470304 32.938185277376554 33.00378341746385 33.01933800183788
 188962552 64 91963.807 92314.63 92516.446 261.436833144239 262.008379993507 263.00788804882774 32.67960414302988 32.751047499188374 32.87598600610347
 207858800 64 101481.15 101530.061 101669.241 261.6910103617278 262.0497430805247 262.1760435312371 32.71137629521598 32.75621788506559 32.77200544140464
 228644680 64 111780.191 111807.819 111884.779 261.57730570303937 261.757355628232 261.82205253165114 32.69716321287992 32.719669453529 32.72775656645639
 251509144 32 70381.136 70430.761 70867.071 227.1377240354692 228.54481461587505 228.7059591649672 28.39221550443365 28.568101826984382 28.5882448956209
 276660056 32 77331.376 77484.7 77797.95 227.59267543682066 228.51277199240621 228.9658415492309 28.449084429602582 28.564096499050777 28.620730193653863
 304326056 32 85164.913 85243.616 85306.907 228.3152474863495 228.48476516998062 228.69591358591538 28.53940593579369 28.560595646247577 28.586989198239422
 334758656 32 93676.383 93743.162 93946.02 228.05174699258146 228.5452456148215 228.70816846120115 28.506468374072682 28.56815570185269 28.588521057650144
 368234520 32 103021.503 103075.34 103385.679 227.95235769549862 228.6386761372798 228.75815818761643 28.494044711937327 28.579834517159973 28.594769773452054
 405057968 32 113266.797 113353.295 113440.629 228.5222691422136 228.69833604748766 228.8729851873537 28.5652836427767 28.587292005935957 28.60912314841921
 445563760 32 124565.65 124727.544 124881.568 228.34499195269552 228.62697144104754 228.92411061958092 28.54312399408694 28.578371430130943 28.615513827447614
 490120136 16 85937.312 86058.871 86495.744 181.32504128758058 182.24552762259685 182.50331534688914 22.665630160947572 22.780690952824607 22.812914418361142
 539132144 16 94522.214 94855.071 95255.632 181.11505058304584 181.87987659616005 182.52036085401045 22.63938132288073 22.734984574520006 22.815045106751306
 593045352 16 104015.305 104202.225 104772.592 181.12992054257853 182.12136318586286 182.4486431491981 22.641240067822316 22.765170398232858 22.80608039364976
 652349880 16 114362.779 114560.268 115077.079 181.40185987862972 182.22021058819453 182.53488016411356 22.675232484828715 22.777526323524317 22.816860020514195
 717584864 16 125804.195 125835.93 126798.598 181.0959743261515 182.4813918250535 182.5274240497306 22.636996790768936 22.810173978131687 22.815928006216325
 789343344 16 138488.317 138525.842 138581.452 182.2681653530373 182.3413353300534 182.39074280901252 22.78352066912966 22.792666916256675 22.798842851126565
 868277672 16 152327.252 152404.518 152648.269 182.0190014994536 182.31011697435372 182.40259138922823 22.7523751874317 22.788764621794215 22.80032392365353
 955105432 16 167415.095 167613.081 167638.51 182.3171407572162 182.3448005469215 182.56044249773294 22.789642594652026 22.793100068365188 22.820055312216617
 1050615968 8 129466.624 129621.669 129802.614 129.50321237752576 129.68399201834072 129.83929733117935 16.18790154719072 16.21049900229259 16.22991216639742
 1155677560 8 142397.173 142535.624 143039.413 129.27095107695945 129.7278563848712 129.85398916592254 16.15886888461993 16.2159820481089 16.231748645740318
 1271245312 8 156496.433 156654.215 157069.716 129.49615947608896 129.83962794745102 129.9705341654656 16.18701993451112 16.229953493431378 16.2463167706832
 1398369840 8 172257.906 172543.788 173763.164 128.7609924045812 129.67095309162912 129.88615709748615 16.09512405057265 16.20886913645364 16.23576963718577
 1538206824 8 189620.578 189698.039 191184.234 128.73085122698976 129.73939695813092 129.79239618181103 16.09135640337372 16.217424619766366 16.22404952272638
 1692027504 8 208297.279 208603.668 210309.289 128.72679182515805 129.77930984415863 129.97020505486296 16.090848978144756 16.22241373051983 16.24627563185787
 1861230248 8 229203.6 229690.265 229745.112 129.62053341966205 129.65148509014955 129.92677238926439 16.202566677457757 16.206435636268694 16.240846548658048
 2047353272 4 198983.754 199037.008 200727.475 81.59733078892164 82.29035565084459 82.31237900959493 10.199666348615205 10.286294456355574 10.289047376199367
 2252088592 4 219014.875 219025.727 219881.029 81.93844106487239 82.25841312239999 82.26248895651493 10.242305133109049 10.282301640299998 10.282811119564366
 2477297448 4 240722.854 240843.148 242534.034 81.71380839688668 82.28749602625192 82.32861672535671 10.214226049610835 10.28593700328149 10.291077090669589
 2725027192 4 264630.487 264920.089 265029.472 82.25582374476451 82.28978639668208 82.37984135214171 10.281977968095564 10.28622329958526 10.297480169017714
 2997529904 4 291323.753 291413.257 292061.511 82.10681082177925 82.28945889033456 82.31474085122059 10.263351352722406 10.28618236129182 10.289342606402574
 3297282888 4 320544.612 320880.792 321174.609 82.13059925917119 82.20580278298489 82.2920183852599 10.266324907396399 10.275725347873111 10.286502298157487
 3627011176 4 352513.995 352712.385 353198.681 82.15231530833492 82.26558136879713 82.31187929999773 10.269039413541865 10.283197671099641 10.288984912499716
 3989712288 2 335813.3 336099.556 336983.588 47.3579418116944 47.48250590369719 47.52298122796209 5.9197427264618 5.9353132379621485 5.9403726534952614
 4388683512 2 368954.626 369542.485 369814.548 47.46901965576541 47.50396709596192 47.57965562952448 5.933627456970676 5.93799588699524 5.94745695369056
 4827551856 2 405921.916 406134.919 407289.161 47.41154264107706 47.54628701109053 47.571236395129745 5.926442830134633 5.943285876386316 5.946404549391218
 5310307040 2 446507.152 446973.22 448078.009 47.40520117781544 47.52237317484032 47.57197743609714 5.92565014722693 5.94029664685504 5.946497179512143
 5841337744 2 491006.743 491242.179 494919.72 47.210385910668506 47.56381266682721 47.586619347099266 5.901298238833563 5.945476583353401 5.948327418387408
 6425471512 2 540520.846 540907.614 541483.531 47.465683767951944 47.516221592695125 47.55022167637175 5.933210470993993 5.939527699086891 5.943777709546469
 7068018656 2 594209.233 594689.336 596445.948 47.40089981129355 47.54091407484058 47.57932568846502 5.925112476411694 5.942614259355072 5.947415711058127
 7774820520 1 326712.442 327416.186 327754.048 47.44301751537787 47.49197414449144 47.5942726417502 5.9303771894222335 5.93649676806143 5.949284080218775
 8552302568 1 359320.011 359719.171 360416.759 47.45785180316767 47.54988478498412 47.602706813899104 5.932231475395959 5.943735598123015 5.950338351737388
 9407532824 1 395414.974 395686.051 396099.406 47.500868122988294 47.55049009296515 47.58308836326467 5.937608515373537 5.9438112616206435 5.947886045408084
 10348286104 1 435271.423 435735.151 437391.53 47.31818242570906 47.498055092645025 47.54865841031792 5.914772803213633 5.937256886580628 5.94358230128974
 11383114712 1 478677.095 478883.415 480891.446 47.34172257245765 47.5402336161506 47.560724467085684 5.917715321557206 5.942529202018825 5.9450905583857105
 12521426176 1 526883.06 526949.45 528007.825 47.42894170555143 47.5242024676181 47.53019076377213 5.928617713193929 5.940525308452263 5.941273845471517
 13773568792 1 578930.686 579372.996 580351.689 47.4662831281947 47.54646449555961 47.58279056570859 5.933285391024338 5.943308061944951 5.947848820713574
 15150925664 1 636799.028 637193.798 639159.728 47.40888701298152 47.555157352614415 47.584638159969046 5.92611087662269 5.944394669076802 5.948079769996131
 
META_DATA
 FLOPS          2
 MPI_PROCS      1
 ERT_VERSION  1.1.0
 HOSTNAME  ('tcn1119.local.snellius.surf.nl', [], ['172.18.60.105'])
 UNAME  uname_result(system='Linux', node='tcn1119.local.snellius.surf.nl', release='4.18.0-372.80.1.el8_6.x86_64', version='#1 SMP Fri Nov 3 14:30:16 EDT 2023', machine='x86_64', processor='x86_64')
 TIMESTAMP_DATA  1713893449.6297467
 CONFIG  {'ERT_RESULTS': ['Results.snellius.genoa.02'], 'ERT_DRIVER': ['driver1'], 'ERT_KERNEL': ['kernel1'], 'ERT_MPI': ['True'], 'ERT_MPI_CFLAGS': [], 'ERT_MPI_LDFLAGS': [], 'ERT_OPENMP': ['False'], 'ERT_OPENMP_CFLAGS': ['-fopenmp'], 'ERT_OPENMP_LDFLAGS': ['-fopenmp'], 'ERT_FLOPS': ['1,2,4'], 'ERT_ALIGN': ['32'], 'ERT_CC': ['mpic++'], 'ERT_CFLAGS': ['-Ofast', '-fargument-noalias', '-mavx2'], 'ERT_LD': ['mpic++'], 'ERT_LDFLAGS': [], 'ERT_LDLIBS': [], 'ERT_RUN': ['export', 'OMP_NUM_THREADS=ERT_OPENMP_THREADS;', 'mpirun', '-np', 'ERT_MPI_PROCS', 'ERT_CODE'], 'ERT_PROCS_THREADS': ['1'], 'ERT_MPI_PROCS': ['1'], 'ERT_OPENMP_THREADS': [], 'ERT_NUM_EXPERIMENTS': ['5'], 'ERT_MEMORY_MAX': ['15496692736'], 'ERT_WORKING_SET_MIN': ['1'], 'ERT_TRIALS_MIN': ['1'], 'ERT_GNUPLOT': ['gnuplot'], 'ERT_GPU': [False], 'ERT_HIP': [False], 'ERT_PRECISION': ['FP64'], 'ERT_OCL': [False], 'ERT_SYCL': [False], 'ERT_WSS_MULT': [1.1]}
 TIMESTAMP_DATA  1713893651.3533356
 TIMESTAMP_DATA  1713893852.7173057
 TIMESTAMP_DATA  1713894054.1778855
 TIMESTAMP_DATA  1713894255.5980465
 