fp64
        1024            1        1901.646         2048          512
        1024            2          16.000         4096         1024
        1024            4          15.138         8192         2048
        1024            8          13.785        16384         4096
        1024           16          14.177        32768         8192
        1024           32          14.267        65536        16384
        1024           64          14.427       131072        32768
        1024          128          15.169       262144        65536
        1024          256          15.990       524288       131072
        1024          512          18.655      1048576       262144
        1024         1024          23.384      2097152       524288
        1024         2048          32.491      4194304      1048576
        1024         4096          55.864      8388608      2097152
        1024         8192          93.184     16777216      4194304
        1024        16384         171.270     33554432      8388608
        1024        32768         319.828     67108864     16777216
        1024        65536         625.910    134217728     33554432
        1024       131072        1240.279    268435456     67108864
        1024       262144        2481.509    536870912    134217728
        1024       524288        4916.633   1073741824    268435456
        1024      1048576       14682.552   2147483648    536870912
        2048            1        2496.217         4096         1024
        2048            2          22.813         8192         2048
        2048            4          14.898        16384         4096
        2048            8          13.295        32768         8192
        2048           16          14.236        65536        16384
        2048           32          14.728       131072        32768
        2048           64          19.316       262144        65536
        2048          128          15.278       524288       131072
        2048          256          15.809      1048576       262144
        2048          512          18.555      2097152       524288
        2048         1024          24.937      4194304      1048576
        2048         2048          32.351      8388608      2097152
        2048         4096          49.373     16777216      4194304
        2048         8192          90.118     33554432      8388608
        2048        16384         159.238     67108864     16777216
        2048        32768         309.649    134217728     33554432
        2048        65536        1331.600    268435456     67108864
        2048       131072        1192.329    536870912    134217728
        2048       262144        2358.991   1073741824    268435456
        2048       524288        9824.318   2147483648    536870912
        3072            1          26.319         6144         1536
        3072            2          15.899        12288         3072
        3072            4          14.187        24576         6144
        3072            8          13.064        49152        12288
        3072           16          13.886        98304        24576
        3072           32          13.285       196608        49152
        3072           64          13.756       393216        98304
        3072          128          15.529       786432       196608
        3072          256          15.099      1572864       393216
        3072          512          18.295      3145728       786432
        3072         1024          22.432      6291456      1572864
        3072         2048          31.830     12582912      3145728
        3072         4096          52.468     25165824      6291456
        3072         8192          95.289     50331648     12582912
        3072        16384         171.010    100663296     25165824
        3072        32768         319.027    201326592     50331648
        3072        65536         630.258    402653184    100663296
        3072       131072        1242.543    805306368    201326592
        3072       262144        7435.752   1610612736    402653184
        4096            1          26.720         8192         2048
        4096            2          13.826        16384         4096
        4096            4          12.673        32768         8192
        4096            8          14.477        65536        16384
        4096           16          13.986       131072        32768
        4096           32          13.164       262144        65536
        4096           64          14.276       524288       131072
        4096          128          14.728      1048576       262144
        4096          256          15.529      2097152       524288
        4096          512          17.794      4194304      1048576
        4096         1024          22.632      8388608      2097152
        4096         2048          31.990     16777216      4194304
        4096         4096          50.995     33554432      8388608
        4096         8192          89.828     67108864     16777216
        4096        16384         167.994    134217728     33554432
        4096        32768         321.130    268435456     67108864
        4096        65536         633.926    536870912    134217728
        4096       131072        1240.028   1073741824    268435456
        4096       262144        7602.544   2147483648    536870912
        5120            1          31.068        10240         2560
        5120            2          13.916        20480         5120
        5120            4          13.546        40960        10240
        5120            8          13.906        81920        20480
        5120           16          15.329       163840        40960
        5120           32          13.676       327680        81920
        5120           64          15.399       655360       163840
        5120          128          15.109      1310720       327680
        5120          256          15.869      2621440       655360
        5120          512          18.174      5242880      1310720
        5120         1024          22.832     10485760      2621440
        5120         2048          32.801     20971520      5242880
        5120         4096          51.426     41943040     10485760
        5120         8192          90.369     83886080     20971520
        5120        16384         177.992    167772160     41943040
        5120        32768         319.017    335544320     83886080
        5120        65536         633.735    671088640    167772160
        5120       131072        1242.453   1342177280    335544320
        5120       262144        7461.952   2684354560    671088640
        6144            1          33.193        12288         3072
        6144            2          16.190        24576         6144
        6144            4          13.956        49152        12288
        6144            8          14.617        98304        24576
        6144           16          13.245       196608        49152
        6144           32          13.736       393216        98304
        6144           64          14.146       786432       196608
        6144          128          14.788      1572864       393216
        6144          256          15.990      3145728       786432
        6144          512          28.323      6291456      1572864
        6144         1024          23.594     12582912      3145728
        6144         2048          33.643     25165824      6291456
        6144         4096          51.236     50331648     12582912
        6144         8192          89.577    100663296     25165824
        6144        16384         165.559    201326592     50331648
        6144        32768         318.425    402653184    100663296
        6144        65536         630.198    805306368    201326592
        6144       131072        6217.906   1610612736    402653184
        7168            1          31.398        14336         3584
        7168            2          15.749        28672         7168
        7168            4          13.575        57344        14336
        7168            8          14.066       114688        28672
        7168           16          13.665       229376        57344
        7168           32          13.626       458752       114688
        7168           64          14.237       917504       229376
        7168          128          14.357      1835008       458752
        7168          256          16.080      3670016       917504
        7168          512          19.026      7340032      1835008
        7168         1024          22.613     14680064      3670016
        7168         2048          32.310     29360128      7340032
        7168         4096          63.338     58720256     14680064
        7168         8192          96.670    117440512     29360128
        7168        16384         170.629    234881024     58720256
        7168        32768         321.411    469762048    117440512
        7168        65536         633.545    939524096    234881024
        7168       131072        6225.439   1879048192    469762048
        8192            1          33.552        16384         4096
        8192            2          13.876        32768         8192
        8192            4          12.965        65536        16384
        8192            8          13.506       131072        32768
        8192           16          14.598       262144        65536
        8192           32          13.164       524288       131072
        8192           64          13.655      1048576       262144
        8192          128          14.206      2097152       524288
        8192          256          15.509      4194304      1048576
        8192          512          18.625      8388608      2097152
        8192         1024          23.374     16777216      4194304
        8192         2048          32.991     33554432      8388608
        8192         4096          57.378     67108864     16777216
        8192         8192         107.471    134217728     33554432
        8192        16384         172.302    268435456     67108864
        8192        32768         334.115    536870912    134217728
        8192        65536         667.669   1073741824    268435456
        8192       131072        6324.224   2147483648    536870912
        9216            1          28.704        18432         4608
        9216            2          13.305        36864         9216
        9216            4          13.926        73728        18432
        9216            8          14.137       147456        36864
        9216           16          13.816       294912        73728
        9216           32          14.137       589824       147456
        9216           64          13.976      1179648       294912
        9216          128          14.758      2359296       589824
        9216          256          16.190      4718592      1179648
        9216          512          17.853      9437184      2359296
        9216         1024          23.443     18874368      4718592
        9216         2048          33.483     37748736      9437184
        9216         4096          53.230     75497472     18874368
        9216         8192         105.467    150994944     37748736
        9216        16384         173.354    301989888     75497472
        9216        32768         331.830    603979776    150994944
        9216        65536         659.754   1207959552    301989888
        9216       131072        6289.059   2415919104    603979776
       10240            1          36.609        20480         5120
       10240            2          13.676        40960        10240
       10240            4          14.778        81920        20480
       10240            8          14.377       163840        40960
       10240           16          15.719       327680        81920
       10240           32          14.056       655360       163840
       10240           64          14.156      1310720       327680
       10240          128          14.387      2621440       655360
       10240          256          16.802      5242880      1310720
       10240          512          18.124     10485760      2621440
       10240         1024          22.943     20971520      5242880
       10240         2048          35.467     41943040     10485760
       10240         4096          52.909     83886080     20971520
       10240         8192         105.227    167772160     41943040
       10240        16384         171.791    335544320     83886080
       10240        32768         334.505    671088640    167772160
       10240        65536         656.458   1342177280    335544320
       10240       131072        6273.460   2684354560    671088640
       11264            1          31.439        22528         5632
       11264            2          14.327        45056        11264
       11264            4          13.595        90112        22528
       11264            8          14.607       180224        45056
       11264           16          14.878       360448        90112
       11264           32          15.589       720896       180224
       11264           64          15.689      1441792       360448
       11264          128          16.050      2883584       720896
       11264          256          15.719      5767168      1441792
       11264          512          18.374     11534336      2883584
       11264         1024          22.993     23068672      5767168
       11264         2048          33.122     46137344     11534336
       11264         4096          54.372     92274688     23068672
       11264         8192         101.951    184549376     46137344
       11264        16384         173.525    369098752     92274688
       11264        32768         335.377    738197504    184549376
       11264        65536        5687.193   1476395008    369098752
       12288            1          32.741        24576         6144
       12288            2          13.736        49152        12288
       12288            4          13.725        98304        24576
       12288            8          13.625       196608        49152
       12288           16          13.595       393216        98304
       12288           32          13.936       786432       196608
       12288           64          14.066      1572864       393216
       12288          128          14.447      3145728       786432
       12288          256          16.822      6291456      1572864
       12288          512          18.224     12582912      3145728
       12288         1024          23.044     25165824      6291456
       12288         2048          37.961     50331648     12582912
       12288         4096          57.478    100663296     25165824
       12288         8192          92.984    201326592     50331648
       12288        16384         172.031    402653184    100663296
       12288        32768         341.969    805306368    201326592
       12288        65536        5624.356   1610612736    402653184
       13312            1          32.140        26624         6656
       13312            2          15.098        53248        13312
       13312            4          14.026       106496        26624
       13312            8          16.150       212992        53248
       13312           16          15.298       425984       106496
       13312           32          13.305       851968       212992
       13312           64          14.046      1703936       425984
       13312          128          14.688      3407872       851968
       13312          256          16.370      6815744      1703936
       13312          512          18.284     13631488      3407872
       13312         1024          22.732     27262976      6815744
       13312         2048          33.092     54525952     13631488
       13312         4096          54.421    109051904     27262976
       13312         8192          92.694    218103808     54525952
       13312        16384         171.941    436207616    109051904
       13312        32768         330.498    872415232    218103808
       13312        65536        5638.493   1744830464    436207616
       14336            1          37.700        28672         7168
       14336            2          14.637        57344        14336
       14336            4          13.876       114688        28672
       14336            8          14.918       229376        57344
       14336           16          14.327       458752       114688
       14336           32          13.616       917504       229376
       14336           64          13.365      1835008       458752
       14336          128          15.649      3670016       917504
       14336          256          16.431      7340032      1835008
       14336          512          19.967     14680064      3670016
       14336         1024          23.343     29360128      7340032
       14336         2048          34.214     58720256     14680064
       14336         4096          67.426    117440512     29360128
       14336         8192          97.202    234881024     58720256
       14336        16384         172.542    469762048    117440512
       14336        32768         331.721    939524096    234881024
       14336        65536        5662.788   1879048192    469762048
       15360            1          27.481        30720         7680
       15360            2          13.776        61440        15360
       15360            4          14.467       122880        30720
       15360            8          13.576       245760        61440
       15360           16          13.565       491520       122880
       15360           32          13.475       983040       245760
       15360           64          14.117      1966080       491520
       15360          128          14.758      3932160       983040
       15360          256          15.909      7864320      1966080
       15360          512          19.407     15728640      3932160
       15360         1024          23.574     31457280      7864320
       15360         2048          33.223     62914560     15728640
       15360         4096          58.900    125829120     31457280
       15360         8192          97.372    251658240     62914560
       15360        16384         184.245    503316480    125829120
       15360        32768         334.615   1006632960    251658240
       15360        65536        5681.493   2013265920    503316480
       16384            1          36.428        32768         8192
       16384            2          14.086        65536        16384
       16384            4          13.515       131072        32768
       16384            8          13.796       262144        65536
       16384           16          14.547       524288       131072
       16384           32          13.656      1048576       262144
       16384           64          14.226      2097152       524288
       16384          128          14.477      4194304      1048576
       16384          256          15.670      8388608      2097152
       16384          512          19.556     16777216      4194304
       16384         1024          23.614     33554432      8388608
       16384         2048          33.252     67108864     16777216
       16384         4096          53.790    134217728     33554432
       16384         8192          94.156    268435456     67108864
       16384        16384         176.821    536870912    134217728
       16384        32768         345.556   1073741824    268435456
       16384        65536        5634.294   2147483648    536870912
       17408            1          35.005        34816         8704
       17408            2          14.197        69632        17408
       17408            4          13.735       139264        34816
       17408            8          14.878       278528        69632
       17408           16          13.485       557056       139264
       17408           32          13.536      1114112       278528
       17408           64          13.616      2228224       557056
       17408          128          14.658      4456448      1114112
       17408          256          16.381      8912896      2228224
       17408          512          18.895     17825792      4456448
       17408         1024          24.656     35651584      8912896
       17408         2048          47.198     71303168     17825792
       17408         4096          53.440    142606336     35651584
       17408         8192          93.995    285212672     71303168
       17408        16384         174.416    570425344    142606336
       17408        32768         338.112   1140850688    285212672
       17408        65536        5653.741   2281701376    570425344
       18432            1          35.827        36864         9216
       18432            2          14.187        73728        18432
       18432            4          13.845       147456        36864
       18432            8          13.806       294912        73728
       18432           16          13.665       589824       147456
       18432           32          14.347      1179648       294912
       18432           64          14.688      2359296       589824
       18432          128          14.718      4718592      1179648
       18432          256          16.040      9437184      2359296
       18432          512          18.715     18874368      4718592
       18432         1024          24.636     37748736      9437184
       18432         2048          33.383     75497472     18874368
       18432         4096          53.560    150994944     37748736
       18432         8192          94.086    301989888     75497472
       18432        16384         185.617    603979776    150994944
       18432        32768         339.915   1207959552    301989888
       18432        65536        5643.902   2415919104    603979776
       19456            1          44.904        38912         9728
       19456            2          15.229        77824        19456
       19456            4          13.636       155648        38912
       19456            8          14.186       311296        77824
       19456           16          13.005       622592       155648
       19456           32          13.676      1245184       311296
       19456           64          14.287      2490368       622592
       19456          128          14.667      4980736      1245184
       19456          256          16.601      9961472      2490368
       19456          512          18.855     19922944      4980736
       19456         1024          23.534     39845888      9961472
       19456         2048          33.974     79691776     19922944
       19456         4096          54.131    159383552     39845888
       19456         8192         113.082    318767104     79691776
       19456        16384         198.191    637534208    159383552
       19456        32768         345.866   1275068416    318767104
       19456        65536        5708.764   2550136832    637534208
       20480            1          35.376        40960        10240
       20480            2          13.886        81920        20480
       20480            4          14.147       163840        40960
       20480            8          14.517       327680        81920
       20480           16          14.427       655360       163840
       20480           32          14.077      1310720       327680
       20480           64          14.788      2621440       655360
       20480          128          15.940      5242880      1310720
       20480          256          17.423     10485760      2621440
       20480          512          18.525     20971520      5242880
       20480         1024          23.103     41943040     10485760
       20480         2048          33.392     83886080     20971520
       20480         4096          53.650    167772160     41943040
       20480         8192          95.629    335544320     83886080
       20480        16384         174.948    671088640    167772160
       20480        32768         347.400   1342177280    335544320
       20480        65536        5645.305   2684354560    671088640
       22528            1          30.377        45056        11264
       22528            2          16.261        90112        22528
       22528            4          14.597       180224        45056
       22528            8          14.617       360448        90112
       22528           16          14.567       720896       180224
       22528           32          14.216      1441792       360448
       22528           64          13.696      2883584       720896
       22528          128          14.467      5767168      1441792
       22528          256          15.269     11534336      2883584
       22528          512          19.486     23068672      5767168
       22528         1024          24.706     46137344     11534336
       22528         2048          44.904     92274688     23068672
       22528         4096          54.843    184549376     46137344
       22528         8192          98.965    369098752     92274688
       22528        16384         177.833    738197504    184549376
       22528        32768        5318.905   1476395008    369098752
       24576            1          35.627        49152        12288
       24576            2          14.176        98304        24576
       24576            4          13.565       196608        49152
       24576            8          13.626       393216        98304
       24576           16          15.579       786432       196608
       24576           32          13.856      1572864       393216
       24576           64          13.705      3145728       786432
       24576          128          15.820      6291456      1572864
       24576          256          16.391     12582912      3145728
       24576          512          18.424     25165824      6291456
       24576         1024          33.793     50331648     12582912
       24576         2048          33.733    100663296     25165824
       24576         4096          54.031    201326592     50331648
       24576         8192          99.987    402653184    100663296
       24576        16384         178.594    805306368    201326592
       24576        32768        5347.709   1610612736    402653184
       26624            1          34.445        53248        13312
       26624            2          14.146       106496        26624
       26624            4          13.385       212992        53248
       26624            8          13.565       425984       106496
       26624           16          14.437       851968       212992
       26624           32          13.635      1703936       425984
       26624           64          14.177      3407872       851968
       26624          128          15.650      6815744      1703936
       26624          256          16.010     13631488      3407872
       26624          512          30.447     27262976      6815744
       26624         1024          24.997     54525952     13631488
       26624         2048          33.673    109051904     27262976
       26624         4096          61.996    218103808     54525952
       26624         8192         118.672    436207616    109051904
       26624        16384         186.489    872415232    218103808
       26624        32768        5376.572   1744830464    436207616
       28672            1          39.884        57344        14336
       28672            2          14.146       114688        28672
       28672            4          13.465       229376        57344
       28672            8          13.695       458752       114688
       28672           16          14.177       917504       229376
       28672           32          13.806      1835008       458752
       28672           64          13.415      3670016       917504
       28672          128          15.259      7340032      1835008
       28672          256          15.859     14680064      3670016
       28672          512          18.675     29360128      7340032
       28672         1024          26.910     58720256     14680064
       28672         2048          37.750    117440512     29360128
       28672         4096          54.863    234881024     58720256
       28672         8192          97.823    469762048    117440512
       28672        16384         183.944    939524096    234881024
       28672        32768        5397.672   1879048192    469762048
       30720            1          32.291        61440        15360
       30720            2          13.345       122880        30720
       30720            4          14.077       245760        61440
       30720            8          13.665       491520       122880
       30720           16          14.106       983040       245760
       30720           32          15.148      1966080       491520
       30720           64          14.066      3932160       983040
       30720          128          16.661      7864320      1966080
       30720          256          17.934     15728640      3932160
       30720          512          18.976     31457280      7864320
       30720         1024          23.755     62914560     15728640
       30720         2048          35.747    125829120     31457280
       30720         4096          58.920    251658240     62914560
       30720         8192         105.166    503316480    125829120
       30720        16384         198.251   1006632960    251658240
       30720        32768        5374.629   2013265920    503316480
       33792            1         165.319        67584        16896
       33792            2          65.563       135168        33792
       33792            4          13.836       270336        67584
       33792            8          13.555       540672       135168
       33792           16          14.187      1081344       270336
       33792           32          13.786      2162688       540672
       33792           64          13.936      4325376      1081344
       33792          128          15.309      8650752      2162688
       33792          256          15.980     17301504      4325376
       33792          512          18.996     34603008      8650752
       33792         1024          24.556     69206016     17301504
       33792         2048          36.969    138412032     34603008
       33792         4096          61.695    276824064     69206016
       33792         8192         110.186    553648128    138412032
       33792        16384         213.208   1107296256    276824064
       33792        32768        5346.176   2214592512    553648128
       36864            1          37.741        73728        18432
       36864            2          13.756       147456        36864
       36864            4          14.006       294912        73728
       36864            8          14.056       589824       147456
       36864           16          16.170      1179648       294912
       36864           32          14.497      2359296       589824
       36864           64          14.417      4718592      1179648
       36864          128          16.160      9437184      2359296
       36864          256          17.353     18874368      4718592
       36864          512          19.998     37748736      9437184
       36864         1024          25.478     75497472     18874368
       36864         2048          38.341    150994944     37748736
       36864         4096          58.971    301989888     75497472
       36864         8192         104.365    603979776    150994944
       36864        16384         205.274   1207959552    301989888
       36864        32768        5366.444   2415919104    603979776
       39936            1          39.584        79872        19968
       39936            2          14.277       159744        39936
       39936            4          44.574       319488        79872
       39936            8          14.006       638976       159744
       39936           16          16.230      1277952       319488
       39936           32          14.748      2555904       638976
       39936           64          15.399      5111808      1277952
       39936          128          15.859     10223616      2555904
       39936          256          16.211     20447232      5111808
       39936          512          19.347     40894464     10223616
       39936         1024          24.826     81788928     20447232
       39936         2048          37.610    163577856     40894464
       39936         4096          64.280    327155712     81788928
       39936         8192         114.584    654311424    163577856
       39936        16384         217.527   1308622848    327155712
       39936        32768        5416.317   2617245696    654311424
       43008            1          35.165        86016        21504
       43008            2          14.207       172032        43008
       43008            4          13.806       344064        86016
       43008            8          13.475       688128       172032
       43008           16          15.570      1376256       344064
       43008           32          14.126      2752512       688128
       43008           64          14.497      5505024      1376256
       43008          128          15.499     11010048      2752512
       43008          256          17.293     22020096      5505024
       43008          512          18.925     44040192     11010048
       43008         1024          25.839     88080384     22020096
       43008         2048          38.312    176160768     44040192
       43008         4096          64.541    352321536     88080384
       43008         8192         119.614    704643072    176160768
       43008        16384        5208.548   1409286144    352321536
       47104            1          42.770        94208        23552
       47104            2          13.716       188416        47104
       47104            4          13.886       376832        94208
       47104            8          14.337       753664       188416
       47104           16          13.676      1507328       376832
       47104           32          22.342      3014656       753664
       47104           64          15.048      6029312      1507328
       47104          128          15.459     12058624      3014656
       47104          256          16.642     24117248      6029312
       47104          512          19.978     48234496     12058624
       47104         1024          27.061     96468992     24117248
       47104         2048          40.045    192937984     48234496
       47104         4096          66.545    385875968     96468992
       47104         8192         121.257    771751936    192937984
       47104        16384        5313.464   1543503872    385875968
       51200            1          42.620       102400        25600
       51200            2          13.766       204800        51200
       51200            4          14.097       409600       102400
       51200            8          14.237       819200       204800
       51200           16          14.737      1638400       409600
       51200           32          13.826      3276800       819200
       51200           64          14.688      6553600      1638400
       51200          128          15.650     13107200      3276800
       51200          256          16.450     26214400      6553600
       51200          512          20.779     52428800     13107200
       51200         1024          36.498    104857600     26214400
       51200         2048          41.588    209715200     52428800
       51200         4096          69.691    419430400    104857600
       51200         8192         128.119    838860800    209715200
       51200        16384        5210.763   1677721600    419430400
       56320            1          34.916       112640        28160
       56320            2          13.405       225280        56320
       56320            4          13.956       450560       112640
       56320            8          13.275       901120       225280
       56320           16          13.906      1802240       450560
       56320           32          13.776      3604480       901120
       56320           64          14.117      7208960      1802240
       56320          128          16.090     14417920      3604480
       56320          256          17.031     28835840      7208960
       56320          512          21.160     57671680     14417920
       56320         1024          28.623    115343360     28835840
       56320         2048          45.585    230686720     57671680
       56320         4096          78.196    461373440    115343360
       56320         8192         152.516    922746880    230686720
       56320        16384        5261.377   1845493760    461373440
       61440            1          33.332       122880        30720
       61440            2          14.287       245760        61440
       61440            4          14.978       491520       122880
       61440            8          15.178       983040       245760
       61440           16          13.796      1966080       491520
       61440           32          15.048      3932160       983040
       61440           64          15.399      7864320      1966080
       61440          128          16.020     15728640      3932160
       61440          256          19.687     31457280      7864320
       61440          512          25.568     62914560     15728640
       61440         1024          37.280    125829120     31457280
       61440         2048          62.667    251658240     62914560
       61440         4096         111.328    503316480    125829120
       61440         8192         227.275   1006632960    251658240
       61440        16384        5348.750   2013265920    503316480
       67584            1          33.582       135168        33792
       67584            2          14.567       270336        67584
       67584            4          13.896       540672       135168
       67584            8          13.746      1081344       270336
       67584           16          15.008      2162688       540672
       67584           32          13.546      4325376      1081344
       67584           64          15.129      8650752      2162688
       67584          128          15.109     17301504      4325376
       67584          256          17.273     34603008      8650752
       67584          512          21.721     69206016     17301504
       67584         1024          30.397    138412032     34603008
       67584         2048          48.691    276824064     69206016
       67584         4096          83.627    553648128    138412032
       67584         8192         165.649   1107296256    276824064
       67584        16384        5232.023   2214592512    553648128
       73728            1          36.318       147456        36864
       73728            2          13.615       294912        73728
       73728            4          14.107       589824       147456
       73728            8          13.826      1179648       294912
       73728           16          13.816      2359296       589824
       73728           32          15.148      4718592      1179648
       73728           64          16.250      9437184      2359296
       73728          128          18.184     18874368      4718592
       73728          256          19.607     37748736      9437184
       73728          512          25.688     75497472     18874368
       73728         1024          38.842    150994944     37748736
       73728         2048          64.039    301989888     75497472
       73728         4096         115.455    603979776    150994944
       73728         8192         217.407   1207959552    301989888
       73728        16384        5383.515   2415919104    603979776
       80896            1          34.905       161792        40448
       80896            2          14.327       323584        80896
       80896            4          15.179       647168       161792
       80896            8          14.246      1294336       323584
       80896           16          13.606      2588672       647168
       80896           32          14.126      5177344      1294336
       80896           64          16.070     10354688      2588672
       80896          128          16.151     20709376      5177344
       80896          256          19.206     41418752     10354688
       80896          512          23.915     82837504     20709376
       80896         1024          33.002    165675008     41418752
       80896         2048          52.789    331350016     82837504
       80896         4096          90.991    662700032    165675008
       80896         8192         177.332   1325400064    331350016
       80896        16384        5321.570   2650800128    662700032
       88064            1          34.164       176128        44032
       88064            2          13.976       352256        88064
       88064            4          13.455       704512       176128
       88064            8          15.359      1409024       352256
       88064           16          16.200      2818048       704512
       88064           32          13.636      5636096      1409024
       88064           64          14.948     11272192      2818048
       88064          128          16.170     22544384      5636096
       88064          256          18.655     45088768     11272192
       88064          512          24.946     90177536     22544384
       88064         1024          36.338    180355072     45088768
       88064         2048          59.822    360710144     90177536
       88064         4096         109.985    721420288    180355072
       88064         8192        5166.149   1442840576    360710144
       96256            1          33.492       192512        48128
       96256            2          14.838       385024        96256
       96256            4          14.056       770048       192512
       96256            8          14.137      1540096       385024
       96256           16          13.655      3080192       770048
       96256           32          14.096      6160384      1540096
       96256           64          14.938     12320768      3080192
       96256          128          15.859     24641536      6160384
       96256          256          18.725     49283072     12320768
       96256          512          24.646     98566144     24641536
       96256         1024          36.268    197132288     49283072
       96256         2048          61.886    394264576     98566144
       96256         4096         109.655    788529152    197132288
       96256         8192        5202.687   1577058304    394264576
      105472            1          32.221       210944        52736
      105472            2          13.816       421888       105472
      105472            4          13.555       843776       210944
      105472            8          14.788      1687552       421888
      105472           16          14.637      3375104       843776
      105472           32          14.667      6750208      1687552
      105472           64          14.457     13500416      3375104
      105472          128          16.761     27000832      6750208
      105472          256          19.617     54001664     13500416
      105472          512          37.059    108003328     27000832
      105472         1024          42.900    216006656     54001664
      105472         2048          68.698    432013312    108003328
      105472         4096         112.520    864026624    216006656
      105472         8192        5219.850   1728053248    432013312
      115712            1          34.334       231424        57856
      115712            2          14.177       462848       115712
      115712            4          14.267       925696       231424
      115712            8          13.816      1851392       462848
      115712           16          13.786      3702784       925696
      115712           32          13.836      7405568      1851392
      115712           64          14.908     14811136      3702784
      115712          128          16.982     29622272      7405568
      115712          256          19.837     59244544     14811136
      115712          512          27.391    118489088     29622272
      115712         1024          40.966    236978176     59244544
      115712         2048          70.371    473956352    118489088
      115712         4096         137.397    947912704    236978176
      115712         8192        5204.701   1895825408    473956352
      126976            1          33.372       253952        63488
      126976            2          14.076       507904       126976
      126976            4          13.906      1015808       253952
      126976            8          13.746      2031616       507904
      126976           16          14.607      4063232      1015808
      126976           32          14.417      8126464      2031616
      126976           64          15.419     16252928      4063232
      126976          128          17.713     32505856      8126464
      126976          256          23.143     65011712     16252928
      126976          512          33.303    130023424     32505856
      126976         1024          53.430    260046848     65011712
      126976         2048          88.906    520093696    130023424
      126976         4096         165.199   1040187392    260046848
      126976         8192        5303.676   2080374784    520093696
      139264            1          35.436       278528        69632
      139264            2          13.655       557056       139264
      139264            4          13.485      1114112       278528
      139264            8          13.996      2228224       557056
      139264           16          13.656      4456448      1114112
      139264           32          14.988      8912896      2228224
      139264           64          16.331     17825792      4456448
      139264          128          18.224     35651584      8912896
      139264          256          22.602     71303168     17825792
      139264          512          36.468    142606336     35651584
      139264         1024          54.421    285212672     71303168
      139264         2048          98.344    570425344    142606336
      139264         4096         183.102   1140850688    285212672
      139264         8192        5314.166   2281701376    570425344
      152576            1          32.341       305152        76288
      152576            2          13.956       610304       152576
      152576            4          14.127      1220608       305152
      152576            8          13.565      2441216       610304
      152576           16          13.996      4882432      1220608
      152576           32          14.648      9764864      2441216
      152576           64          15.439     19529728      4882432
      152576          128          17.883     39059456      9764864
      152576          256          24.285     78118912     19529728
      152576          512          32.090    156237824     39059456
      152576         1024          53.029    312475648     78118912
      152576         2048          93.905    624951296    156237824
      152576         4096         170.529   1249902592    312475648
      152576         8192        5298.115   2499805184    624951296
      166912            1          33.973       333824        83456
      166912            2          13.906       667648       166912
      166912            4          14.287      1335296       333824
      166912            8          13.845      2670592       667648
      166912           16          14.086      5341184      1335296
      166912           32          14.196     10682368      2670592
      166912           64          15.580     21364736      5341184
      166912          128          17.984     42729472     10682368
      166912          256          23.103     85458944     21364736
      166912          512          33.082    170917888     42729472
      166912         1024          53.570    341835776     85458944
      166912         2048          93.254    683671552    170917888
      166912         4096        5149.368   1367343104    341835776
      183296            1          34.314       366592        91648
      183296            2          15.018       733184       183296
      183296            4          14.087      1466368       366592
      183296            8          14.547      2932736       733184
      183296           16          14.658      5865472      1466368
      183296           32          15.098     11730944      2932736
      183296           64          15.900     23461888      5865472
      183296          128          19.216     46923776     11730944
      183296          256          26.389     93847552     23461888
      183296          512          38.121    187695104     46923776
      183296         1024          74.008    375390208     93847552
      183296         2048         114.283    750780416    187695104
      183296         4096        5163.033   1501560832    375390208
      200704            1          41.036       401408       100352
      200704            2          14.087       802816       200704
      200704            4          15.329      1605632       401408
      200704            8          14.848      3211264       802816
      200704           16          14.427      6422528      1605632
      200704           32          15.158     12845056      3211264
      200704           64          16.931     25690112      6422528
      200704          128          20.649     51380224     12845056
      200704          256          28.353    102760448     25690112
      200704          512          42.970    205520896     51380224
      200704         1024          75.521    411041792    102760448
      200704         2048         137.647    822083584    205520896
      200704         4096        5283.198   1644167168    411041792
      220160            1          35.667       440320       110080
      220160            2          13.916       880640       220160
      220160            4          13.666      1761280       440320
      220160            8          14.698      3522560       880640
      220160           16          15.048      7045120      1761280
      220160           32          17.713     14090240      3522560
      220160           64          18.295     28180480      7045120
      220160          128          23.284     56360960     14090240
      220160          256          27.322    112721920     28180480
      220160          512          38.672    225443840     56360960
      220160         1024          63.499    450887680    112721920
      220160         2048         113.742    901775360    225443840
      220160         4096        5238.664   1803550720    450887680
      241664            1          34.715       483328       120832
      241664            2          15.158       966656       241664
      241664            4          14.117      1933312       483328
      241664            8          14.166      3866624       966656
      241664           16          24.166      7733248      1933312
      241664           32          16.050     15466496      3866624
      241664           64          18.374     30932992      7733248
      241664          128          22.121     61865984     15466496
      241664          256          30.567    123731968     30932992
      241664          512          47.729    247463936     61865984
      241664         1024          95.399    494927872    123731968
      241664         2048         176.650    989855744    247463936
      241664         4096        5269.473   1979711488    494927872
      265216            1          35.447       530432       132608
      265216            2          14.487      1060864       265216
      265216            4          13.705      2121728       530432
      265216            8          14.317      4243456      1060864
      265216           16          15.830      8486912      2121728
      265216           32          15.799     16973824      4243456
      265216           64          17.562     33947648      8486912
      265216          128          20.989     67895296     16973824
      265216          256          37.240    135790592     33947648
      265216          512          43.622    271581184     67895296
      265216         1024          72.896    543162368    135790592
      265216         2048         134.101   1086324736    271581184
      265216         4096        5282.317   2172649472    543162368
      290816            1          38.061       581632       145408
      290816            2          13.836      1163264       290816
      290816            4          13.806      2326528       581632
      290816            8          14.747      4653056      1163264
      290816           16          16.010      9306112      2326528
      290816           32          15.659     18612224      4653056
      290816           64          19.807     37224448      9306112
      290816          128          23.273     74448896     18612224
      290816          256          32.952    148897792     37224448
      290816          512          52.008    297795584     74448896
      290816         1024         696.472    595591168    148897792
      290816         2048         172.312   1191182336    297795584
      290816         4096        5384.708   2382364672    595591168
      319488            1          33.452       638976       159744
      319488            2          13.445      1277952       319488
      319488            4          13.705      2555904       638976
      319488            8          14.948      5111808      1277952
      319488           16          15.268     10223616      2555904
      319488           32          15.909     20447232      5111808
      319488           64          18.325     40894464     10223616
      319488          128          25.638     81788928     20447232
      319488          256          41.749    163577856     40894464
      319488          512          67.275    327155712     81788928
      319488         1024         119.544    654311424    163577856
      319488         2048         183.714   1308622848    327155712
      319488         4096        5343.000   2617245696    654311424
      351232            1          36.187       702464       175616
      351232            2          13.816      1404928       351232
      351232            4          14.507      2809856       702464
      351232            8          14.817      5619712      1404928
      351232           16          14.978     11239424      2809856
      351232           32          15.699     22478848      5619712
      351232           64          18.504     44957696     11239424
      351232          128          23.514     89915392     22478848
      351232          256          33.292    179830784     44957696
      351232          512          52.367    359661568     89915392
      351232         1024          92.603    719323136    179830784
      351232         2048        5166.931   1438646272    359661568
      386048            1          39.855       772096       193024
      386048            2          16.170      1544192       386048
      386048            4          14.086      3088384       772096
      386048            8          14.397      6176768      1544192
      386048           16          14.827     12353536      3088384
      386048           32          26.199     24707072      6176768
      386048           64          20.218     49414144     12353536
      386048          128          24.836     98828288     24707072
      386048          256          37.531    197656576     49414144
      386048          512          62.727    395313152     98828288
      386048         1024         111.438    790626304    197656576
      386048         2048        5183.501   1581252608    395313152
      423936            1          34.394       847872       211968
      423936            2          13.946      1695744       423936
      423936            4          14.367      3391488       847872
      423936            8          14.376      6782976      1695744
      423936           16          15.278     13565952      3391488
      423936           32          16.941     27131904      6782976
      423936           64          20.198     54263808     13565952
      423936          128          25.618    108527616     27131904
      423936          256          38.452    217055232     54263808
      423936          512          61.585    434110464    108527616
      423936         1024         145.101    868220928    217055232
      423936         2048        5186.597   1736441856    434110464
      465920            1          34.264       931840       232960
      465920            2          15.278      1863680       465920
      465920            4          14.126      3727360       931840
      465920            8          14.617      7454720      1863680
      465920           16          16.881     14909440      3727360
      465920           32          17.773     29818880      7454720
      465920           64          20.228     59637760     14909440
      465920          128          26.870    119275520     29818880
      465920          256          44.343    238551040     59637760
      465920          512          80.490    477102080    119275520
      465920         1024         120.075    954204160    238551040
      465920         2048        5231.120   1908408320    477102080
      512000            1          37.379      1024000       256000
      512000            2          15.149      2048000       512000
      512000            4          16.430      4096000      1024000
      512000            8          14.837      8192000      2048000
      512000           16          15.790     16384000      4096000
      512000           32          17.482     32768000      8192000
      512000           64          20.608     65536000     16384000
      512000          128          27.742    131072000     32768000
      512000          256          42.880    262144000     65536000
      512000          512          71.835    524288000    131072000
      512000         1024         132.858   1048576000    262144000
      512000         2048        5241.790   2097152000    524288000
      563200            1          38.732      1126400       281600
      563200            2          15.449      2252800       563200
      563200            4          14.327      4505600      1126400
      563200            8          14.878      9011200      2252800
      563200           16          16.310     18022400      4505600
      563200           32          17.793     36044800      9011200
      563200           64          22.272     72089600     18022400
      563200          128          29.595    144179200     36044800
      563200          256          45.716    288358400     72089600
      563200          512          77.985    576716800    144179200
      563200         1024         143.608   1153433600    288358400
      563200         2048        5244.886   2306867200    576716800
      619520            1          38.411      1239040       309760
      619520            2          14.317      2478080       619520
      619520            4          14.597      4956160      1239040
      619520            8          15.028      9912320      2478080
      619520           16          15.689     19824640      4956160
      619520           32          17.673     39649280      9912320
      619520           64          22.141     79298560     19824640
      619520          128          31.338    158597120     39649280
      619520          256          50.034    317194240     79298560
      619520          512          84.418    634388480    158597120
      619520         1024         170.810   1268776960    317194240
      619520         2048        5270.685   2537553920    634388480
      680960            1          37.089      1361920       340480
      680960            2          14.296      2723840       680960
      680960            4          14.257      5447680      1361920
      680960            8          15.399     10895360      2723840
      680960           16          16.541     21790720      5447680
      680960           32          20.859     43581440     10895360
      680960           64          26.199     87162880     21790720
      680960          128          33.092    174325760     43581440
      680960          256          54.402    348651520     87162880
      680960          512          94.546    697303040    174325760
      680960         1024        5175.177   1394606080    348651520
      748544            1          39.835      1497088       374272
      748544            2          14.427      2994176       748544
      748544            4          14.697      5988352      1497088
      748544            8          15.720     11976704      2994176
      748544           16          16.311     23953408      5988352
      748544           32          18.775     47906816     11976704
      748544           64          24.426     95813632     23953408
      748544          128          35.166    191627264     47906816
      748544          256          55.985    383254528     95813632
      748544          512          99.807    766509056    191627264
      748544         1024        5151.792   1533018112    383254528
      823296            1          44.022      1646592       411648
      823296            2          14.627      3293184       823296
      823296            4          14.567      6586368      1646592
      823296            8          16.771     13172736      3293184
      823296           16          16.651     26345472      6586368
      823296           32          19.797     52690944     13172736
      823296           64          25.147    105381888     26345472
      823296          128          37.319    210763776     52690944
      823296          256          60.693    421527552    105381888
      823296          512         107.571    843055104    210763776
      823296         1024        5198.920   1686110208    421527552
      905216            1          40.666      1810432       452608
      905216            2          14.357      3620864       905216
      905216            4          14.637      7241728      1810432
      905216            8          15.950     14483456      3620864
      905216           16          17.793     28966912      7241728
      905216           32          20.429     57933824     14483456
      905216           64          26.420    115867648     28966912
      905216          128          38.893    231735296     57933824
      905216          256          64.791    463470592    115867648
      905216          512         119.424    926941184    231735296
      905216         1024        5206.054   1853882368    463470592
      995328            1          46.838      1990656       497664
      995328            2          14.157      3981312       995328
      995328            4          15.338      7962624      1990656
      995328            8          15.909     15925248      3981312
      995328           16          31.048     31850496      7962624
      995328           32          22.142     63700992     15925248
      995328           64          30.878    127401984     31850496
      995328          128          41.818    254803968     63700992
      995328          256          69.340    509607936    127401984
      995328          512         129.642   1019215872    254803968
      995328         1024        5198.269   2038431744    509607936
     1094656            1          33.112      2189312       547328
     1094656            2          14.286      4378624      1094656
     1094656            4          15.038      8757248      2189312
     1094656            8          16.180     17514496      4378624
     1094656           16          18.445     35028992      8757248
     1094656           32          22.983     70057984     17514496
     1094656           64          31.269    140115968     35028992
     1094656          128          45.525    280231936     70057984
     1094656          256          75.070    560463872    140115968
     1094656          512         146.494   1120927744    280231936
     1094656         1024        5276.115   2241855488    560463872
     1203200            1          44.944      2406400       601600
     1203200            2          14.697      4812800      1203200
     1203200            4          15.429      9625600      2406400
     1203200            8          16.521     19251200      4812800
     1203200           16          19.466     38502400      9625600
     1203200           32          22.873     77004800     19251200
     1203200           64          31.259    154009600     38502400
     1203200          128          49.833    308019200     77004800
     1203200          256          83.286    616038400    154009600
     1203200          512         163.736   1232076800    308019200
     1203200         1024        5309.277   2464153600    616038400
     1323008            1          41.638      2646016       661504
     1323008            2          16.170      5292032      1323008
     1323008            4          15.780     10584064      2646016
     1323008            8          16.672     21168128      5292032
     1323008           16          19.346     42336256     10584064
     1323008           32          23.003     84672512     21168128
     1323008           64          32.230    169345024     42336256
     1323008          128          51.346    338690048     84672512
     1323008          256          87.153    677380096    169345024
     1323008          512         161.902   1354760192    338690048
     1323008         1024        5330.096   2709520384    677380096
     1455104            1          54.242      2910208       727552
     1455104            2          14.747      5820416      1455104
     1455104            4          16.211     11640832      2910208
     1455104            8          18.665     23281664      5820416
     1455104           16          24.756     46563328     11640832
     1455104           32          37.380     93126656     23281664
     1455104           64          63.348    186253312     46563328
     1455104          128         115.155    372506624     93126656
     1455104          256         218.618    745013248    186253312
     1455104          512        5279.050   1490026496    372506624
     1600512            1          45.284      3201024       800256
     1600512            2          15.689      6402048      1600512
     1600512            4          15.759     12804096      3201024
     1600512            8          17.052     25608192      6402048
     1600512           16          20.489     51216384     12804096
     1600512           32          25.307    102432768     25608192
     1600512           64          36.738    204865536     51216384
     1600512          128          58.600    409731072    102432768
     1600512          256         104.225    819462144    204865536
     1600512          512        5167.402   1638924288    409731072
     1760256            1          52.588      3520512       880128
     1760256            2          15.559      7041024      1760256
     1760256            4          16.130     14082048      3520512
     1760256            8          17.683     28164096      7041024
     1760256           16          20.478     56328192     14082048
     1760256           32          27.030    112656384     28164096
     1760256           64          41.016    225312768     56328192
     1760256          128          75.571    450625536    112656384
     1760256          256         117.780    901251072    225312768
     1760256          512        5187.119   1802502144    450625536
     1935360            1          55.304      3870720       967680
     1935360            2          17.343      7741440      1935360
     1935360            4          16.451     15482880      3870720
     1935360            8          20.869     30965760      7741440
     1935360           16          21.070     61931520     15482880
     1935360           32          28.354    123863040     30965760
     1935360           64          42.008    247726080     61931520
     1935360          128          80.200    495452160    123863040
     1935360          256         127.579    990904320    247726080
     1935360          512        5315.819   1981808640    495452160
     2128896            1          48.420      4257792      1064448
     2128896            2          16.721      8515584      2128896
     2128896            4          16.942     17031168      4257792
     2128896            8          19.787     34062336      8515584
     2128896           16          22.081     68124672     17031168
     2128896           32          30.898    136249344     34062336
     2128896           64          44.914    272498688     68124672
     2128896          128          74.639    544997376    136249344
     2128896          256         148.378   1089994752    272498688
     2128896          512        5242.181   2179989504    544997376
     2340864            1          51.236      4681728      1170432
     2340864            2          16.020      9363456      2340864
     2340864            4          17.433     18726912      4681728
     2340864            8          19.166     37453824      9363456
     2340864           16          25.487     74907648     18726912
     2340864           32          30.146    149815296     37453824
     2340864           64          47.278    299630592     74907648
     2340864          128          81.813    599261184    149815296
     2340864          256         144.751   1198522368    299630592
     2340864          512        5295.261   2397044736    599261184
     2574336            1          55.263      5148672      1287168
     2574336            2          15.769     10297344      2574336
     2574336            4          17.202     20594688      5148672
     2574336            8          19.697     41189376     10297344
     2574336           16          26.940     82378752     20594688
     2574336           32          32.140    164757504     41189376
     2574336           64          49.993    329515008     82378752
     2574336          128          86.582    659030016    164757504
     2574336          256         162.153   1318060032    329515008
     2574336          512        5312.743   2636120064    659030016
     2831360            1          67.396      5662720      1415680
     2831360            2          16.280     11325440      2831360
     2831360            4          17.743     22650880      5662720
     2831360            8          21.290     45301760     11325440
     2831360           16          25.147     90603520     22650880
     2831360           32          38.612    181207040     45301760
     2831360           64          59.271    362414080     90603520
     2831360          128          97.974    724828160    181207040
     2831360          256        5140.141   1449656320    362414080
     3113984            1          59.582      6227968      1556992
     3113984            2          16.631     12455936      3113984
     3113984            4          20.217     24911872      6227968
     3113984            8          20.829     49823744     12455936
     3113984           16          26.089     99647488     24911872
     3113984           32          36.669    199294976     49823744
     3113984           64          59.301    398589952     99647488
     3113984          128         101.830    797179904    199294976
     3113984          256        5171.449   1594359808    398589952
     3425280            1          59.361      6850560      1712640
     3425280            2          18.384     13701120      3425280
     3425280            4          18.564     27402240      6850560
     3425280            8          21.811     54804480     13701120
     3425280           16          30.327    109608960     27402240
     3425280           32          42.991    219217920     54804480
     3425280           64          63.940    438435840    109608960
     3425280          128         110.987    876871680    219217920
     3425280          256        5188.431   1753743360    438435840
     3767296            1          65.943      7534592      1883648
     3767296            2          17.944     15069184      3767296
     3767296            4          18.925     30138368      7534592
     3767296            8          22.362     60276736     15069184
     3767296           16          29.144    120553472     30138368
     3767296           32          42.520    241106944     60276736
     3767296           64          68.508    482213888    120553472
     3767296          128         124.442    964427776    241106944
     3767296          256        5221.642   1928855552    482213888
     4143104            1          61.615      8286208      2071552
     4143104            2          18.725     16572416      4143104
     4143104            4          20.549     33144832      8286208
     4143104            8          23.333     66289664     16572416
     4143104           16          30.928    132579328     33144832
     4143104           32          44.363    265158656     66289664
     4143104           64          73.717    530317312    132579328
     4143104          128         142.746   1060634624    265158656
     4143104          256        5247.631   2121269248    530317312
     4556800            1          45.826      9113600      2278400
     4556800            2          17.883     18227200      4556800
     4556800            4          20.629     36454400      9113600
     4556800            8          27.581     72908800     18227200
     4556800           16          38.852    145817600     36454400
     4556800           32          84.889    291635200     72908800
     4556800           64          96.871    583270400    145817600
     4556800          128         177.201   1166540800    291635200
     4556800          256        5363.929   2333081600    583270400
     5012480            1          73.567     10024960      2506240
     5012480            2          18.886     20049920      5012480
     5012480            4          22.202     40099840     10024960
     5012480            8          27.641     80199680     20049920
     5012480           16          37.640    160399360     40099840
     5012480           32          73.217    320798720     80199680
     5012480           64         104.716    641597440    160399360
     5012480          128         196.037   1283194880    320798720
     5012480          256        5397.502   2566389760    641597440
     5513216            1          75.521     11026432      2756608
     5513216            2          19.827     22052864      5513216
     5513216            4          22.221     44105728     11026432
     5513216            8          29.034     88211456     22052864
     5513216           16          41.839    176422912     44105728
     5513216           32          65.171    352845824     88211456
     5513216           64         115.837    705691648    176422912
     5513216          128        5178.362   1411383296    352845824
     6064128            1          80.861     12128256      3032064
     6064128            2          21.480     24256512      6064128
     6064128            4          23.344     48513024     12128256
     6064128            8          31.268     97026048     24256512
     6064128           16          47.729    194052096     48513024
     6064128           32          73.879    388104192     97026048
     6064128           64         130.464    776208384    194052096
     6064128          128        5207.547   1552416768    388104192
     6670336            1          86.662     13340672      3335168
     6670336            2          22.402     26681344      6670336
     6670336            4          25.608     53362688     13340672
     6670336            8          31.700    106725376     26681344
     6670336           16          48.621    213450752     53362688
     6670336           32          79.198    426901504    106725376
     6670336           64         142.316    853803008    213450752
     6670336          128        5220.941   1707606016    426901504
     7336960            1          84.538     14673920      3668480
     7336960            2          22.372     29347840      7336960
     7336960            4          25.498     58695680     14673920
     7336960            8          48.370    117391360     29347840
     7336960           16          53.080    234782720     58695680
     7336960           32          85.309    469565440    117391360
     7336960           64         154.829    939130880    234782720
     7336960          128        5268.851   1878261760    469565440
     8070144            1         103.553     16140288      4035072
     8070144            2          21.420     32280576      8070144
     8070144            4          26.630     64561152     16140288
     8070144            8          35.156    129122304     32280576
     8070144           16          53.450    258244608     64561152
     8070144           32          96.560    516489216    129122304
     8070144           64         177.762   1032978432    258244608
     8070144          128        5265.956   2065956864    516489216
     8877056            1          90.580     17754112      4438528
     8877056            2          23.784     35508224      8877056
     8877056            4          28.794     71016448     17754112
     8877056            8          38.361    142032896     35508224
     8877056           16          60.383    284065792     71016448
     8877056           32         101.049    568131584    142032896
     8877056           64         197.729   1136263168    284065792
     8877056          128        5345.745   2272526336    568131584
     9763840            1         104.896     19527680      4881920
     9763840            2          24.806     39055360      9763840
     9763840            4          29.445     78110720     19527680
     9763840            8          41.368    156221440     39055360
     9763840           16          65.412    312442880     78110720
     9763840           32         110.166    624885760    156221440
     9763840           64         214.881   1249771520    312442880
     9763840          128        5318.353   2499543040    624885760
    10739712            1         118.091     21479424      5369856
    10739712            2          29.626     42958848     10739712
    10739712            4          31.208     85917696     21479424
    10739712            8          43.922    171835392     42958848
    10739712           16          70.933    343670784     85917696
    10739712           32         120.465    687341568    171835392
    10739712           64        5190.314   1374683136    343670784
    11812864            1         122.038     23625728      5906432
    11812864            2          24.917     47251456     11812864
    11812864            4          37.130     94502912     23625728
    11812864            8          46.757    189005824     47251456
    11812864           16          71.343    378011648     94502912
    11812864           32         128.841    756023296    189005824
    11812864           64        5154.578   1512046592    378011648
    12993536            1         123.461     25987072      6496768
    12993536            2          26.720     51974144     12993536
    12993536            4          33.793    103948288     25987072
    12993536            8          50.114    207896576     51974144
    12993536           16          85.550    415793152    103948288
    12993536           32         134.742    831586304    207896576
    12993536           64        5180.195   1663172608    415793152
    14291968            1         141.685     28583936      7145984
    14291968            2          29.916     57167872     14291968
    14291968            4          37.651    114335744     28583936
    14291968            8          54.051    228671488     57167872
    14291968           16          88.596    457342976    114335744
    14291968           32         154.970    914685952    228671488
    14291968           64        5218.227   1829371904    457342976
    15720448            1         148.638     31440896      7860224
    15720448            2          31.258     62881792     15720448
    15720448            4          45.775    125763584     31440896
    15720448            8          58.069    251527168     62881792
    15720448           16          94.737    503054336    125763584
    15720448           32         170.719   1006108672    251527168
    15720448           64        5278.640   2012217344    503054336
    17292288            1         161.562     34584576      8646144
    17292288            2          35.707     69169152     17292288
    17292288            4          40.175    138338304     34584576
    17292288            8          63.799    276676608     69169152
    17292288           16          96.991    553353216    138338304
    17292288           32         182.130   1106706432    276676608
    17292288           64        5256.158   2213412864    553353216
    19020800            1         170.990     38041600      9510400
    19020800            2          37.310     76083200     19020800
    19020800            4          52.668    152166400     38041600
    19020800            8          69.109    304332800     76083200
    19020800           16         111.999    608665600    152166400
    19020800           32         200.996   1217331200    304332800
    19020800           64        5306.221   2434662400    608665600
    20922368            1         191.438     41844736     10461184
    20922368            2          41.658     83689472     20922368
    20922368            4          56.235    167378944     41844736
    20922368            8          74.209    334757888     83689472
    20922368           16         125.104    669515776    167378944
    20922368           32         219.730   1339031552    334757888
    20922368           64        5324.665   2678063104    669515776
    23014400            1         204.382     46028800     11507200
    23014400            2          48.491     92057600     23014400
    23014400            4          60.994    184115200     46028800
    23014400            8          79.720    368230400     92057600
    23014400           16         125.324    736460800    184115200
    23014400           32        5113.751   1472921600    368230400
    25315328            1         219.119     50630656     12657664
    25315328            2          57.277    101261312     25315328
    25315328            4          53.520    202522624     50630656
    25315328            8          85.440    405045248    101261312
    25315328           16         140.122    810090496    202522624
    25315328           32        5228.255   1620180992    405045248
    27846656            1         244.257     55693312     13923328
    27846656            2          74.078    111386624     27846656
    27846656            4          60.614    222773248     55693312
    27846656            8          93.776    445546496    111386624
    27846656           16         159.177    891092992    222773248
    27846656           32        5163.314   1782185984    445546496
    30630912            1         254.706     61261824     15315456
    30630912            2          79.128    122523648     30630912
    30630912            4          67.527    245047296     61261824
    30630912            8         101.710    490094592    122523648
    30630912           16         173.024    980189184    245047296
    30630912           32        5170.948   1960378368    490094592
    33693696            1         790.708     67387392     16846848
    33693696            2          92.172    134774784     33693696
    33693696            4          83.516    269549568     67387392
    33693696            8         112.290    539099136    134774784
    33693696           16         196.177   1078198272    269549568
    33693696           32        5266.316   2156396544    539099136
    37062656            1         307.575     74125312     18531328
    37062656            2          99.506    148250624     37062656
    37062656            4          76.703    296501248     74125312
    37062656            8         115.556    593002496    148250624
    37062656           16         199.713   1186004992    296501248
    37062656           32        5263.170   2372009984    593002496
    40768512            1         366.184     81537024     20384256
    40768512            2         117.369    163074048     40768512
    40768512            4          78.216    326148096     81537024
    40768512            8         126.486    652296192    163074048
    40768512           16         219.811   1304592384    326148096
    40768512           32        5193.631   2609184768    652296192
    44845056            1         349.874     89690112     22422528
    44845056            2         138.068    179380224     44845056
    44845056            4         102.892    358760448     89690112
    44845056            8         154.659    717520896    179380224
    44845056           16        5095.908   1435041792    358760448
    49329152            1         410.086     98658304     24664576
    49329152            2         150.170    197316608     49329152
    49329152            4         131.626    394633216     98658304
    49329152            8         187.100    789266432    197316608
    49329152           16        5205.563   1578532864    394633216
    54261760            1         424.654    108523520     27130880
    54261760            2         142.336    217047040     54261760
    54261760            4         107.371    434094080    108523520
    54261760            8         174.326    868188160    217047040
    54261760           16        5065.250   1736376320    434094080
    59687936            1         491.428    119375872     29843968
    59687936            2         152.344    238751744     59687936
    59687936            4         128.811    477503488    119375872
    59687936            8         203.891    955006976    238751744
    59687936           16        5029.534   1910013952    477503488
    65655808            1         521.916    131311616     32827904
    65655808            2         155.360    262623232     65655808
    65655808            4         118.612    525246464    131311616
    65655808            8         190.897   1050492928    262623232
    65655808           16        5029.644   2100985856    525246464
    72220672            1         580.245    144441344     36110336
    72220672            2         181.840    288882688     72220672
    72220672            4         161.842    577765376    144441344
    72220672            8         259.044   1155530752    288882688
    72220672           16        5052.657   2311061504    577765376
    79441920            1         622.433    158883840     39720960
    79441920            2         196.437    317767680     79441920
    79441920            4         157.574    635535360    158883840
    79441920            8         259.646   1271070720    317767680
    79441920           16        5096.849   2542141440    635535360
    87386112            1         685.672    174772224     43693056
    87386112            2         286.556    349544448     87386112
    87386112            4         337.080    699088896    174772224
    87386112            8        5038.691   1398177792    349544448
    96123904            1         760.271    192247808     48061952
    96123904            2         214.891    384495616     96123904
    96123904            4         264.384    768991232    192247808
    96123904            8        4967.377   1537982464    384495616
   105736192            1        1274.493    211472384     52868096
   105736192            2         328.564    422944768    105736192
   105736192            4         430.485    845889536    211472384
   105736192            8        5142.605   1691779072    422944768
   116308992            1         897.057    232617984     58154496
   116308992            2         253.894    465235968    116308992
   116308992            4         248.745    930471936    232617984
   116308992            8        4905.492   1860943872    465235968
   127939584            1         986.284    255879168     63969792
   127939584            2         284.592    511758336    127939584
   127939584            4         313.826   1023516672    255879168
   127939584            8        4875.606   2047033344    511758336
   140733440            1        1060.223    281466880     70366720
   140733440            2         297.486    562933760    140733440
   140733440            4         337.040   1125867520    281466880
   140733440            8        5059.910   2251735040    562933760
   154806272            1        1178.083    309612544     77403136
   154806272            2         319.016    619225088    154806272
   154806272            4         336.028   1238450176    309612544
   154806272            8        4911.272   2476900352    619225088
   170286080            1        1304.670    340572160     85143040
   170286080            2         313.135    681144320    170286080
   170286080            4        4595.212   1362288640    340572160
   187314176            1        1411.439    374628352     93657088
   187314176            2         352.629    749256704    187314176
   187314176            4        4614.918   1498513408    374628352
   206045184            1        1560.298    412090368    103022592
   206045184            2         430.826    824180736    206045184
   206045184            4        4624.065   1648361472    412090368
   226649088            1        2179.084    453298176    113324544
   226649088            2         648.512    906596352    226649088
   226649088            4        4987.495   1813192704    453298176
   249313280            1        1855.739    498626560    124656640
   249313280            2         699.598    997253120    249313280
   249313280            4        4632.230   1994506240    498626560
   274244608            1        2041.657    548489216    137122304
   274244608            2         919.399   1096978432    274244608
   274244608            4        4682.144   2193956864    548489216
   301668352            1        2243.133    603336704    150834176
   301668352            2        1964.703   1206673408    301668352
   301668352            4        5412.029   2413346816    603336704
   331834368            1        2490.176    663668736    165917184
   331834368            2        2319.096   1327337472    331834368
   331834368            4        5917.384   2654674944    663668736
   365017088            1        2709.936    730034176    182508544
   365017088            2        6455.210   1460068352    365017088
   401518592            1        2979.621    803037184    200759296
   401518592            2        6932.261   1606074368    401518592
   441669632            1        3333.012    883339264    220834816
   441669632            2        7054.420   1766678528    441669632
   485835776            1        3601.945    971671552    242917888
   485835776            2        7390.428   1943343104    485835776
   534418432            1        3994.900   1068836864    267209216
   534418432            2        7973.969   2137673728    534418432
   587859968            1        4356.646   1175719936    293929984
   587859968            2        9788.241   2351439872    587859968
   646645760            1        4777.252   1293291520    323322880
   646645760            2       12223.204   2586583040    646645760
   711310336            1        9895.121   1422620672    355655168
   782440448            1       10490.434   1564880896    391220224
   860684288            1       11272.826   1721368576    430342144
   946752512            1       11865.786   1893505024    473376256
  1041427456            1       12624.894   2082854912    520713728
  1145569280            1       13409.091   2291138560    572784640
  1260126208            1        9278.027   2520252416    630063104

META_DATA
FLOPS          4
MPI_PROCS      64
OPENMP_THREADS 2
ERT_VERSION  1.1.0
HOSTNAME  ('tcn46.local.snellius.surf.nl', [], ['172.18.56.56'])
UNAME  uname_result(system='Linux', node='tcn46.local.snellius.surf.nl', release='4.18.0-372.80.1.el8_6.x86_64', version='#1 SMP Fri Nov 3 14:30:16 EDT 2023', machine='x86_64', processor='x86_64')
TIMESTAMP_DATA  1707385241.4022675
CONFIG  {'ERT_RESULTS': ['Results.snellius.01'], 'ERT_DRIVER': ['driver1'], 'ERT_KERNEL': ['kernel1'], 'ERT_MPI': ['True'], 'ERT_MPI_CFLAGS': [], 'ERT_MPI_LDFLAGS': [], 'ERT_OPENMP': ['True'], 'ERT_OPENMP_CFLAGS': ['-fopenmp'], 'ERT_OPENMP_LDFLAGS': ['-fopenmp'], 'ERT_FLOPS': ['1,2,4,8,16'], 'ERT_ALIGN': ['32'], 'ERT_CC': ['mpic++'], 'ERT_CFLAGS': ['-Ofast', '-fargument-noalias', '-mavx2'], 'ERT_LD': ['mpic++'], 'ERT_LDFLAGS': [], 'ERT_LDLIBS': [], 'ERT_RUN': ['export', 'OMP_NUM_THREADS=ERT_OPENMP_THREADS;', 'mpirun', '-np', 'ERT_MPI_PROCS', 'ERT_CODE'], 'ERT_PROCS_THREADS': ['32,64,128'], 'ERT_MPI_PROCS': ['32,64,128'], 'ERT_OPENMP_THREADS': ['1,2,4,8'], 'ERT_NUM_EXPERIMENTS': ['5'], 'ERT_MEMORY_MAX': ['1357905920'], 'ERT_WORKING_SET_MIN': ['1'], 'ERT_TRIALS_MIN': ['1'], 'ERT_GNUPLOT': ['gnuplot'], 'ERT_GPU': [False], 'ERT_HIP': [False], 'ERT_PRECISION': ['FP64'], 'ERT_OCL': [False], 'ERT_SYCL': [False], 'ERT_WSS_MULT': [1.1]}
