fp64
        1024            1        1067.596         2048          512
        1024            2          14.287         4096         1024
        1024            4          23.093         8192         2048
        1024            8          15.389        16384         4096
        1024           16          14.146        32768         8192
        1024           32          14.437        65536        16384
        1024           64          14.648       131072        32768
        1024          128          17.272       262144        65536
        1024          256          16.360       524288       131072
        1024          512          19.336      1048576       262144
        1024         1024          33.042      2097152       524288
        1024         2048          34.896      4194304      1048576
        1024         4096          53.440      8388608      2097152
        1024         8192          93.304     16777216      4194304
        1024        16384         167.784     33554432      8388608
        1024        32768         326.610     67108864     16777216
        1024        65536         635.068    134217728     33554432
        1024       131072        1240.930    268435456     67108864
        1024       262144        2463.476    536870912    134217728
        1024       524288        4910.872   1073741824    268435456
        1024      1048576       14722.116   2147483648    536870912
        2048            1        1839.860         4096         1024
        2048            2          15.249         8192         2048
        2048            4          13.765        16384         4096
        2048            8          14.217        32768         8192
        2048           16          14.366        65536        16384
        2048           32          15.519       131072        32768
        2048           64          14.527       262144        65536
        2048          128          16.230       524288       131072
        2048          256          17.663      1048576       262144
        2048          512          18.675      2097152       524288
        2048         1024          24.085      4194304      1048576
        2048         2048          32.971      8388608      2097152
        2048         4096          51.406     16777216      4194304
        2048         8192          88.375     33554432      8388608
        2048        16384         159.649     67108864     16777216
        2048        32768         313.305    134217728     33554432
        2048        65536         601.003    268435456     67108864
        2048       131072        1197.249    536870912    134217728
        2048       262144        2360.754   1073741824    268435456
        2048       524288        9712.840   2147483648    536870912
        3072            1          31.840         6144         1536
        3072            2          14.768        12288         3072
        3072            4          19.386        24576         6144
        3072            8          14.156        49152        12288
        3072           16          14.938        98304        24576
        3072           32          14.216       196608        49152
        3072           64          13.966       393216        98304
        3072          128          14.327       786432       196608
        3072          256          15.560      1572864       393216
        3072          512          17.733      3145728       786432
        3072         1024          22.361      6291456      1572864
        3072         2048          32.130     12582912      3145728
        3072         4096          51.877     25165824      6291456
        3072         8192          89.918     50331648     12582912
        3072        16384         166.130    100663296     25165824
        3072        32768         317.604    201326592     50331648
        3072        65536         631.191    402653184    100663296
        3072       131072        1236.913    805306368    201326592
        3072       262144        7486.187   1610612736    402653184
        4096            1          31.258         8192         2048
        4096            2          13.485        16384         4096
        4096            4          13.646        32768         8192
        4096            8          13.365        65536        16384
        4096           16          13.957       131072        32768
        4096           32          13.235       262144        65536
        4096           64          13.766       524288       131072
        4096          128          13.736      1048576       262144
        4096          256          15.168      2097152       524288
        4096          512          17.593      4194304      1048576
        4096         1024          22.482      8388608      2097152
        4096         2048          32.100     16777216      4194304
        4096         4096          51.366     33554432      8388608
        4096         8192          89.407     67108864     16777216
        4096        16384         167.593    134217728     33554432
        4096        32768         326.681    268435456     67108864
        4096        65536         626.160    536870912    134217728
        4096       131072        1244.617   1073741824    268435456
        4096       262144        7602.754   2147483648    536870912
        5120            1        1487.471        10240         2560
        5120            2          14.888        20480         5120
        5120            4          13.595        40960        10240
        5120            8          13.756        81920        20480
        5120           16          13.315       163840        40960
        5120           32          13.826       327680        81920
        5120           64          14.377       655360       163840
        5120          128          14.938      1310720       327680
        5120          256          15.769      2621440       655360
        5120          512          18.334      5242880      1310720
        5120         1024          23.053     10485760      2621440
        5120         2048          34.194     20971520      5242880
        5120         4096          52.348     41943040     10485760
        5120         8192          95.739     83886080     20971520
        5120        16384         167.243    167772160     41943040
        5120        32768         331.019    335544320     83886080
        5120        65536         626.692    671088640    167772160
        5120       131072        1247.944   1342177280    335544320
        5120       262144        7456.511   2684354560    671088640
        6144            1          31.820        12288         3072
        6144            2          14.027        24576         6144
        6144            4          13.395        49152        12288
        6144            8          16.120        98304        24576
        6144           16          14.858       196608        49152
        6144           32          13.606       393216        98304
        6144           64          14.007       786432       196608
        6144          128          14.597      1572864       393216
        6144          256          15.890      3145728       786432
        6144          512          18.244      6291456      1572864
        6144         1024          22.713     12582912      3145728
        6144         2048          33.002     25165824      6291456
        6144         4096          51.987     50331648     12582912
        6144         8192          96.891    100663296     25165824
        6144        16384         169.637    201326592     50331648
        6144        32768         318.776    402653184    100663296
        6144        65536         634.416    805306368    201326592
        6144       131072        6259.092   1610612736    402653184
        7168            1          35.165        14336         3584
        7168            2          16.651        28672         7168
        7168            4          12.874        57344        14336
        7168            8          13.576       114688        28672
        7168           16          14.116       229376        57344
        7168           32          13.295       458752       114688
        7168           64          14.237       917504       229376
        7168          128          14.818      1835008       458752
        7168          256          15.549      3670016       917504
        7168          512          18.725      7340032      1835008
        7168         1024          23.454     14680064      3670016
        7168         2048          32.310     29360128      7340032
        7168         4096          51.095     58720256     14680064
        7168         8192          98.955    117440512     29360128
        7168        16384         170.368    234881024     58720256
        7168        32768         325.017    469762048    117440512
        7168        65536         635.629    939524096    234881024
        7168       131072        6221.533   1879048192    469762048
        8192            1          33.002        16384         4096
        8192            2          14.066        32768         8192
        8192            4          14.467        65536        16384
        8192            8          13.746       131072        32768
        8192           16          14.777       262144        65536
        8192           32          13.626       524288       131072
        8192           64          13.565      1048576       262144
        8192          128          14.177      2097152       524288
        8192          256          15.489      4194304      1048576
        8192          512          18.144      8388608      2097152
        8192         1024          23.263     16777216      4194304
        8192         2048          33.282     33554432      8388608
        8192         4096          53.260     67108864     16777216
        8192         8192          93.164    134217728     33554432
        8192        16384         186.068    268435456     67108864
        8192        32768         332.942    536870912    134217728
        8192        65536         655.796   1073741824    268435456
        8192       131072        6301.001   2147483648    536870912
        9216            1          44.183        18432         4608
        9216            2          13.125        36864         9216
        9216            4          14.177        73728        18432
        9216            8          13.456       147456        36864
        9216           16          13.445       294912        73728
        9216           32          13.375       589824       147456
        9216           64          13.766      1179648       294912
        9216          128          14.647      2359296       589824
        9216          256          15.689      4718592      1179648
        9216          512          18.054      9437184      2359296
        9216         1024          23.734     18874368      4718592
        9216         2048          33.783     37748736      9437184
        9216         4096          53.810     75497472     18874368
        9216         8192          94.537    150994944     37748736
        9216        16384         181.228    301989888     75497472
        9216        32768         333.744    603979776    150994944
        9216        65536         659.302   1207959552    301989888
        9216       131072        6394.646   2415919104    603979776
       10240            1          33.352        20480         5120
       10240            2          12.844        40960        10240
       10240            4          13.545        81920        20480
       10240            8          13.405       163840        40960
       10240           16          13.515       327680        81920
       10240           32          13.836       655360       163840
       10240           64          13.735      1310720       327680
       10240          128          14.407      2621440       655360
       10240          256          16.621      5242880      1310720
       10240          512          21.661     10485760      2621440
       10240         1024          25.698     20971520      5242880
       10240         2048          37.009     41943040     10485760
       10240         4096          54.562     83886080     20971520
       10240         8192         104.806    167772160     41943040
       10240        16384         172.072    335544320     83886080
       10240        32768         330.278    671088640    167772160
       10240        65536         658.371   1342177280    335544320
       10240       131072        6286.564   2684354560    671088640
       11264            1          37.580        22528         5632
       11264            2          14.517        45056        11264
       11264            4          13.375        90112        22528
       11264            8          13.565       180224        45056
       11264           16          14.346       360448        90112
       11264           32          13.365       720896       180224
       11264           64          13.967      1441792       360448
       11264          128          15.489      2883584       720896
       11264          256          16.020      5767168      1441792
       11264          512          22.071     11534336      2883584
       11264         1024          22.352     23068672      5767168
       11264         2048          34.355     46137344     11534336
       11264         4096          53.911     92274688     23068672
       11264         8192         104.746    184549376     46137344
       11264        16384         177.531    369098752     92274688
       11264        32768         332.291    738197504    184549376
       11264        65536        5680.160   1476395008    369098752
       12288            1          37.330        24576         6144
       12288            2          13.476        49152        12288
       12288            4          13.445        98304        24576
       12288            8          13.485       196608        49152
       12288           16          13.385       393216        98304
       12288           32          14.066       786432       196608
       12288           64          13.646      1572864       393216
       12288          128          14.236      3145728       786432
       12288          256          17.292      6291456      1572864
       12288          512          18.474     12582912      3145728
       12288         1024          23.665     25165824      6291456
       12288         2048          33.623     50331648     12582912
       12288         4096          53.981    100663296     25165824
       12288         8192          92.683    201326592     50331648
       12288        16384         172.973    402653184    100663296
       12288        32768         343.212    805306368    201326592
       12288        65536        5663.850   1610612736    402653184
       13312            1          52.809        26624         6656
       13312            2          13.795        53248        13312
       13312            4          14.167       106496        26624
       13312            8          14.317       212992        53248
       13312           16          13.606       425984       106496
       13312           32          13.745       851968       212992
       13312           64          13.806      1703936       425984
       13312          128          14.928      3407872       851968
       13312          256          15.619      6815744      1703936
       13312          512          17.943     13631488      3407872
       13312         1024          23.023     27262976      6815744
       13312         2048          35.977     54525952     13631488
       13312         4096          58.690    109051904     27262976
       13312         8192          92.634    218103808     54525952
       13312        16384         172.753    436207616    109051904
       13312        32768         343.612    872415232    218103808
       13312        65536        5626.429   1744830464    436207616
       14336            1          31.839        28672         7168
       14336            2          13.325        57344        14336
       14336            4          13.525       114688        28672
       14336            8          13.786       229376        57344
       14336           16          13.425       458752       114688
       14336           32          13.496       917504       229376
       14336           64          27.962      1835008       458752
       14336          128          15.559      3670016       917504
       14336          256          17.483      7340032      1835008
       14336          512          18.935     14680064      3670016
       14336         1024          23.434     29360128      7340032
       14336         2048          33.412     58720256     14680064
       14336         4096          53.309    117440512     29360128
       14336         8192          92.533    234881024     58720256
       14336        16384         176.580    469762048    117440512
       14336        32768         331.389    939524096    234881024
       14336        65536        5654.903   1879048192    469762048
       15360            1          41.758        30720         7680
       15360            2          13.255        61440        15360
       15360            4          14.738       122880        30720
       15360            8          13.325       245760        61440
       15360           16          13.395       491520       122880
       15360           32          14.988       983040       245760
       15360           64          13.495      1966080       491520
       15360          128          14.287      3932160       983040
       15360          256          15.359      7864320      1966080
       15360          512          18.515     15728640      3932160
       15360         1024          24.686     31457280      7864320
       15360         2048          34.103     62914560     15728640
       15360         4096          54.071    125829120     31457280
       15360         8192         103.714    251658240     62914560
       15360        16384         174.776    503316480    125829120
       15360        32768         338.914   1006632960    251658240
       15360        65536        5623.584   2013265920    503316480
       16384            1          41.217        32768         8192
       16384            2          13.866        65536        16384
       16384            4          13.315       131072        32768
       16384            8          15.499       262144        65536
       16384           16          15.199       524288       131072
       16384           32          15.258      1048576       262144
       16384           64          15.258      2097152       524288
       16384          128          16.270      4194304      1048576
       16384          256          16.210      8388608      2097152
       16384          512          20.278     16777216      4194304
       16384         1024          22.953     33554432      8388608
       16384         2048          33.132     67108864     16777216
       16384         4096          58.098    134217728     33554432
       16384         8192          94.487    268435456     67108864
       16384        16384         174.717    536870912    134217728
       16384        32768         343.582   1073741824    268435456
       16384        65536        5678.507   2147483648    536870912
       17408            1          44.363        34816         8704
       17408            2          13.586        69632        17408
       17408            4          13.234       139264        34816
       17408            8          15.249       278528        69632
       17408           16          12.824       557056       139264
       17408           32          13.436      1114112       278528
       17408           64          14.096      2228224       557056
       17408          128          14.447      4456448      1114112
       17408          256          16.902      8912896      2228224
       17408          512          17.923     17825792      4456448
       17408         1024          22.592     35651584      8912896
       17408         2048          33.983     71303168     17825792
       17408         4096          54.131    142606336     35651584
       17408         8192          98.264    285212672     71303168
       17408        16384         173.956    570425344    142606336
       17408        32768         338.714   1140850688    285212672
       17408        65536        5619.968   2281701376    570425344
       18432            1         100.929        36864         9216
       18432            2          12.784        73728        18432
       18432            4          14.818       147456        36864
       18432            8          13.456       294912        73728
       18432           16          13.596       589824       147456
       18432           32          14.447      1179648       294912
       18432           64          14.157      2359296       589824
       18432          128          15.229      4718592      1179648
       18432          256          15.619      9437184      2359296
       18432          512          18.134     18874368      4718592
       18432         1024          23.944     37748736      9437184
       18432         2048          51.126     75497472     18874368
       18432         4096          53.610    150994944     37748736
       18432         8192          94.496    301989888     75497472
       18432        16384         175.899    603979776    150994944
       18432        32768         342.370   1207959552    301989888
       18432        65536        5673.979   2415919104    603979776
       19456            1          37.440        38912         9728
       19456            2          14.176        77824        19456
       19456            4          13.355       155648        38912
       19456            8          13.575       311296        77824
       19456           16          13.616       622592       155648
       19456           32          13.275      1245184       311296
       19456           64          14.507      2490368       622592
       19456          128          14.307      4980736      1245184
       19456          256          15.950      9961472      2490368
       19456          512          20.819     19922944      4980736
       19456         1024          23.223     39845888      9961472
       19456         2048          33.843     79691776     19922944
       19456         4096          54.753    159383552     39845888
       19456         8192          94.076    318767104     79691776
       19456        16384         185.817    637534208    159383552
       19456        32768         340.396   1275068416    318767104
       19456        65536        5699.727   2550136832    637534208
       20480            1          42.820        40960        10240
       20480            2          13.696        81920        20480
       20480            4          13.355       163840        40960
       20480            8          13.395       327680        81920
       20480           16          15.038       655360       163840
       20480           32          14.597      1310720       327680
       20480           64          14.577      2621440       655360
       20480          128          15.319      5242880      1310720
       20480          256          17.382     10485760      2621440
       20480          512          19.135     20971520      5242880
       20480         1024          27.742     41943040     10485760
       20480         2048          36.328     83886080     20971520
       20480         4096          54.622    167772160     41943040
       20480         8192          95.269    335544320     83886080
       20480        16384         175.237    671088640    167772160
       20480        32768         346.148   1342177280    335544320
       20480        65536        5651.927   2684354560    671088640
       22528            1          32.631        45056        11264
       22528            2          13.636        90112        22528
       22528            4          13.876       180224        45056
       22528            8          24.576       360448        90112
       22528           16          14.237       720896       180224
       22528           32          14.377      1441792       360448
       22528           64          14.157      2883584       720896
       22528          128          15.940      5767168      1441792
       22528          256          16.391     11534336      2883584
       22528          512          19.226     23068672      5767168
       22528         1024          23.093     46137344     11534336
       22528         2048          33.994     92274688     23068672
       22528         4096          54.572    184549376     46137344
       22528         8192          95.619    369098752     92274688
       22528        16384         178.443    738197504    184549376
       22528        32768        5344.973   1476395008    369098752
       24576            1          45.095        49152        12288
       24576            2          14.037        98304        24576
       24576            4          13.055       196608        49152
       24576            8          14.487       393216        98304
       24576           16          14.467       786432       196608
       24576           32          13.525      1572864       393216
       24576           64          13.395      3145728       786432
       24576          128          14.397      6291456      1572864
       24576          256          15.569     12582912      3145728
       24576          512          18.564     25165824      6291456
       24576         1024          23.574     50331648     12582912
       24576         2048          33.793    100663296     25165824
       24576         4096          54.572    201326592     50331648
       24576         8192         100.628    402653184    100663296
       24576        16384         182.421    805306368    201326592
       24576        32768        5331.799   1610612736    402653184
       26624            1          33.422        53248        13312
       26624            2          13.846       106496        26624
       26624            4          13.395       212992        53248
       26624            8          13.205       425984       106496
       26624           16          13.916       851968       212992
       26624           32          13.465      1703936       425984
       26624           64          13.766      3407872       851968
       26624          128          14.397      6815744      1703936
       26624          256          17.022     13631488      3407872
       26624          512          18.645     27262976      6815744
       26624         1024          23.294     54525952     13631488
       26624         2048          34.485    109051904     27262976
       26624         4096          55.083    218103808     54525952
       26624         8192         100.538    436207616    109051904
       26624        16384         181.019    872415232    218103808
       26624        32768        5379.999   1744830464    436207616
       28672            1          45.576        57344        14336
       28672            2          15.960       114688        28672
       28672            4          17.152       229376        57344
       28672            8          16.400       458752       114688
       28672           16          14.307       917504       229376
       28672           32          13.465      1835008       458752
       28672           64          14.137      3670016       917504
       28672          128          14.657      7340032      1835008
       28672          256          16.040     14680064      3670016
       28672          512          18.645     29360128      7340032
       28672         1024          23.794     58720256     14680064
       28672         2048          34.424    117440512     29360128
       28672         4096          56.536    234881024     58720256
       28672         8192         102.021    469762048    117440512
       28672        16384         183.413    939524096    234881024
       28672        32768        5360.483   1879048192    469762048
       30720            1          43.461        61440        15360
       30720            2          15.258       122880        30720
       30720            4          13.125       245760        61440
       30720            8          13.926       491520       122880
       30720           16          14.497       983040       245760
       30720           32          13.565      1966080       491520
       30720           64          13.735      3932160       983040
       30720          128          14.948      7864320      1966080
       30720          256          15.549     15728640      3932160
       30720          512          18.444     31457280      7864320
       30720         1024          23.584     62914560     15728640
       30720         2048          36.147    125829120     31457280
       30720         4096          59.802    251658240     62914560
       30720         8192          97.042    503316480    125829120
       30720        16384         181.048   1006632960    251658240
       30720        32768        5351.445   2013265920    503316480
       33792            1          40.877        67584        16896
       33792            2          13.836       135168        33792
       33792            4          13.736       270336        67584
       33792            8          13.535       540672       135168
       33792           16          14.517      1081344       270336
       33792           32          13.104      2162688       540672
       33792           64          13.756      4325376      1081344
       33792          128          14.587      8650752      2162688
       33792          256          16.451     17301504      4325376
       33792          512          20.469     34603008      8650752
       33792         1024          25.879     69206016     17301504
       33792         2048          38.392    138412032     34603008
       33792         4096          62.697    276824064     69206016
       33792         8192         114.585    553648128    138412032
       33792        16384         245.890   1107296256    276824064
       33792        32768        5366.774   2214592512    553648128
       36864            1          41.117        73728        18432
       36864            2          13.966       147456        36864
       36864            4          13.626       294912        73728
       36864            8          13.455       589824       147456
       36864           16          14.497      1179648       294912
       36864           32          14.457      2359296       589824
       36864           64          14.076      4718592      1179648
       36864          128          15.699      9437184      2359296
       36864          256          16.441     18874368      4718592
       36864          512          18.765     37748736      9437184
       36864         1024          24.306     75497472     18874368
       36864         2048          35.967    150994944     37748736
       36864         4096          59.090    301989888     75497472
       36864         8192         105.337    603979776    150994944
       36864        16384         227.555   1207959552    301989888
       36864        32768        5334.333   2415919104    603979776
       39936            1          36.328        79872        19968
       39936            2          12.874       159744        39936
       39936            4          13.585       319488        79872
       39936            8          13.565       638976       159744
       39936           16          88.095      1277952       319488
       39936           32          15.750      2555904       638976
       39936           64          14.247      5111808      1277952
       39936          128          16.782     10223616      2555904
       39936          256          18.805     20447232      5111808
       39936          512          19.617     40894464     10223616
       39936         1024          25.708     81788928     20447232
       39936         2048          38.332    163577856     40894464
       39936         4096          75.521    327155712     81788928
       39936         8192         112.962    654311424    163577856
       39936        16384         214.231   1308622848    327155712
       39936        32768        5428.390   2617245696    654311424
       43008            1          32.661        86016        21504
       43008            2          14.056       172032        43008
       43008            4          13.886       344064        86016
       43008            8          13.446       688128       172032
       43008           16          14.157      1376256       344064
       43008           32          13.735      2752512       688128
       43008           64          13.996      5505024      1376256
       43008          128          15.118     11010048      2752512
       43008          256          16.351     22020096      5505024
       43008          512          19.907     44040192     11010048
       43008         1024          25.598     88080384     22020096
       43008         2048          38.201    176160768     44040192
       43008         4096          68.558    352321536     88080384
       43008         8192         114.564    704643072    176160768
       43008        16384        5215.011   1409286144    352321536
       47104            1          38.542        94208        23552
       47104            2          13.645       188416        47104
       47104            4          13.756       376832        94208
       47104            8          13.806       753664       188416
       47104           16          14.036      1507328       376832
       47104           32          14.607      3014656       753664
       47104           64          14.116      6029312      1507328
       47104          128          14.577     12058624      3014656
       47104          256          17.523     24117248      6029312
       47104          512          20.558     48234496     12058624
       47104         1024          27.211     96468992     24117248
       47104         2048          40.155    192937984     48234496
       47104         4096          75.662    385875968     96468992
       47104         8192         122.248    771751936    192937984
       47104        16384        5200.503   1543503872    385875968
       51200            1          37.981       102400        25600
       51200            2          14.868       204800        51200
       51200            4          13.225       409600       102400
       51200            8          14.417       819200       204800
       51200           16          13.556      1638400       409600
       51200           32          14.376      3276800       819200
       51200           64          14.978      6553600      1638400
       51200          128          15.248     13107200      3276800
       51200          256          16.160     26214400      6553600
       51200          512          22.161     52428800     13107200
       51200         1024          28.593    104857600     26214400
       51200         2048          44.744    209715200     52428800
       51200         4096          69.951    419430400    104857600
       51200         8192         141.464    838860800    209715200
       51200        16384        5225.320   1677721600    419430400
       56320            1          39.824       112640        28160
       56320            2          13.646       225280        56320
       56320            4          13.606       450560       112640
       56320            8          13.465       901120       225280
       56320           16          13.896      1802240       450560
       56320           32          13.595      3604480       901120
       56320           64          13.966      7208960      1802240
       56320          128          15.409     14417920      3604480
       56320          256          16.631     28835840      7208960
       56320          512          20.759     57671680     14417920
       56320         1024          28.263    115343360     28835840
       56320         2048          41.428    230686720     57671680
       56320         4096          70.862    461373440    115343360
       56320         8192         137.196    922746880    230686720
       56320        16384        5276.054   1845493760    461373440
       61440            1          45.315       122880        30720
       61440            2          13.415       245760        61440
       61440            4          13.375       491520       122880
       61440            8          14.908       983040       245760
       61440           16          13.796      1966080       491520
       61440           32          14.136      3932160       983040
       61440           64          15.078      7864320      1966080
       61440          128          16.460     15728640      3932160
       61440          256          19.787     31457280      7864320
       61440          512          25.167     62914560     15728640
       61440         1024          37.821    125829120     31457280
       61440         2048          64.751    251658240     62914560
       61440         4096         117.720    503316480    125829120
       61440         8192         219.821   1006632960    251658240
       61440        16384        5352.387   2013265920    503316480
       67584            1          36.298       135168        33792
       67584            2          13.836       270336        67584
       67584            4          13.966       540672       135168
       67584            8          13.635      1081344       270336
       67584           16          13.696      2162688       540672
       67584           32          13.686      4325376      1081344
       67584           64          14.617      8650752      2162688
       67584          128          15.059     17301504      4325376
       67584          256          17.703     34603008      8650752
       67584          512          22.011     69206016     17301504
       67584         1024          30.617    138412032     34603008
       67584         2048          49.322    276824064     69206016
       67584         4096          85.469    553648128    138412032
       67584         8192         157.995   1107296256    276824064
       67584        16384        5250.557   2214592512    553648128
       73728            1          36.147       147456        36864
       73728            2          13.876       294912        73728
       73728            4          14.557       589824       147456
       73728            8          15.038      1179648       294912
       73728           16          14.787      2359296       589824
       73728           32          14.617      4718592      1179648
       73728           64          14.928      9437184      2359296
       73728          128          16.611     18874368      4718592
       73728          256          19.266     37748736      9437184
       73728          512          25.287     75497472     18874368
       73728         1024          38.913    150994944     37748736
       73728         2048          63.439    301989888     75497472
       73728         4096         115.566    603979776    150994944
       73728         8192         222.456   1207959552    301989888
       73728        16384        5428.269   2415919104    603979776
       80896            1          39.975       161792        40448
       80896            2          13.275       323584        80896
       80896            4          13.686       647168       161792
       80896            8          14.247      1294336       323584
       80896           16          16.450      2588672       647168
       80896           32          15.629      5177344      1294336
       80896           64          14.588     10354688      2588672
       80896          128          16.241     20709376      5177344
       80896          256          17.723     41418752     10354688
       80896          512          22.913     82837504     20709376
       80896         1024          32.772    165675008     41418752
       80896         2048          56.425    331350016     82837504
       80896         4096          90.148    662700032    165675008
       80896         8192         178.895   1325400064    331350016
       80896        16384        5314.286   2650800128    662700032
       88064            1          29.045       176128        44032
       88064            2          14.027       352256        88064
       88064            4          13.365       704512       176128
       88064            8          13.565      1409024       352256
       88064           16          13.836      2818048       704512
       88064           32          13.836      5636096      1409024
       88064           64          14.477     11272192      2818048
       88064          128          17.643     22544384      5636096
       88064          256          18.985     45088768     11272192
       88064          512          26.610     90177536     22544384
       88064         1024          40.987    180355072     45088768
       88064         2048          69.430    360710144     90177536
       88064         4096         123.742    721420288    180355072
       88064         8192        5197.278   1442840576    360710144
       96256            1          39.053       192512        48128
       96256            2          13.495       385024        96256
       96256            4          13.515       770048       192512
       96256            8          14.207      1540096       385024
       96256           16          14.086      3080192       770048
       96256           32          13.775      6160384      1540096
       96256           64          15.229     12320768      3080192
       96256          128          16.300     24641536      6160384
       96256          256          19.536     49283072     12320768
       96256          512          25.898     98566144     24641536
       96256         1024          39.904    197132288     49283072
       96256         2048          66.173    394264576     98566144
       96256         4096         118.782    788529152    197132288
       96256         8192        5156.110   1577058304    394264576
      105472            1          28.774       210944        52736
      105472            2          13.886       421888       105472
      105472            4          13.405       843776       210944
      105472            8          25.117      1687552       421888
      105472           16          14.347      3375104       843776
      105472           32          14.507      6750208      1687552
      105472           64          14.787     13500416      3375104
      105472          128          16.501     27000832      6750208
      105472          256          20.568     54001664     13500416
      105472          512          24.976    108003328     27000832
      105472         1024          37.951    216006656     54001664
      105472         2048          64.661    432013312    108003328
      105472         4096         111.479    864026624    216006656
      105472         8192        5243.835   1728053248    432013312
      115712            1          29.966       231424        57856
      115712            2          13.967       462848       115712
      115712            4          15.018       925696       231424
      115712            8          14.016      1851392       462848
      115712           16          14.407      3702784       925696
      115712           32          14.868      7405568      1851392
      115712           64          16.321     14811136      3702784
      115712          128          17.263     29622272      7405568
      115712          256          23.715     59244544     14811136
      115712          512          27.952    118489088     29622272
      115712         1024          42.059    236978176     59244544
      115712         2048          78.296    473956352    118489088
      115712         4096         127.849    947912704    236978176
      115712         8192        5227.724   1895825408    473956352
      126976            1          41.157       253952        63488
      126976            2          13.445       507904       126976
      126976            4          14.477      1015808       253952
      126976            8          13.555      2031616       507904
      126976           16          15.078      4063232      1015808
      126976           32          14.337      8126464      2031616
      126976           64          15.378     16252928      4063232
      126976          128          17.793     32505856      8126464
      126976          256          22.402     65011712     16252928
      126976          512          32.500    130023424     32505856
      126976         1024          51.386    260046848     65011712
      126976         2048          89.527    520093696    130023424
      126976         4096         176.531   1040187392    260046848
      126976         8192        5319.916   2080374784    520093696
      139264            1          43.572       278528        69632
      139264            2          13.976       557056       139264
      139264            4          13.656      1114112       278528
      139264            8          13.746      2228224       557056
      139264           16          15.008      4456448      1114112
      139264           32          15.248      8912896      2228224
      139264           64          16.551     17825792      4456448
      139264          128          17.934     35651584      8912896
      139264          256          23.374     71303168     17825792
      139264          512          33.994    142606336     35651584
      139264         1024          55.193    285212672     71303168
      139264         2048          95.399    570425344    142606336
      139264         4096         191.308   1140850688    285212672
      139264         8192        5280.914   2281701376    570425344
      152576            1          34.715       305152        76288
      152576            2          13.916       610304       152576
      152576            4          13.525      1220608       305152
      152576            8          14.567      2441216       610304
      152576           16          13.896      4882432      1220608
      152576           32          17.162      9764864      2441216
      152576           64          18.324     19529728      4882432
      152576          128          18.354     39059456      9764864
      152576          256          24.045     78118912     19529728
      152576          512          32.461    156237824     39059456
      152576         1024          61.075    312475648     78118912
      152576         2048          94.847    624951296    156237824
      152576         4096         182.050   1249902592    312475648
      152576         8192        5301.442   2499805184    624951296
      166912            1          30.006       333824        83456
      166912            2          13.265       667648       166912
      166912            4          13.936      1335296       333824
      166912            8          14.187      2670592       667648
      166912           16          13.425      5341184      1335296
      166912           32          14.297     10682368      2670592
      166912           64          16.121     21364736      5341184
      166912          128          18.264     42729472     10682368
      166912          256          23.855     85458944     21364736
      166912          512          32.681    170917888     42729472
      166912         1024          56.405    341835776     85458944
      166912         2048          97.963    683671552    170917888
      166912         4096        5180.005   1367343104    341835776
      183296            1          32.370       366592        91648
      183296            2          14.097       733184       183296
      183296            4          14.056      1466368       366592
      183296            8          13.625      2932736       733184
      183296           16          15.028      5865472      1466368
      183296           32          17.232     11730944      2932736
      183296           64          16.871     23461888      5865472
      183296          128          19.887     46923776     11730944
      183296          256          28.173     93847552     23461888
      183296          512          38.843    187695104     46923776
      183296         1024          64.861    375390208     93847552
      183296         2048         116.528    750780416    187695104
      183296         4096        5235.048   1501560832    375390208
      200704            1          48.480       401408       100352
      200704            2          13.375       802816       200704
      200704            4          13.927      1605632       401408
      200704            8          14.677      3211264       802816
      200704           16          14.447      6422528      1605632
      200704           32          15.369     12845056      3211264
      200704           64          16.791     25690112      6422528
      200704          128          20.879     51380224     12845056
      200704          256          32.792    102760448     25690112
      200704          512          43.401    205520896     51380224
      200704         1024          73.497    411041792    102760448
      200704         2048         133.801    822083584    205520896
      200704         4096        5232.142   1644167168    411041792
      220160            1          36.188       440320       110080
      220160            2          14.147       880640       220160
      220160            4          13.796      1761280       440320
      220160            8          14.867      3522560       880640
      220160           16          14.858      7045120      1761280
      220160           32          14.728     14090240      3522560
      220160           64          29.735     28180480      7045120
      220160          128          19.446     56360960     14090240
      220160          256          28.674    112721920     28180480
      220160          512          37.751    225443840     56360960
      220160         1024          63.068    450887680    112721920
      220160         2048         117.359    901775360    225443840
      220160         4096        5251.078   1803550720    450887680
      241664            1          39.754       483328       120832
      241664            2          14.246       966656       241664
      241664            4          13.866      1933312       483328
      241664            8          14.177      3866624       966656
      241664           16          14.477      7733248      1933312
      241664           32          15.299     15466496      3866624
      241664           64          18.164     30932992      7733248
      241664          128          21.680     61865984     15466496
      241664          256          29.846    123731968     30932992
      241664          512          48.191    247463936     61865984
      241664         1024          93.735    494927872    123731968
      241664         2048         150.221    989855744    247463936
      241664         4096        5259.734   1979711488    494927872
      265216            1          36.177       530432       132608
      265216            2          15.439      1060864       265216
      265216            4          13.685      2121728       530432
      265216            8          13.966      4243456      1060864
      265216           16          16.431      8486912      2121728
      265216           32          15.610     16973824      4243456
      265216           64          17.612     33947648      8486912
      265216          128          21.791     67895296     16973824
      265216          256          29.154    135790592     33947648
      265216          512          43.822    271581184     67895296
      265216         1024          73.367    543162368    135790592
      265216         2048         149.971   1086324736    271581184
      265216         4096        5232.533   2172649472    543162368
      290816            1          38.973       581632       145408
      290816            2          14.337      1163264       290816
      290816            4          13.455      2326528       581632
      290816            8          14.727      4653056      1163264
      290816           16          15.238      9306112      2326528
      290816           32          15.879     18612224      4653056
      290816           64          17.814     37224448      9306112
      290816          128          22.893     74448896     18612224
      290816          256          32.631    148897792     37224448
      290816          512          52.198    297795584     74448896
      290816         1024          95.539    595591168    148897792
      290816         2048         169.356   1191182336    297795584
      290816         4096        5347.969   2382364672    595591168
      319488            1          39.374       638976       159744
      319488            2          13.596      1277952       319488
      319488            4          15.760      2555904       638976
      319488            8          14.086      5111808      1277952
      319488           16          14.827     10223616      2555904
      319488           32          16.100     20447232      5111808
      319488           64          18.605     40894464     10223616
      319488          128          23.934     81788928     20447232
      319488          256          34.294    163577856     40894464
      319488          512          54.913    327155712     81788928
      319488         1024          96.781    654311424    163577856
      319488         2048         180.828   1308622848    327155712
      319488         4096        5336.819   2617245696    654311424
      351232            1          38.663       702464       175616
      351232            2          13.976      1404928       351232
      351232            4          14.858      2809856       702464
      351232            8          14.807      5619712      1404928
      351232           16          15.289     11239424      2809856
      351232           32          16.972     22478848      5619712
      351232           64          19.126     44957696     11239424
      351232          128          23.614     89915392     22478848
      351232          256          33.382    179830784     44957696
      351232          512          53.149    359661568     89915392
      351232         1024          98.173    719323136    179830784
      351232         2048        5178.202   1438646272    359661568
      386048            1          61.095       772096       193024
      386048            2          15.549      1544192       386048
      386048            4          13.816      3088384       772096
      386048            8          14.216      6176768      1544192
      386048           16          15.619     12353536      3088384
      386048           32          17.993     24707072      6176768
      386048           64          20.288     49414144     12353536
      386048          128          27.191     98828288     24707072
      386048          256          37.119    197656576     49414144
      386048          512          61.255    395313152     98828288
      386048         1024         109.986    790626304    197656576
      386048         2048        5248.733   1581252608    395313152
      423936            1          28.413       847872       211968
      423936            2          14.276      1695744       423936
      423936            4          14.617      3391488       847872
      423936            8          14.537      6782976      1695744
      423936           16          14.888     13565952      3391488
      423936           32          16.461     27131904      6782976
      423936           64          19.356     54263808     13565952
      423936          128          26.058    108527616     27131904
      423936          256          50.675    217055232     54263808
      423936          512          62.737    434110464    108527616
      423936         1024         115.857    868220928    217055232
      423936         2048        5195.004   1736441856    434110464
      465920            1          35.646       931840       232960
      465920            2          15.489      1863680       465920
      465920            4          13.665      3727360       931840
      465920            8          15.279      7454720      1863680
      465920           16          15.600     14909440      3727360
      465920           32          16.851     29818880      7454720
      465920           64          20.588     59637760     14909440
      465920          128          27.251    119275520     29818880
      465920          256          40.336    238551040     59637760
      465920          512          69.270    477102080    119275520
      465920         1024         242.854    954204160    238551040
      465920         2048        5229.448   1908408320    477102080
      512000            1          61.895      1024000       256000
      512000            2          13.845      2048000       512000
      512000            4          15.940      4096000      1024000
      512000            8          15.649      8192000      2048000
      512000           16          15.639     16384000      4096000
      512000           32          18.785     32768000      8192000
      512000           64          21.750     65536000     16384000
      512000          128          28.043    131072000     32768000
      512000          256          42.990    262144000     65536000
      512000          512          71.424    524288000    131072000
      512000         1024         136.435   1048576000    262144000
      512000         2048        5255.937   2097152000    524288000
      563200            1          49.072      1126400       281600
      563200            2          14.668      2252800       563200
      563200            4          14.477      4505600      1126400
      563200            8          14.798      9011200      2252800
      563200           16          16.261     18022400      4505600
      563200           32          17.322     36044800      9011200
      563200           64          21.720     72089600     18022400
      563200          128          29.726    144179200     36044800
      563200          256          45.605    288358400     72089600
      563200          512          79.068    576716800    144179200
      563200         1024         142.596   1153433600    288358400
      563200         2048        5292.685   2306867200    576716800
      619520            1          31.789      1239040       309760
      619520            2          13.646      2478080       619520
      619520            4          14.817      4956160      1239040
      619520            8          14.858      9912320      2478080
      619520           16          15.579     19824640      4956160
      619520           32          18.134     39649280      9912320
      619520           64          22.102     79298560     19824640
      619520          128          31.429    158597120     39649280
      619520          256          49.072    317194240     79298560
      619520          512          89.077    634388480    158597120
      619520         1024         157.755   1268776960    317194240
      619520         2048        5303.165   2537553920    634388480
      680960            1          43.492      1361920       340480
      680960            2          15.609      2723840       680960
      680960            4          14.507      5447680      1361920
      680960            8          15.589     10895360      2723840
      680960           16          15.930     21790720      5447680
      680960           32          18.334     43581440     10895360
      680960           64          24.426     87162880     21790720
      680960          128          33.623    174325760     43581440
      680960          256          53.209    348651520     87162880
      680960          512          93.816    697303040    174325760
      680960         1024        5232.483   1394606080    348651520
      748544            1          44.584      1497088       374272
      748544            2          15.018      2994176       748544
      748544            4          14.598      5988352      1497088
      748544            8          16.410     11976704      2994176
      748544           16          16.461     23953408      5988352
      748544           32          18.725     47906816     11976704
      748544           64          24.726     95813632     23953408
      748544          128          34.985    191627264     47906816
      748544          256          60.163    383254528     95813632
      748544          512         100.047    766509056    191627264
      748544         1024        5211.354   1533018112    383254528
      823296            1          41.828      1646592       411648
      823296            2          15.118      3293184       823296
      823296            4          14.678      6586368      1646592
      823296            8          16.391     13172736      3293184
      823296           16          16.591     26345472      6586368
      823296           32          20.038     52690944     13172736
      823296           64          25.508    105381888     26345472
      823296          128          38.672    210763776     52690944
      823296          256          70.763    421527552    105381888
      823296          512         108.322    843055104    210763776
      823296         1024        5200.803   1686110208    421527552
      905216            1          41.067      1810432       452608
      905216            2          14.286      3620864       905216
      905216            4          14.547      7241728      1810432
      905216            8          15.438     14483456      3620864
      905216           16          16.801     28966912      7241728
      905216           32          20.388     57933824     14483456
      905216           64          26.339    115867648     28966912
      905216          128          39.483    231735296     57933824
      905216          256          64.090    463470592    115867648
      905216          512         115.496    926941184    231735296
      905216         1024        5283.959   1853882368    463470592
      995328            1          39.614      1990656       497664
      995328            2          14.347      3981312       995328
      995328            4          14.878      7962624      1990656
      995328            8          15.899     15925248      3981312
      995328           16          17.052     31850496      7962624
      995328           32          22.092     63700992     15925248
      995328           64          28.944    127401984     31850496
      995328          128          42.530    254803968     63700992
      995328          256          69.450    509607936    127401984
      995328          512         124.853   1019215872    254803968
      995328         1024        5231.060   2038431744    509607936
     1094656            1          44.634      2189312       547328
     1094656            2          15.158      4378624      1094656
     1094656            4          16.591      8757248      2189312
     1094656            8          15.890     17514496      4378624
     1094656           16          29.345     35028992      8757248
     1094656           32          23.064     70057984     17514496
     1094656           64          28.944    140115968     35028992
     1094656          128          44.994    280231936     70057984
     1094656          256          75.731    560463872    140115968
     1094656          512         141.404   1120927744    280231936
     1094656         1024        5253.693   2241855488    560463872
     1203200            1          45.926      2406400       601600
     1203200            2          15.199      4812800      1203200
     1203200            4          14.938      9625600      2406400
     1203200            8          15.940     19251200      4812800
     1203200           16          19.026     38502400      9625600
     1203200           32          22.883     77004800     19251200
     1203200           64          30.747    154009600     38502400
     1203200          128          48.291    308019200     77004800
     1203200          256          91.682    616038400    154009600
     1203200          512         150.641   1232076800    308019200
     1203200         1024        5301.182   2464153600    616038400
     1323008            1          40.546      2646016       661504
     1323008            2          15.378      5292032      1323008
     1323008            4          15.910     10584064      2646016
     1323008            8          18.033     21168128      5292032
     1323008           16          21.861     42336256     10584064
     1323008           32          26.469     84672512     21168128
     1323008           64          33.071    169345024     42336256
     1323008          128          51.146    338690048     84672512
     1323008          256          87.414    677380096    169345024
     1323008          512         173.374   1354760192    338690048
     1323008         1024        5321.219   2709520384    677380096
     1455104            1          44.854      2910208       727552
     1455104            2          15.509      5820416      1455104
     1455104            4          16.080     11640832      2910208
     1455104            8          17.342     23281664      5820416
     1455104           16          18.875     46563328     11640832
     1455104           32          24.396     93126656     23281664
     1455104           64          34.835    186253312     46563328
     1455104          128          54.633    372506624     93126656
     1455104          256          95.529    745013248    186253312
     1455104          512        5194.292   1490026496    372506624
     1600512            1          45.285      3201024       800256
     1600512            2          15.178      6402048      1600512
     1600512            4          15.469     12804096      3201024
     1600512            8          16.632     25608192      6402048
     1600512           16          21.530     51216384     12804096
     1600512           32          25.928    102432768     25608192
     1600512           64          36.629    204865536     51216384
     1600512          128          60.303    409731072    102432768
     1600512          256         107.250    819462144    204865536
     1600512          512        5163.905   1638924288    409731072
     1760256            1          52.378      3520512       880128
     1760256            2          16.260      7041024      1760256
     1760256            4          17.683     14082048      3520512
     1760256            8          18.946     28164096      7041024
     1760256           16          21.080     56328192     14082048
     1760256           32          28.994    112656384     28164096
     1760256           64          39.363    225312768     56328192
     1760256          128          64.671    450625536    112656384
     1760256          256         123.341    901251072    225312768
     1760256          512        5241.960   1802502144    450625536
     1935360            1          58.469      3870720       967680
     1935360            2          16.351      7741440      1935360
     1935360            4          18.855     15482880      3870720
     1935360            8          18.604     30965760      7741440
     1935360           16          21.320     61931520     15482880
     1935360           32          28.112    123863040     30965760
     1935360           64          41.137    247726080     61931520
     1935360          128          67.786    495452160    123863040
     1935360          256         122.439    990904320    247726080
     1935360          512        5353.840   1981808640    495452160
     2128896            1          46.016      4257792      1064448
     2128896            2          16.601      8515584      2128896
     2128896            4          16.742     17031168      4257792
     2128896            8          18.374     34062336      8515584
     2128896           16          32.922     68124672     17031168
     2128896           32          28.694    136249344     34062336
     2128896           64          46.086    272498688     68124672
     2128896          128          73.698    544997376    136249344
     2128896          256         137.046   1089994752    272498688
     2128896          512        5349.371   2179989504    544997376
     2340864            1          60.373      4681728      1170432
     2340864            2          16.430      9363456      2340864
     2340864            4          16.641     18726912      4681728
     2340864            8          18.735     37453824      9363456
     2340864           16          23.534     74907648     18726912
     2340864           32          31.108    149815296     37453824
     2340864           64          50.764    299630592     74907648
     2340864          128          81.643    599261184    149815296
     2340864          256         144.831   1198522368    299630592
     2340864          512        5449.049   2397044736    599261184
     2574336            1          58.379      5148672      1287168
     2574336            2          15.650     10297344      2574336
     2574336            4          17.783     20594688      5148672
     2574336            8          19.467     41189376     10297344
     2574336           16          23.995     82378752     20594688
     2574336           32          33.292    164757504     41189376
     2574336           64          52.669    329515008     82378752
     2574336          128          90.689    659030016    164757504
     2574336          256         161.091   1318060032    329515008
     2574336          512        5295.191   2636120064    659030016
     2831360            1          60.673      5662720      1415680
     2831360            2          16.360     11325440      2831360
     2831360            4          17.933     22650880      5662720
     2831360            8          19.998     45301760     11325440
     2831360           16          24.997     90603520     22650880
     2831360           32          34.634    181207040     45301760
     2831360           64          54.411    362414080     90603520
     2831360          128          93.124    724828160    181207040
     2831360          256        5170.777   1449656320    362414080
     3113984            1          61.195      6227968      1556992
     3113984            2          16.631     12455936      3113984
     3113984            4          18.505     24911872      6227968
     3113984            8          20.659     49823744     12455936
     3113984           16          26.669     99647488     24911872
     3113984           32          36.939    199294976     49823744
     3113984           64          67.887    398589952     99647488
     3113984          128         107.671    797179904    199294976
     3113984          256        5186.767   1594359808    398589952
     3425280            1          68.398      6850560      1712640
     3425280            2          17.713     13701120      3425280
     3425280            4          18.615     27402240      6850560
     3425280            8          23.103     54804480     13701120
     3425280           16          27.732    109608960     27402240
     3425280           32          40.426    219217920     54804480
     3425280           64          64.030    438435840    109608960
     3425280          128         110.537    876871680    219217920
     3425280          256        5208.078   1753743360    438435840
     3767296            1          66.004      7534592      1883648
     3767296            2          16.882     15069184      3767296
     3767296            4          18.955     30138368      7534592
     3767296            8          21.901     60276736     15069184
     3767296           16          28.694    120553472     30138368
     3767296           32          43.101    241106944     60276736
     3767296           64          68.458    482213888    120553472
     3767296          128         120.726    964427776    241106944
     3767296          256        5238.745   1928855552    482213888
     4143104            1          56.425      8286208      2071552
     4143104            2          18.014     16572416      4143104
     4143104            4          19.917     33144832      8286208
     4143104            8          23.834     66289664     16572416
     4143104           16          30.998    132579328     33144832
     4143104           32          44.223    265158656     66289664
     4143104           64          73.637    530317312    132579328
     4143104          128         135.292   1060634624    265158656
     4143104          256        5263.060   2121269248    530317312
     4556800            1          65.172      9113600      2278400
     4556800            2          18.013     18227200      4556800
     4556800            4          20.418     36454400      9113600
     4556800            8          26.179     72908800     18227200
     4556800           16          35.346    145817600     36454400
     4556800           32          55.514    291635200     72908800
     4556800           64          95.168    583270400    145817600
     4556800          128         174.636   1166540800    291635200
     4556800          256        5319.897   2333081600    583270400
     5012480            1          85.570     10024960      2506240
     5012480            2          19.076     20049920      5012480
     5012480            4          21.470     40099840     10024960
     5012480            8          27.070     80199680     20049920
     5012480           16          38.102    160399360     40099840
     5012480           32          63.159    320798720     80199680
     5012480           64         109.955    641597440    160399360
     5012480          128         204.071   1283194880    320798720
     5012480          256        5344.823   2566389760    641597440
     5513216            1          86.521     11026432      2756608
     5513216            2          21.209     22052864      5513216
     5513216            4          33.443     44105728     11026432
     5513216            8          29.105     88211456     22052864
     5513216           16          44.243    176422912     44105728
     5513216           32          65.853    352845824     88211456
     5513216           64         113.953    705691648    176422912
     5513216          128        5190.054   1411383296    352845824
     6064128            1          85.129     12128256      3032064
     6064128            2          21.330     24256512      6064128
     6064128            4          25.457     48513024     12128256
     6064128            8          32.291     97026048     24256512
     6064128           16          46.477    194052096     48513024
     6064128           32          74.579    388104192     97026048
     6064128           64         142.276    776208384    194052096
     6064128          128        5247.140   1552416768    388104192
     6670336            1          82.985     13340672      3335168
     6670336            2          21.070     26681344      6670336
     6670336            4          24.817     53362688     13340672
     6670336            8          31.519    106725376     26681344
     6670336           16          46.156    213450752     53362688
     6670336           32          75.712    426901504    106725376
     6670336           64         134.532    853803008    213450752
     6670336          128        5251.669   1707606016    426901504
     7336960            1          79.679     14673920      3668480
     7336960            2          22.121     29347840      7336960
     7336960            4          24.967     58695680     14673920
     7336960            8          33.012    117391360     29347840
     7336960           16          50.755    234782720     58695680
     7336960           32          83.095    469565440    117391360
     7336960           64         150.221    939130880    234782720
     7336960          128        5286.113   1878261760    469565440
     8070144            1          96.620     16140288      4035072
     8070144            2          23.303     32280576      8070144
     8070144            4          26.459     64561152     16140288
     8070144            8          35.256    129122304     32280576
     8070144           16          52.308    258244608     64561152
     8070144           32          94.197    516489216    129122304
     8070144           64         164.488   1032978432    258244608
     8070144          128        5277.157   2065956864    516489216
     8877056            1         104.095     17754112      4438528
     8877056            2          35.397     35508224      8877056
     8877056            4          28.052     71016448     17754112
     8877056            8          38.242    142032896     35508224
     8877056           16          60.052    284065792     71016448
     8877056           32         102.031    568131584    142032896
     8877056           64         187.451   1136263168    284065792
     8877056          128        5321.720   2272526336    568131584
     9763840            1         105.377     19527680      4881920
     9763840            2          33.383     39055360      9763840
     9763840            4          33.372     78110720     19527680
     9763840            8          54.071    156221440     39055360
     9763840           16          98.624    312442880     78110720
     9763840           32         186.239    624885760    156221440
     9763840           64         362.547   1249771520    312442880
     9763840          128        5352.858   2499543040    624885760
    10739712            1         109.925     21479424      5369856
    10739712            2          24.866     42958848     10739712
    10739712            4          35.898     85917696     21479424
    10739712            8          43.682    171835392     42958848
    10739712           16          67.857    343670784     85917696
    10739712           32         117.550    687341568    171835392
    10739712           64        5157.594   1374683136    343670784
    11812864            1         120.736     23625728      5906432
    11812864            2          34.474     47251456     11812864
    11812864            4          32.080     94502912     23625728
    11812864            8          44.884    189005824     47251456
    11812864           16          72.335    378011648     94502912
    11812864           32         125.905    756023296    189005824
    11812864           64        5171.229   1512046592    378011648
    12993536            1         129.752     25987072      6496768
    12993536            2          28.493     51974144     12993536
    12993536            4          36.608    103948288     25987072
    12993536            8          55.744    207896576     51974144
    12993536           16          84.678    415793152    103948288
    12993536           32         139.982    831586304    207896576
    12993536           64        5213.307   1663172608    415793152
    14291968            1         147.416     28583936      7145984
    14291968            2          29.104     57167872     14291968
    14291968            4          36.237    114335744     28583936
    14291968            8          52.468    228671488     57167872
    14291968           16          86.912    457342976    114335744
    14291968           32         157.234    914685952    228671488
    14291968           64        5301.091   1829371904    457342976
    15720448            1         156.673     31440896      7860224
    15720448            2          32.511     62881792     15720448
    15720448            4          39.243    125763584     31440896
    15720448            8          59.731    251527168     62881792
    15720448           16          95.038    503054336    125763584
    15720448           32         168.255   1006108672    251527168
    15720448           64        5241.501   2012217344    503054336
    17292288            1         163.726     34584576      8646144
    17292288            2          35.256     69169152     17292288
    17292288            4          39.875    138338304     34584576
    17292288            8          63.939    276676608     69169152
    17292288           16         106.208    553353216    138338304
    17292288           32         183.653   1106706432    276676608
    17292288           64        5290.342   2213412864    553353216
    19020800            1         184.134     38041600      9510400
    19020800            2          37.590     76083200     19020800
    19020800            4          46.858    152166400     38041600
    19020800            8          70.031    304332800     76083200
    19020800           16         118.732    608665600    152166400
    19020800           32         353.140   1217331200    304332800
    19020800           64        5391.782   2434662400    608665600
    20922368            1         208.139     41844736     10461184
    20922368            2          46.657     83689472     20922368
    20922368            4          57.057    167378944     41844736
    20922368            8          72.014    334757888     83689472
    20922368           16         121.427    669515776    167378944
    20922368           32         222.787   1339031552    334757888
    20922368           64        5292.275   2678063104    669515776
    23014400            1         217.287     46028800     11507200
    23014400            2          50.314     92057600     23014400
    23014400            4          49.022    184115200     46028800
    23014400            8          78.286    368230400     92057600
    23014400           16         126.316    736460800    184115200
    23014400           32        5122.618   1472921600    368230400
    25315328            1         231.333     50630656     12657664
    25315328            2          54.802    101261312     25315328
    25315328            4          67.596    202522624     50630656
    25315328            8          81.051    405045248    101261312
    25315328           16         137.297    810090496    202522624
    25315328           32        5160.328   1620180992    405045248
    27846656            1         239.749     55693312     13923328
    27846656            2          64.200    111386624     27846656
    27846656            4          59.751    222773248     55693312
    27846656            8          92.102    445546496    111386624
    27846656           16         676.856    891092992    222773248
    27846656           32        5177.321   1782185984    445546496
    30630912            1         255.558     61261824     15315456
    30630912            2          77.705    122523648     30630912
    30630912            4          65.252    245047296     61261824
    30630912            8         103.744    490094592    122523648
    30630912           16         174.105    980189184    245047296
    30630912           32        5293.497   1960378368    490094592
    33693696            1         796.709     67387392     16846848
    33693696            2          86.982    134774784     33693696
    33693696            4          82.244    269549568     67387392
    33693696            8         117.199    539099136    134774784
    33693696           16         202.097   1078198272    269549568
    33693696           32        5234.176   2156396544    539099136
    37062656            1         299.420     74125312     18531328
    37062656            2          96.531    148250624     37062656
    37062656            4          77.034    296501248     74125312
    37062656            8         122.599    593002496    148250624
    37062656           16         208.840   1186004992    296501248
    37062656           32        5313.214   2372009984    593002496
    40768512            1         336.168     81537024     20384256
    40768512            2         113.712    163074048     40768512
    40768512            4          85.350    326148096     81537024
    40768512            8         132.898    652296192    163074048
    40768512           16         235.069   1304592384    326148096
    40768512           32        5200.544   2609184768    652296192
    44845056            1         361.395     89690112     22422528
    44845056            2         126.446    179380224     44845056
    44845056            4         113.312    358760448     89690112
    44845056            8         159.899    717520896    179380224
    44845056           16        5144.368   1435041792    358760448
    49329152            1         391.682     98658304     24664576
    49329152            2         134.441    197316608     49329152
    49329152            4         109.194    394633216     98658304
    49329152            8         165.099    789266432    197316608
    49329152           16        5328.462   1578532864    394633216
    54261760            1         440.363    108523520     27130880
    54261760            2         150.421    217047040     54261760
    54261760            4         135.704    434094080    108523520
    54261760            8         196.979    868188160    217047040
    54261760           16        5110.024   1736376320    434094080
    59687936            1         491.910    119375872     29843968
    59687936            2         155.751    238751744     59687936
    59687936            4         121.677    477503488    119375872
    59687936            8         192.640    955006976    238751744
    59687936           16        5081.782   1910013952    477503488
    65655808            1         534.950    131311616     32827904
    65655808            2         170.629    262623232     65655808
    65655808            4         148.377    525246464    131311616
    65655808            8         220.091   1050492928    262623232
    65655808           16        5054.049   2100985856    525246464
    72220672            1        5506.455    144441344     36110336
    72220672            2         238.987    288882688     72220672
    72220672            4         248.214    577765376    144441344
    72220672            8         323.385   1155530752    288882688
    72220672           16        5176.639   2311061504    577765376
    79441920            1        5535.700    158883840     39720960
    79441920            2         274.493    317767680     79441920
    79441920            4         301.083    635535360    158883840
    79441920            8         451.164   1271070720    317767680
    79441920           16        5290.181   2542141440    635535360
    87386112            1        5578.810    174772224     43693056
    87386112            2         306.553    349544448     87386112
    87386112            4         363.329    699088896    174772224
    87386112            8        5118.710   1398177792    349544448
    96123904            1        2552.212    192247808     48061952
    96123904            2         338.673    384495616     96123904
    96123904            4         409.797    768991232    192247808
    96123904            8        5169.495   1537982464    384495616
   105736192            1        2605.712    211472384     52868096
   105736192            2         388.656    422944768    105736192
   105736192            4         459.960    845889536    211472384
   105736192            8        5272.177   1691779072    422944768
   116308992            1        2665.855    232617984     58154496
   116308992            2         398.185    465235968    116308992
   116308992            4         520.563    930471936    232617984
   116308992            8        5336.979   1860943872    465235968
   127939584            1        2770.029    255879168     63969792
   127939584            2         441.435    511758336    127939584
   127939584            4         584.844   1023516672    255879168
   127939584            8        5398.775   2047033344    511758336
   140733440            1        2839.989    281466880     70366720
   140733440            2         499.774    562933760    140733440
   140733440            4         636.119   1125867520    281466880
   140733440            8        5138.317   2251735040    562933760
   154806272            1        2945.016    309612544     77403136
   154806272            2         525.423    619225088    154806272
   154806272            4         715.447   1238450176    309612544
   154806272            8        5322.742   2476900352    619225088
   170286080            1        3074.949    340572160     85143040
   170286080            2         566.579    681144320    170286080
   170286080            4        5168.373   1362288640    340572160
   187314176            1        3198.240    374628352     93657088
   187314176            2         653.462    749256704    187314176
   187314176            4        5181.327   1498513408    374628352
   206045184            1        3346.166    412090368    103022592
   206045184            2         692.705    824180736    206045184
   206045184            4        5239.616   1648361472    412090368
   226649088            1        3474.025    453298176    113324544
   226649088            2         901.054    906596352    226649088
   226649088            4        4955.025   1813192704    453298176
   249313280            1        3639.044    498626560    124656640
   249313280            2         996.122    997253120    249313280
   249313280            4        4979.270   1994506240    498626560
   274244608            1        3787.852    548489216    137122304
   274244608            2        1272.409   1096978432    274244608
   274244608            4        4835.381   2193956864    548489216
   301668352            1        4018.974    603336704    150834176
   301668352            2        1868.153   1206673408    301668352
   301668352            4        5260.645   2413346816    603336704
   331834368            1        4219.239    663668736    165917184
   331834368            2        2390.530   1327337472    331834368
   331834368            4        5899.891   2654674944    663668736
   365017088            1        4481.218    730034176    182508544
   365017088            2        6549.996   1460068352    365017088
   401518592            1        4731.005    803037184    200759296
   401518592            2        7048.629   1606074368    401518592
   441669632            1        4738.199    883339264    220834816
   441669632            2        7157.092   1766678528    441669632
   485835776            1        5752.515    971671552    242917888
   485835776            2        7449.548   1943343104    485835776
   534418432            1        5694.006   1068836864    267209216
   534418432            2        7972.186   2137673728    534418432
   587859968            1        6567.970   1175719936    293929984
   587859968            2        9748.838   2351439872    587859968
   646645760            1        4792.711   1293291520    323322880
   646645760            2       12493.760   2586583040    646645760
   711310336            1       10354.249   1422620672    355655168
   782440448            1       10438.407   1564880896    391220224
   860684288            1        8992.814   1721368576    430342144
   946752512            1        3722.310   1893505024    473376256
  1041427456            1        3996.172   2082854912    520713728
  1145569280            1        4384.678   2291138560    572784640
  1260126208            1        4775.770   2520252416    630063104

META_DATA
FLOPS          4
MPI_PROCS      64
OPENMP_THREADS 2
ERT_VERSION  1.1.0
HOSTNAME  ('tcn46.local.snellius.surf.nl', [], ['172.18.56.56'])
UNAME  uname_result(system='Linux', node='tcn46.local.snellius.surf.nl', release='4.18.0-372.80.1.el8_6.x86_64', version='#1 SMP Fri Nov 3 14:30:16 EDT 2023', machine='x86_64', processor='x86_64')
TIMESTAMP_DATA  1707385271.3622859
CONFIG  {'ERT_RESULTS': ['Results.snellius.01'], 'ERT_DRIVER': ['driver1'], 'ERT_KERNEL': ['kernel1'], 'ERT_MPI': ['True'], 'ERT_MPI_CFLAGS': [], 'ERT_MPI_LDFLAGS': [], 'ERT_OPENMP': ['True'], 'ERT_OPENMP_CFLAGS': ['-fopenmp'], 'ERT_OPENMP_LDFLAGS': ['-fopenmp'], 'ERT_FLOPS': ['1,2,4,8,16'], 'ERT_ALIGN': ['32'], 'ERT_CC': ['mpic++'], 'ERT_CFLAGS': ['-Ofast', '-fargument-noalias', '-mavx2'], 'ERT_LD': ['mpic++'], 'ERT_LDFLAGS': [], 'ERT_LDLIBS': [], 'ERT_RUN': ['export', 'OMP_NUM_THREADS=ERT_OPENMP_THREADS;', 'mpirun', '-np', 'ERT_MPI_PROCS', 'ERT_CODE'], 'ERT_PROCS_THREADS': ['32,64,128'], 'ERT_MPI_PROCS': ['32,64,128'], 'ERT_OPENMP_THREADS': ['1,2,4,8'], 'ERT_NUM_EXPERIMENTS': ['5'], 'ERT_MEMORY_MAX': ['1357905920'], 'ERT_WORKING_SET_MIN': ['1'], 'ERT_TRIALS_MIN': ['1'], 'ERT_GNUPLOT': ['gnuplot'], 'ERT_GPU': [False], 'ERT_HIP': [False], 'ERT_PRECISION': ['FP64'], 'ERT_OCL': [False], 'ERT_SYCL': [False], 'ERT_WSS_MULT': [1.1]}
