fp64
        1024            1        1677.887         2048          512
        1024            2          19.787         4096         1024
        1024            4          15.368         8192         2048
        1024            8          16.271        16384         4096
        1024           16          13.946        32768         8192
        1024           32          17.382        65536        16384
        1024           64          15.779       131072        32768
        1024          128          17.853       262144        65536
        1024          256          16.642       524288       131072
        1024          512          17.964      1048576       262144
        1024         1024          22.883      2097152       524288
        1024         2048          33.753      4194304      1048576
        1024         4096          51.095      8388608      2097152
        1024         8192         107.130     16777216      4194304
        1024        16384         166.952     33554432      8388608
        1024        32768         320.429     67108864     16777216
        1024        65536         631.100    134217728     33554432
        1024       131072        1239.708    268435456     67108864
        1024       262144        2458.467    536870912    134217728
        1024       524288        4938.393   1073741824    268435456
        1024      1048576       14794.100   2147483648    536870912
        2048            1         776.922         4096         1024
        2048            2          15.249         8192         2048
        2048            4          14.637        16384         4096
        2048            8          14.717        32768         8192
        2048           16          13.124        65536        16384
        2048           32          15.950       131072        32768
        2048           64          13.355       262144        65536
        2048          128          14.968       524288       131072
        2048          256          15.399      1048576       262144
        2048          512          17.733      2097152       524288
        2048         1024          24.105      4194304      1048576
        2048         2048          31.569      8388608      2097152
        2048         4096          50.234     16777216      4194304
        2048         8192          85.911     33554432      8388608
        2048        16384         167.113     67108864     16777216
        2048        32768         308.296    134217728     33554432
        2048        65536         602.276    268435456     67108864
        2048       131072        1194.293    536870912    134217728
        2048       262144        2372.136   1073741824    268435456
        2048       524288        9655.623   2147483648    536870912
        3072            1          26.299         6144         1536
        3072            2          17.152        12288         3072
        3072            4          13.475        24576         6144
        3072            8          13.225        49152        12288
        3072           16          22.572        98304        24576
        3072           32          13.656       196608        49152
        3072           64          14.107       393216        98304
        3072          128          14.757       786432       196608
        3072          256          15.769      1572864       393216
        3072          512          20.619      3145728       786432
        3072         1024          25.036      6291456      1572864
        3072         2048          32.711     12582912      3145728
        3072         4096          52.057     25165824      6291456
        3072         8192          90.198     50331648     12582912
        3072        16384         166.020    100663296     25165824
        3072        32768         321.942    201326592     50331648
        3072        65536         631.181    402653184    100663296
        3072       131072        1238.826    805306368    201326592
        3072       262144        7458.436   1610612736    402653184
        4096            1          31.799         8192         2048
        4096            2          15.599        16384         4096
        4096            4          13.976        32768         8192
        4096            8          13.335        65536        16384
        4096           16          13.415       131072        32768
        4096           32          13.716       262144        65536
        4096           64          13.655       524288       131072
        4096          128          14.176      1048576       262144
        4096          256          15.890      2097152       524288
        4096          512          20.177      4194304      1048576
        4096         1024          24.085      8388608      2097152
        4096         2048          32.010     16777216      4194304
        4096         4096          51.757     33554432      8388608
        4096         8192          88.876     67108864     16777216
        4096        16384         166.271    134217728     33554432
        4096        32768         330.878    268435456     67108864
        4096        65536         622.404    536870912    134217728
        4096       131072        1248.304   1073741824    268435456
        4096       262144        7561.998   2147483648    536870912
        5120            1          33.934        10240         2560
        5120            2          13.615        20480         5120
        5120            4          15.830        40960        10240
        5120            8          14.177        81920        20480
        5120           16          14.056       163840        40960
        5120           32          14.197       327680        81920
        5120           64          14.878       655360       163840
        5120          128          14.978      1310720       327680
        5120          256          15.990      2621440       655360
        5120          512          18.795      5242880      1310720
        5120         1024          23.694     10485760      2621440
        5120         2048          32.762     20971520      5242880
        5120         4096          51.927     41943040     10485760
        5120         8192          89.978     83886080     20971520
        5120        16384         169.717    167772160     41943040
        5120        32768         318.906    335544320     83886080
        5120        65536         632.974    671088640    167772160
        5120       131072        1237.133   1342177280    335544320
        5120       262144        7427.848   2684354560    671088640
        6144            1          44.613        12288         3072
        6144            2          13.896        24576         6144
        6144            4          14.106        49152        12288
        6144            8          14.778        98304        24576
        6144           16          13.224       196608        49152
        6144           32          13.806       393216        98304
        6144           64          14.317       786432       196608
        6144          128          14.346      1572864       393216
        6144          256          17.383      3145728       786432
        6144          512          18.415      6291456      1572864
        6144         1024          23.524     12582912      3145728
        6144         2048          32.621     25165824      6291456
        6144         4096          51.467     50331648     12582912
        6144         8192          88.716    100663296     25165824
        6144        16384         164.989    201326592     50331648
        6144        32768         321.161    402653184    100663296
        6144        65536         631.531    805306368    201326592
        6144       131072        6183.201   1610612736    402653184
        7168            1          32.000        14336         3584
        7168            2          15.048        28672         7168
        7168            4          14.217        57344        14336
        7168            8          14.157       114688        28672
        7168           16          14.176       229376        57344
        7168           32          14.166       458752       114688
        7168           64          14.557       917504       229376
        7168          128          15.438      1835008       458752
        7168          256          19.747      3670016       917504
        7168          512          17.924      7340032      1835008
        7168         1024          25.147     14680064      3670016
        7168         2048          32.601     29360128      7340032
        7168         4096          51.156     58720256     14680064
        7168         8192          93.656    117440512     29360128
        7168        16384         166.892    234881024     58720256
        7168        32768         322.283    469762048    117440512
        7168        65536         637.913    939524096    234881024
        7168       131072        6226.041   1879048192    469762048
        8192            1         560.889        16384         4096
        8192            2          15.449        32768         8192
        8192            4          13.776        65536        16384
        8192            8          13.566       131072        32768
        8192           16          14.517       262144        65536
        8192           32          13.054       524288       131072
        8192           64          13.685      1048576       262144
        8192          128          14.276      2097152       524288
        8192          256          15.419      4194304      1048576
        8192          512          18.455      8388608      2097152
        8192         1024          22.842     16777216      4194304
        8192         2048          32.862     33554432      8388608
        8192         4096          53.049     67108864     16777216
        8192         8192          92.012    134217728     33554432
        8192        16384         172.533    268435456     67108864
        8192        32768         337.861    536870912    134217728
        8192        65536         656.477   1073741824    268435456
        8192       131072        6274.071   2147483648    536870912
        9216            1          32.852        18432         4608
        9216            2          13.435        36864         9216
        9216            4          14.177        73728        18432
        9216            8          13.425       147456        36864
        9216           16          23.624       294912        73728
        9216           32          14.116       589824       147456
        9216           64          13.826      1179648       294912
        9216          128          15.198      2359296       589824
        9216          256          16.010      4718592      1179648
        9216          512          18.755      9437184      2359296
        9216         1024          23.814     18874368      4718592
        9216         2048          33.061     37748736      9437184
        9216         4096          53.039     75497472     18874368
        9216         8192          94.016    150994944     37748736
        9216        16384         174.045    301989888     75497472
        9216        32768         331.840    603979776    150994944
        9216        65536         662.027   1207959552    301989888
        9216       131072        6229.838   2415919104    603979776
       10240            1          34.084        20480         5120
       10240            2          14.517        40960        10240
       10240            4          14.557        81920        20480
       10240            8          15.780       163840        40960
       10240           16          14.387       327680        81920
       10240           32          13.966       655360       163840
       10240           64          15.168      1310720       327680
       10240          128          14.727      2621440       655360
       10240          256          28.193      5242880      1310720
       10240          512          18.524     10485760      2621440
       10240         1024          23.935     20971520      5242880
       10240         2048          33.963     41943040     10485760
       10240         4096          53.019     83886080     20971520
       10240         8192          94.257    167772160     41943040
       10240        16384         176.370    335544320     83886080
       10240        32768         331.400    671088640    167772160
       10240        65536         652.921   1342177280    335544320
       10240       131072        6270.895   2684354560    671088640
       11264            1          29.415        22528         5632
       11264            2          13.896        45056        11264
       11264            4          13.786        90112        22528
       11264            8          13.967       180224        45056
       11264           16          13.906       360448        90112
       11264           32          13.786       720896       180224
       11264           64          14.187      1441792       360448
       11264          128          14.407      2883584       720896
       11264          256          15.760      5767168      1441792
       11264          512          18.164     11534336      2883584
       11264         1024          38.492     23068672      5767168
       11264         2048          33.693     46137344     11534336
       11264         4096          53.009     92274688     23068672
       11264         8192          92.683    184549376     46137344
       11264        16384         172.121    369098752     92274688
       11264        32768         335.658    738197504    184549376
       11264        65536        5617.192   1476395008    369098752
       12288            1          33.513        24576         6144
       12288            2          13.896        49152        12288
       12288            4          14.027        98304        24576
       12288            8          13.475       196608        49152
       12288           16          13.635       393216        98304
       12288           32          13.656       786432       196608
       12288           64          14.137      1572864       393216
       12288          128          14.758      3145728       786432
       12288          256          15.760      6291456      1572864
       12288          512          19.066     12582912      3145728
       12288         1024          25.147     25165824      6291456
       12288         2048          33.071     50331648     12582912
       12288         4096          52.849    100663296     25165824
       12288         8192          94.888    201326592     50331648
       12288        16384         182.130    402653184    100663296
       12288        32768         335.727    805306368    201326592
       12288        65536        5599.429   1610612736    402653184
       13312            1         480.849        26624         6656
       13312            2          15.309        53248        13312
       13312            4          13.405       106496        26624
       13312            8          13.535       212992        53248
       13312           16          13.946       425984       106496
       13312           32          13.976       851968       212992
       13312           64          13.876      1703936       425984
       13312          128          15.689      3407872       851968
       13312          256          15.990      6815744      1703936
       13312          512          18.204     13631488      3407872
       13312         1024          23.414     27262976      6815744
       13312         2048          32.942     54525952     13631488
       13312         4096          54.061    109051904     27262976
       13312         8192          92.473    218103808     54525952
       13312        16384         183.143    436207616    109051904
       13312        32768         333.794    872415232    218103808
       13312        65536        5625.809   1744830464    436207616
       14336            1          23.754        28672         7168
       14336            2          14.487        57344        14336
       14336            4          13.325       114688        28672
       14336            8          13.946       229376        57344
       14336           16          13.495       458752       114688
       14336           32          13.545       917504       229376
       14336           64          14.257      1835008       458752
       14336          128          14.578      3670016       917504
       14336          256          23.103      7340032      1835008
       14336          512          18.715     14680064      3670016
       14336         1024          23.254     29360128      7340032
       14336         2048          33.863     58720256     14680064
       14336         4096          52.298    117440512     29360128
       14336         8192          97.462    234881024     58720256
       14336        16384         183.623    469762048    117440512
       14336        32768         331.199    939524096    234881024
       14336        65536        5607.935   1879048192    469762048
       15360            1          27.481        30720         7680
       15360            2          14.397        61440        15360
       15360            4          13.665       122880        30720
       15360            8          13.726       245760        61440
       15360           16          13.495       491520       122880
       15360           32          14.067       983040       245760
       15360           64          15.570      1966080       491520
       15360          128          14.788      3932160       983040
       15360          256          15.860      7864320      1966080
       15360          512          18.525     15728640      3932160
       15360         1024          23.594     31457280      7864320
       15360         2048          33.142     62914560     15728640
       15360         4096          53.350    125829120     31457280
       15360         8192          95.088    251658240     62914560
       15360        16384         185.888    503316480    125829120
       15360        32768         336.770   1006632960    251658240
       15360        65536        5707.682   2013265920    503316480
       16384            1          33.131        32768         8192
       16384            2          14.056        65536        16384
       16384            4          13.735       131072        32768
       16384            8          13.565       262144        65536
       16384           16          14.497       524288       131072
       16384           32          13.725      1048576       262144
       16384           64          13.946      2097152       524288
       16384          128          15.038      4194304      1048576
       16384          256          16.030      8388608      2097152
       16384          512          18.565     16777216      4194304
       16384         1024          25.617     33554432      8388608
       16384         2048          34.765     67108864     16777216
       16384         4096          55.243    134217728     33554432
       16384         8192          94.186    268435456     67108864
       16384        16384         175.488    536870912    134217728
       16384        32768         343.252   1073741824    268435456
       16384        65536        5601.593   2147483648    536870912
       17408            1          35.938        34816         8704
       17408            2          16.531        69632        17408
       17408            4          16.451       139264        34816
       17408            8          15.459       278528        69632
       17408           16          13.606       557056       139264
       17408           32          13.715      1114112       278528
       17408           64          13.926      2228224       557056
       17408          128          33.512      4456448      1114112
       17408          256          16.300      8912896      2228224
       17408          512          18.094     17825792      4456448
       17408         1024          23.153     35651584      8912896
       17408         2048          33.803     71303168     17825792
       17408         4096          53.320    142606336     35651584
       17408         8192          95.528    285212672     71303168
       17408        16384         213.499    570425344    142606336
       17408        32768         335.728   1140850688    285212672
       17408        65536        5635.126   2281701376    570425344
       18432            1          36.258        36864         9216
       18432            2          13.555        73728        18432
       18432            4          14.176       147456        36864
       18432            8          13.775       294912        73728
       18432           16          13.675       589824       147456
       18432           32          14.427      1179648       294912
       18432           64          16.391      2359296       589824
       18432          128          16.360      4718592      1179648
       18432          256          18.073      9437184      2359296
       18432          512          18.404     18874368      4718592
       18432         1024          23.193     37748736      9437184
       18432         2048          33.343     75497472     18874368
       18432         4096          54.231    150994944     37748736
       18432         8192         102.962    301989888     75497472
       18432        16384         174.466    603979776    150994944
       18432        32768         338.443   1207959552    301989888
       18432        65536        5612.123   2415919104    603979776
       19456            1          32.321        38912         9728
       19456            2          14.558        77824        19456
       19456            4          13.435       155648        38912
       19456            8          13.566       311296        77824
       19456           16          14.597       622592       155648
       19456           32          13.465      1245184       311296
       19456           64          14.427      2490368       622592
       19456          128          14.407      4980736      1245184
       19456          256          16.160      9961472      2490368
       19456          512          18.014     19922944      4980736
       19456         1024          23.183     39845888      9961472
       19456         2048         118.712     79691776     19922944
       19456         4096          53.680    159383552     39845888
       19456         8192          95.118    318767104     79691776
       19456        16384         175.769    637534208    159383552
       19456        32768         346.538   1275068416    318767104
       19456        65536        5630.968   2550136832    637534208
       20480            1          33.252        40960        10240
       20480            2          13.916        81920        20480
       20480            4          13.756       163840        40960
       20480            8          13.546       327680        81920
       20480           16          21.991       655360       163840
       20480           32          15.539      1310720       327680
       20480           64          14.827      2621440       655360
       20480          128          14.647      5242880      1310720
       20480          256          15.439     10485760      2621440
       20480          512          18.544     20971520      5242880
       20480         1024          23.715     41943040     10485760
       20480         2048          33.493     83886080     20971520
       20480         4096          53.640    167772160     41943040
       20480         8192          94.647    335544320     83886080
       20480        16384         180.368    671088640    167772160
       20480        32768         341.339   1342177280    335544320
       20480        65536        5625.959   2684354560    671088640
       22528            1          34.775        45056        11264
       22528            2          15.128        90112        22528
       22528            4          15.960       180224        45056
       22528            8          13.735       360448        90112
       22528           16          15.750       720896       180224
       22528           32          13.355      1441792       360448
       22528           64          13.776      2883584       720896
       22528          128          14.657      5767168      1441792
       22528          256          16.731     11534336      2883584
       22528          512          18.354     23068672      5767168
       22528         1024          23.834     46137344     11534336
       22528         2048          34.725     92274688     23068672
       22528         4096          54.242    184549376     46137344
       22528         8192         105.968    369098752     92274688
       22528        16384         185.236    738197504    184549376
       22528        32768        5315.168   1476395008    369098752
       24576            1          39.825        49152        12288
       24576            2          14.377        98304        24576
       24576            4          14.457       196608        49152
       24576            8          15.980       393216        98304
       24576           16          16.170       786432       196608
       24576           32          14.437      1572864       393216
       24576           64          13.906      3145728       786432
       24576          128          16.761      6291456      1572864
       24576          256          15.880     12582912      3145728
       24576          512          18.675     25165824      6291456
       24576         1024          24.355     50331648     12582912
       24576         2048          33.863    100663296     25165824
       24576         4096          54.802    201326592     50331648
       24576         8192         107.942    402653184    100663296
       24576        16384         182.111    805306368    201326592
       24576        32768        5411.127   1610612736    402653184
       26624            1          30.707        53248        13312
       26624            2          14.447       106496        26624
       26624            4          14.557       212992        53248
       26624            8          13.596       425984       106496
       26624           16          14.297       851968       212992
       26624           32          13.595      1703936       425984
       26624           64          13.836      3407872       851968
       26624          128          14.467      6815744      1703936
       26624          256          16.241     13631488      3407872
       26624          512          19.336     27262976      6815744
       26624         1024          23.555     54525952     13631488
       26624         2048          37.240    109051904     27262976
       26624         4096          55.493    218103808     54525952
       26624         8192          99.977    436207616    109051904
       26624        16384         179.896    872415232    218103808
       26624        32768        5320.227   1744830464    436207616
       28672            1          28.433        57344        14336
       28672            2          15.088       114688        28672
       28672            4          14.177       229376        57344
       28672            8          13.505       458752       114688
       28672           16          14.677       917504       229376
       28672           32          13.706      1835008       458752
       28672           64          13.695      3670016       917504
       28672          128          14.517      7340032      1835008
       28672          256          16.401     14680064      3670016
       28672          512          18.625     29360128      7340032
       28672         1024          34.264     58720256     14680064
       28672         2048          34.375    117440512     29360128
       28672         4096          55.875    234881024     58720256
       28672         8192          97.552    469762048    117440512
       28672        16384         184.595    939524096    234881024
       28672        32768        5315.328   1879048192    469762048
       30720            1          33.904        61440        15360
       30720            2          17.713       122880        30720
       30720            4          14.297       245760        61440
       30720            8          14.497       491520       122880
       30720           16          14.597       983040       245760
       30720           32          13.695      1966080       491520
       30720           64          14.397      3932160       983040
       30720          128          14.768      7864320      1966080
       30720          256          15.860     15728640      3932160
       30720          512          33.112     31457280      7864320
       30720         1024          24.296     62914560     15728640
       30720         2048          34.143    125829120     31457280
       30720         4096          56.375    251658240     62914560
       30720         8192          98.194    503316480    125829120
       30720        16384         183.123   1006632960    251658240
       30720        32768        5343.290   2013265920    503316480
       33792            1          34.214        67584        16896
       33792            2          13.885       135168        33792
       33792            4          14.156       270336        67584
       33792            8          13.645       540672       135168
       33792           16          14.157      1081344       270336
       33792           32          13.766      2162688       540672
       33792           64          23.735      4325376      1081344
       33792          128          19.106      8650752      2162688
       33792          256          16.010     17301504      4325376
       33792          512          18.935     34603008      8650752
       33792         1024          24.145     69206016     17301504
       33792         2048          34.975    138412032     34603008
       33792         4096          59.912    276824064     69206016
       33792         8192         104.976    553648128    138412032
       33792        16384         195.014   1107296256    276824064
       33792        32768        5364.831   2214592512    553648128
       36864            1          34.094        73728        18432
       36864            2          14.006       147456        36864
       36864            4          14.126       294912        73728
       36864            8          15.379       589824       147456
       36864           16          14.728      1179648       294912
       36864           32          13.475      2359296       589824
       36864           64          14.117      4718592      1179648
       36864          128          15.950      9437184      2359296
       36864          256          15.829     18874368      4718592
       36864          512          18.675     37748736      9437184
       36864         1024          24.255     75497472     18874368
       36864         2048          35.716    150994944     37748736
       36864         4096          59.100    301989888     75497472
       36864         8192         105.097    603979776    150994944
       36864        16384         198.050   1207959552    301989888
       36864        32768        5333.372   2415919104    603979776
       39936            1          30.628        79872        19968
       39936            2          17.213       159744        39936
       39936            4          14.617       319488        79872
       39936            8          13.906       638976       159744
       39936           16          15.218      1277952       319488
       39936           32          13.976      2555904       638976
       39936           64          14.306      5111808      1277952
       39936          128          15.159     10223616      2555904
       39936          256          16.701     20447232      5111808
       39936          512          19.166     40894464     10223616
       39936         1024          25.487     81788928     20447232
       39936         2048          39.674    163577856     40894464
       39936         4096          62.006    327155712     81788928
       39936         8192         110.557    654311424    163577856
       39936        16384         209.552   1308622848    327155712
       39936        32768        5406.298   2617245696    654311424
       43008            1          39.123        86016        21504
       43008            2          13.666       172032        43008
       43008            4          14.898       344064        86016
       43008            8          14.276       688128       172032
       43008           16          15.018      1376256       344064
       43008           32          14.627      2752512       688128
       43008           64          14.738      5505024      1376256
       43008          128          14.828     11010048      2752512
       43008          256          16.351     22020096      5505024
       43008          512          19.296     44040192     11010048
       43008         1024          25.097     88080384     22020096
       43008         2048          37.720    176160768     44040192
       43008         4096          64.040    352321536     88080384
       43008         8192         112.861    704643072    176160768
       43008        16384        5215.972   1409286144    352321536
       47104            1          32.952        94208        23552
       47104            2          13.775       188416        47104
       47104            4          13.636       376832        94208
       47104            8          14.076       753664       188416
       47104           16          22.452      1507328       376832
       47104           32          15.519      3014656       753664
       47104           64          14.487      6029312      1507328
       47104          128          15.258     12058624      3014656
       47104          256          16.050     24117248      6029312
       47104          512          19.747     48234496     12058624
       47104         1024          26.089     96468992     24117248
       47104         2048          39.634    192937984     48234496
       47104         4096          63.839    385875968     96468992
       47104         8192         117.119    771751936    192937984
       47104        16384        5216.814   1543503872    385875968
       51200            1          31.138       102400        25600
       51200            2          14.207       204800        51200
       51200            4          13.936       409600       102400
       51200            8          13.866       819200       204800
       51200           16          13.876      1638400       409600
       51200           32          14.507      3276800       819200
       51200           64          39.724      6553600      1638400
       51200          128          15.218     13107200      3276800
       51200          256          17.603     26214400      6553600
       51200          512          22.031     52428800     13107200
       51200         1024          28.573    104857600     26214400
       51200         2048          43.401    209715200     52428800
       51200         4096          84.599    419430400    104857600
       51200         8192         135.212    838860800    209715200
       51200        16384        5224.959   1677721600    419430400
       56320            1          40.135       112640        28160
       56320            2          13.415       225280        56320
       56320            4          14.887       450560       112640
       56320            8          14.738       901120       225280
       56320           16          13.956      1802240       450560
       56320           32          13.676      3604480       901120
       56320           64          14.207      7208960      1802240
       56320          128          28.343     14417920      3604480
       56320          256          18.084     28835840      7208960
       56320          512          20.298     57671680     14417920
       56320         1024          27.521    115343360     28835840
       56320         2048          42.760    230686720     57671680
       56320         4096          73.958    461373440    115343360
       56320         8192         134.281    922746880    230686720
       56320        16384        5323.974   1845493760    461373440
       61440            1          42.650       122880        30720
       61440            2          13.986       245760        61440
       61440            4          13.796       491520       122880
       61440            8          13.715       983040       245760
       61440           16          14.196      1966080       491520
       61440           32          14.256      3932160       983040
       61440           64          14.958      7864320      1966080
       61440          128          16.121     15728640      3932160
       61440          256          19.326     31457280      7864320
       61440          512          25.638     62914560     15728640
       61440         1024          50.354    125829120     31457280
       61440         2048          64.411    251658240     62914560
       61440         4096         115.315    503316480    125829120
       61440         8192         217.977   1006632960    251658240
       61440        16384        5328.813   2013265920    503316480
       67584            1          28.293       135168        33792
       67584            2          14.447       270336        67584
       67584            4          14.487       540672       135168
       67584            8          13.846      1081344       270336
       67584           16          14.918      2162688       540672
       67584           32          13.956      4325376      1081344
       67584           64          14.467      8650752      2162688
       67584          128          15.920     17301504      4325376
       67584          256          34.505     34603008      8650752
       67584          512          24.606     69206016     17301504
       67584         1024          29.425    138412032     34603008
       67584         2048          47.699    276824064     69206016
       67584         4096          79.058    553648128    138412032
       67584         8192         143.057   1107296256    276824064
       67584        16384        5249.485   2214592512    553648128
       73728            1          23.504       147456        36864
       73728            2          13.666       294912        73728
       73728            4          14.026       589824       147456
       73728            8          13.966      1179648       294912
       73728           16          14.007      2359296       589824
       73728           32          15.479      4718592      1179648
       73728           64          14.878      9437184      2359296
       73728          128          16.350     18874368      4718592
       73728          256          19.537     37748736      9437184
       73728          512          25.197     75497472     18874368
       73728         1024          38.552    150994944     37748736
       73728         2048          71.784    301989888     75497472
       73728         4096         115.637    603979776    150994944
       73728         8192         219.570   1207959552    301989888
       73728        16384        5373.217   2415919104    603979776
       80896            1          32.110       161792        40448
       80896            2          13.536       323584        80896
       80896            4          13.906       647168       161792
       80896            8          13.886      1294336       323584
       80896           16          13.976      2588672       647168
       80896           32          14.076      5177344      1294336
       80896           64          15.028     10354688      2588672
       80896          128          28.082     20709376      5177344
       80896          256          19.216     41418752     10354688
       80896          512          23.424     82837504     20709376
       80896         1024          32.060    165675008     41418752
       80896         2048          51.677    331350016     82837504
       80896         4096         119.723    662700032    165675008
       80896         8192         170.479   1325400064    331350016
       80896        16384        5303.376   2650800128    662700032
       88064            1          28.053       176128        44032
       88064            2          24.626       352256        88064
       88064            4          16.100       704512       176128
       88064            8          13.605      1409024       352256
       88064           16          14.387      2818048       704512
       88064           32          14.407      5636096      1409024
       88064           64          14.387     11272192      2818048
       88064          128          16.611     22544384      5636096
       88064          256          18.865     45088768     11272192
       88064          512          26.039     90177536     22544384
       88064         1024          37.961    180355072     45088768
       88064         2048          63.689    360710144     90177536
       88064         4096         117.891    721420288    180355072
       88064         8192        5179.685   1442840576    360710144
       96256            1          33.463       192512        48128
       96256            2          15.219       385024        96256
       96256            4          13.205       770048       192512
       96256            8          14.026      1540096       385024
       96256           16          13.505      3080192       770048
       96256           32          13.645      6160384      1540096
       96256           64          15.248     12320768      3080192
       96256          128          16.731     24641536      6160384
       96256          256          19.256     49283072     12320768
       96256          512          29.075     98566144     24641536
       96256         1024          39.635    197132288     49283072
       96256         2048          77.285    394264576     98566144
       96256         4096         117.961    788529152    197132288
       96256         8192        5490.115   1577058304    394264576
      105472            1          28.113       210944        52736
      105472            2          13.986       421888       105472
      105472            4          14.147       843776       210944
      105472            8          13.936      1687552       421888
      105472           16          13.976      3375104       843776
      105472           32          14.177      6750208      1687552
      105472           64          15.068     13500416      3375104
      105472          128          16.671     27000832      6750208
      105472          256          20.038     54001664     13500416
      105472          512          25.518    108003328     27000832
      105472         1024          38.662    216006656     54001664
      105472         2048          74.660    432013312    108003328
      105472         4096         111.458    864026624    216006656
      105472         8192        5453.196   1728053248    432013312
      115712            1          35.717       231424        57856
      115712            2          13.476       462848       115712
      115712            4          13.635       925696       231424
      115712            8          14.367      1851392       462848
      115712           16          14.176      3702784       925696
      115712           32          17.392      7405568      1851392
      115712           64          15.859     14811136      3702784
      115712          128          17.533     29622272      7405568
      115712          256          21.731     59244544     14811136
      115712          512          28.042    118489088     29622272
      115712         1024          44.674    236978176     59244544
      115712         2048          83.296    473956352    118489088
      115712         4096         131.937    947912704    236978176
      115712         8192        5211.353   1895825408    473956352
      126976            1          30.617       253952        63488
      126976            2          14.286       507904       126976
      126976            4          14.407      1015808       253952
      126976            8          13.696      2031616       507904
      126976           16          14.527      4063232      1015808
      126976           32          14.737      8126464      2031616
      126976           64          15.720     16252928      4063232
      126976          128          17.653     32505856      8126464
      126976          256          22.532     65011712     16252928
      126976          512          32.811    130023424     32505856
      126976         1024          52.207    260046848     65011712
      126976         2048          88.986    520093696    130023424
      126976         4096         165.529   1040187392    260046848
      126976         8192        5257.430   2080374784    520093696
      139264            1          35.586       278528        69632
      139264            2          13.776       557056       139264
      139264            4          14.156      1114112       278528
      139264            8          14.056      2228224       557056
      139264           16          15.128      4456448      1114112
      139264           32          14.637      8912896      2228224
      139264           64          16.451     17825792      4456448
      139264          128          17.823     35651584      8912896
      139264          256          23.454     71303168     17825792
      139264          512          33.572    142606336     35651584
      139264         1024          54.051    285212672     71303168
      139264         2048          97.372    570425344    142606336
      139264         4096         180.658   1140850688    285212672
      139264         8192        5310.179   2281701376    570425344
      152576            1          29.004       305152        76288
      152576            2          13.675       610304       152576
      152576            4          13.655      1220608       305152
      152576            8          14.276      2441216       610304
      152576           16          14.216      4882432      1220608
      152576           32          14.467      9764864      2441216
      152576           64          15.639     19529728      4882432
      152576          128          17.833     39059456      9764864
      152576          256          23.033     78118912     19529728
      152576          512          32.110    156237824     39059456
      152576         1024          53.059    312475648     78118912
      152576         2048          95.639    624951296    156237824
      152576         4096         171.110   1249902592    312475648
      152576         8192        5276.515   2499805184    624951296
      166912            1          30.577       333824        83456
      166912            2          13.876       667648       166912
      166912            4          13.845      1335296       333824
      166912            8          14.878      2670592       667648
      166912           16          14.197      5341184      1335296
      166912           32          14.688     10682368      2670592
      166912           64          15.549     21364736      5341184
      166912          128          18.094     42729472     10682368
      166912          256          23.123     85458944     21364736
      166912          512          33.403    170917888     42729472
      166912         1024          55.043    341835776     85458944
      166912         2048          98.715    683671552    170917888
      166912         4096        5136.183   1367343104    341835776
      183296            1          57.868       366592        91648
      183296            2          15.068       733184       183296
      183296            4          13.956      1466368       366592
      183296            8          13.826      2932736       733184
      183296           16          14.687      5865472      1466368
      183296           32          15.119     11730944      2932736
      183296           64          16.220     23461888      5865472
      183296          128          19.406     46923776     11730944
      183296          256          28.012     93847552     23461888
      183296          512          38.442    187695104     46923776
      183296         1024          74.880    375390208     93847552
      183296         2048         118.382    750780416    187695104
      183296         4096        5166.099   1501560832    375390208
      200704            1          31.909       401408       100352
      200704            2          13.425       802816       200704
      200704            4          14.016      1605632       401408
      200704            8          14.868      3211264       802816
      200704           16          15.169      6422528      1605632
      200704           32          15.599     12845056      3211264
      200704           64          17.402     25690112      6422528
      200704          128          20.990     51380224     12845056
      200704          256          29.676    102760448     25690112
      200704          512          44.874    205520896     51380224
      200704         1024          73.979    411041792    102760448
      200704         2048         134.000    822083584    205520896
      200704         4096        5225.620   1644167168    411041792
      220160            1          35.416       440320       110080
      220160            2          13.735       880640       220160
      220160            4          13.866      1761280       440320
      220160            8          14.978      3522560       880640
      220160           16          14.317      7045120      1761280
      220160           32          14.798     14090240      3522560
      220160           64          17.603     28180480      7045120
      220160          128          20.027     56360960     14090240
      220160          256          25.718    112721920     28180480
      220160          512          39.103    225443840     56360960
      220160         1024          63.629    450887680    112721920
      220160         2048         113.091    901775360    225443840
      220160         4096        5218.176   1803550720    450887680
      241664            1          29.886       483328       120832
      241664            2          15.819       966656       241664
      241664            4          14.046      1933312       483328
      241664            8          14.277      3866624       966656
      241664           16          17.282      7733248      1933312
      241664           32          40.104     15466496      3866624
      241664           64          19.547     30932992      7733248
      241664          128          23.925     61865984     15466496
      241664          256          30.337    123731968     30932992
      241664          512          47.439    247463936     61865984
      241664         1024          80.951    494927872    123731968
      241664         2048         149.971    989855744    247463936
      241664         4096        5275.874   1979711488    494927872
      265216            1          31.289       530432       132608
      265216            2          14.657      1060864       265216
      265216            4          14.236      2121728       530432
      265216            8          14.166      4243456      1060864
      265216           16          17.112      8486912      2121728
      265216           32          14.927     16973824      4243456
      265216           64          17.232     33947648      8486912
      265216          128          20.949     67895296     16973824
      265216          256          28.463    135790592     33947648
      265216          512          44.353    271581184     67895296
      265216         1024          75.341    543162368    135790592
      265216         2048         137.036   1086324736    271581184
      265216         4096        5227.484   2172649472    543162368
      290816            1          35.556       581632       145408
      290816            2          14.517      1163264       290816
      290816            4          13.455      2326528       581632
      290816            8          14.106      4653056      1163264
      290816           16          15.048      9306112      2326528
      290816           32          15.659     18612224      4653056
      290816           64          18.084     37224448      9306112
      290816          128          23.194     74448896     18612224
      290816          256          33.893    148897792     37224448
      290816          512          52.819    297795584     74448896
      290816         1024          94.797    595591168    148897792
      290816         2048         178.744   1191182336    297795584
      290816         4096        5280.413   2382364672    595591168
      319488            1          31.448       638976       159744
      319488            2          13.575      1277952       319488
      319488            4          15.899      2555904       638976
      319488            8          14.477      5111808      1277952
      319488           16          15.319     10223616      2555904
      319488           32          16.421     20447232      5111808
      319488           64          18.564     40894464     10223616
      319488          128          24.185     81788928     20447232
      319488          256          33.894    163577856     40894464
      319488          512          55.184    327155712     81788928
      319488         1024          98.925    654311424    163577856
      319488         2048         192.660   1308622848    327155712
      319488         4096        5415.936   2617245696    654311424
      351232            1          30.287       702464       175616
      351232            2          13.646      1404928       351232
      351232            4          15.189      2809856       702464
      351232            8          14.096      5619712      1404928
      351232           16          14.478     11239424      2809856
      351232           32          15.969     22478848      5619712
      351232           64          18.494     44957696     11239424
      351232          128          23.634     89915392     22478848
      351232          256          34.114    179830784     44957696
      351232          512          55.644    359661568     89915392
      351232         1024          96.481    719323136    179830784
      351232         2048        5150.039   1438646272    359661568
      386048            1          41.759       772096       193024
      386048            2          16.541      1544192       386048
      386048            4          14.417      3088384       772096
      386048            8          14.417      6176768      1544192
      386048           16          15.208     12353536      3088384
      386048           32          18.534     24707072      6176768
      386048           64          22.933     49414144     12353536
      386048          128          25.187     98828288     24707072
      386048          256          37.691    197656576     49414144
      386048          512          62.247    395313152     98828288
      386048         1024         125.144    790626304    197656576
      386048         2048        5203.279   1581252608    395313152
      423936            1          34.704       847872       211968
      423936            2          13.134      1695744       423936
      423936            4          14.567      3391488       847872
      423936            8          16.400      6782976      1695744
      423936           16          14.938     13565952      3391488
      423936           32          18.795     27131904      6782976
      423936           64          19.276     54263808     13565952
      423936          128          26.099    108527616     27131904
      423936          256          39.734    217055232     54263808
      423936          512          76.022    434110464    108527616
      423936         1024         112.751    868220928    217055232
      423936         2048        5176.839   1736441856    434110464
      465920            1          34.615       931840       232960
      465920            2          15.379      1863680       465920
      465920            4          14.366      3727360       931840
      465920            8          14.707      7454720      1863680
      465920           16          15.519     14909440      3727360
      465920           32          16.711     29818880      7454720
      465920           64          20.679     59637760     14909440
      465920          128          26.870    119275520     29818880
      465920          256          40.496    238551040     59637760
      465920          512          68.649    477102080    119275520
      465920         1024         120.566    954204160    238551040
      465920         2048        5212.346   1908408320    477102080
      512000            1          31.098      1024000       256000
      512000            2          14.367      2048000       512000
      512000            4          16.401      4096000      1024000
      512000            8          14.808      8192000      2048000
      512000           16          15.389     16384000      4096000
      512000           32          16.891     32768000      8192000
      512000           64          21.069     65536000     16384000
      512000          128          30.597    131072000     32768000
      512000          256          44.784    262144000     65536000
      512000          512          73.548    524288000    131072000
      512000         1024         133.980   1048576000    262144000
      512000         2048        5231.982   2097152000    524288000
      563200            1          34.264      1126400       281600
      563200            2          15.018      2252800       563200
      563200            4          14.818      4505600      1126400
      563200            8          15.579      9011200      2252800
      563200           16          16.281     18022400      4505600
      563200           32          30.607     36044800      9011200
      563200           64          23.323     72089600     18022400
      563200          128          29.385    144179200     36044800
      563200          256          45.545    288358400     72089600
      563200          512          79.929    576716800    144179200
      563200         1024         145.652   1153433600    288358400
      563200         2048        5229.377   2306867200    576716800
      619520            1          37.560      1239040       309760
      619520            2          14.197      2478080       619520
      619520            4          14.737      4956160      1239040
      619520            8          14.998      9912320      2478080
      619520           16          15.720     19824640      4956160
      619520           32          18.255     39649280      9912320
      619520           64          22.703     79298560     19824640
      619520          128          31.269    158597120     39649280
      619520          256          49.213    317194240     79298560
      619520          512          84.888    634388480    158597120
      619520         1024         161.863   1268776960    317194240
      619520         2048        5262.940   2537553920    634388480
      680960            1          39.824      1361920       340480
      680960            2          14.286      2723840       680960
      680960            4          15.148      5447680      1361920
      680960            8          14.948     10895360      2723840
      680960           16          15.970     21790720      5447680
      680960           32          18.434     43581440     10895360
      680960           64          24.075     87162880     21790720
      680960          128          34.094    174325760     43581440
      680960          256          55.223    348651520     87162880
      680960          512          95.208    697303040    174325760
      680960         1024        5184.353   1394606080    348651520
      748544            1          46.828      1497088       374272
      748544            2          14.857      2994176       748544
      748544            4          14.427      5988352      1497088
      748544            8          15.899     11976704      2994176
      748544           16          16.441     23953408      5988352
      748544           32          18.835     47906816     11976704
      748544           64          25.478     95813632     23953408
      748544          128          35.156    191627264     47906816
      748544          256          62.297    383254528     95813632
      748544          512         102.762    766509056    191627264
      748544         1024        5164.566   1533018112    383254528
      823296            1          40.486      1646592       411648
      823296            2          15.188      3293184       823296
      823296            4          14.598      6586368      1646592
      823296            8          15.018     13172736      3293184
      823296           16          16.992     26345472      6586368
      823296           32          19.647     52690944     13172736
      823296           64          26.490    105381888     26345472
      823296          128          37.320    210763776     52690944
      823296          256          61.264    421527552    105381888
      823296          512         107.050    843055104    210763776
      823296         1024        5164.716   1686110208    421527552
      905216            1          45.094      1810432       452608
      905216            2          15.940      3620864       905216
      905216            4          15.238      7241728      1810432
      905216            8          15.028     14483456      3620864
      905216           16          17.473     28966912      7241728
      905216           32          20.318     57933824     14483456
      905216           64          26.159    115867648     28966912
      905216          128          39.083    231735296     57933824
      905216          256          64.821    463470592    115867648
      905216          512         116.878    926941184    231735296
      905216         1024        5204.491   1853882368    463470592
      995328            1          47.960      1990656       497664
      995328            2          14.097      3981312       995328
      995328            4          15.920      7962624      1990656
      995328            8          15.820     15925248      3981312
      995328           16          17.463     31850496      7962624
      995328           32          21.911     63700992     15925248
      995328           64          27.701    127401984     31850496
      995328          128          41.678    254803968     63700992
      995328          256          68.869    509607936    127401984
      995328          512         126.055   1019215872    254803968
      995328         1024        5332.590   2038431744    509607936
     1094656            1          34.044      2189312       547328
     1094656            2          15.279      4378624      1094656
     1094656            4          15.008      8757248      2189312
     1094656            8          15.849     17514496      4378624
     1094656           16          18.334     35028992      8757248
     1094656           32          22.052     70057984     17514496
     1094656           64          29.144    140115968     35028992
     1094656          128          44.995    280231936     70057984
     1094656          256          75.721    560463872    140115968
     1094656          512         136.856   1120927744    280231936
     1094656         1024        5241.801   2241855488    560463872
     1203200            1          37.981      2406400       601600
     1203200            2          14.417      4812800      1203200
     1203200            4          14.577      9625600      2406400
     1203200            8          17.112     19251200      4812800
     1203200           16          18.384     38502400      9625600
     1203200           32          22.342     77004800     19251200
     1203200           64          32.881    154009600     38502400
     1203200          128          51.356    308019200     77004800
     1203200          256          82.214    616038400    154009600
     1203200          512         149.970   1232076800    308019200
     1203200         1024        5283.248   2464153600    616038400
     1323008            1          33.292      2646016       661504
     1323008            2          17.042      5292032      1323008
     1323008            4          15.439     10584064      2646016
     1323008            8          16.080     21168128      5292032
     1323008           16          19.937     42336256     10584064
     1323008           32          23.554     84672512     21168128
     1323008           64          32.531    169345024     42336256
     1323008          128          51.396    338690048     84672512
     1323008          256          88.786    677380096    169345024
     1323008          512         163.986   1354760192    338690048
     1323008         1024        5373.998   2709520384    677380096
     1455104            1          40.706      2910208       727552
     1455104            2          16.992      5820416      1455104
     1455104            4          15.348     11640832      2910208
     1455104            8          16.862     23281664      5820416
     1455104           16          19.356     46563328     11640832
     1455104           32          24.456     93126656     23281664
     1455104           64          34.935    186253312     46563328
     1455104          128          54.552    372506624     93126656
     1455104          256          95.188    745013248    186253312
     1455104          512        5197.508   1490026496    372506624
     1600512            1          47.218      3201024       800256
     1600512            2          15.038      6402048      1600512
     1600512            4          15.419     12804096      3201024
     1600512            8          17.412     25608192      6402048
     1600512           16          24.466     51216384     12804096
     1600512           32          26.510    102432768     25608192
     1600512           64          37.440    204865536     51216384
     1600512          128          61.835    409731072    102432768
     1600512          256         116.238    819462144    204865536
     1600512          512        5145.260   1638924288    409731072
     1760256            1          55.684      3520512       880128
     1760256            2          15.849      7041024      1760256
     1760256            4          17.703     14082048      3520512
     1760256            8          18.765     28164096      7041024
     1760256           16          20.679     56328192     14082048
     1760256           32          27.972    112656384     28164096
     1760256           64          38.852    225312768     56328192
     1760256          128          63.599    450625536    112656384
     1760256          256         113.443    901251072    225312768
     1760256          512        5311.702   1802502144    450625536
     1935360            1          60.834      3870720       967680
     1935360            2          15.289      7741440      1935360
     1935360            4          16.331     15482880      3870720
     1935360            8          18.304     30965760      7741440
     1935360           16          21.470     61931520     15482880
     1935360           32          28.383    123863040     30965760
     1935360           64          42.340    247726080     61931520
     1935360          128          69.240    495452160    123863040
     1935360          256         122.559    990904320    247726080
     1935360          512        5180.015   1981808640    495452160
     2128896            1          50.294      4257792      1064448
     2128896            2          16.341      8515584      2128896
     2128896            4          16.661     17031168      4257792
     2128896            8          18.464     34062336      8515584
     2128896           16          21.861     68124672     17031168
     2128896           32          29.275    136249344     34062336
     2128896           64          44.623    272498688     68124672
     2128896          128          75.741    544997376    136249344
     2128896          256         137.688   1089994752    272498688
     2128896          512        5213.368   2179989504    544997376
     2340864            1          56.405      4681728      1170432
     2340864            2          15.889      9363456      2340864
     2340864            4          16.882     18726912      4681728
     2340864            8          18.765     37453824      9363456
     2340864           16          23.795     74907648     18726912
     2340864           32          31.819    149815296     37453824
     2340864           64          47.238    299630592     74907648
     2340864          128          79.949    599261184    149815296
     2340864          256         151.183   1198522368    299630592
     2340864          512        5245.247   2397044736    599261184
     2574336            1          50.484      5148672      1287168
     2574336            2          15.830     10297344      2574336
     2574336            4          17.453     20594688      5148672
     2574336            8          19.296     41189376     10297344
     2574336           16          23.404     82378752     20594688
     2574336           32          33.192    164757504     41189376
     2574336           64          50.334    329515008     82378752
     2574336          128          86.823    659030016    164757504
     2574336          256         156.983   1318060032    329515008
     2574336          512        5322.571   2636120064    659030016
     2831360            1          57.267      5662720      1415680
     2831360            2          16.942     11325440      2831360
     2831360            4          17.362     22650880      5662720
     2831360            8          21.110     45301760     11325440
     2831360           16          25.047     90603520     22650880
     2831360           32          34.695    181207040     45301760
     2831360           64          55.184    362414080     90603520
     2831360          128          93.956    724828160    181207040
     2831360          256        5152.674   1449656320    362414080
     3113984            1          61.816      6227968      1556992
     3113984            2          17.613     12455936      3113984
     3113984            4          18.364     24911872      6227968
     3113984            8          20.939     49823744     12455936
     3113984           16          26.730     99647488     24911872
     3113984           32          37.159    199294976     49823744
     3113984           64          58.940    398589952     99647488
     3113984          128         112.740    797179904    199294976
     3113984          256        5157.614   1594359808    398589952
     3425280            1          58.289      6850560      1712640
     3425280            2          17.192     13701120      3425280
     3425280            4          18.254     27402240      6850560
     3425280            8          22.282     54804480     13701120
     3425280           16          28.132    109608960     27402240
     3425280           32          39.244    219217920     54804480
     3425280           64          64.220    438435840    109608960
     3425280          128         110.236    876871680    219217920
     3425280          256        5175.116   1753743360    438435840
     3767296            1          64.310      7534592      1883648
     3767296            2          19.256     15069184      3767296
     3767296            4          21.490     30138368      7534592
     3767296            8          22.933     60276736     15069184
     3767296           16          39.223    120553472     30138368
     3767296           32          44.934    241106944     60276736
     3767296           64          68.618    482213888    120553472
     3767296          128         120.154    964427776    241106944
     3767296          256        5201.856   1928855552    482213888
     4143104            1          74.790      8286208      2071552
     4143104            2          17.463     16572416      4143104
     4143104            4          19.287     33144832      8286208
     4143104            8          22.943     66289664     16572416
     4143104           16          33.613    132579328     33144832
     4143104           32          44.463    265158656     66289664
     4143104           64          73.317    530317312    132579328
     4143104          128         131.626   1060634624    265158656
     4143104          256        5314.727   2121269248    530317312
     4556800            1          54.552      9113600      2278400
     4556800            2          32.271     18227200      4556800
     4556800            4          21.089     36454400      9113600
     4556800            8          26.440     72908800     18227200
     4556800           16          36.158    145817600     36454400
     4556800           32          56.355    291635200     72908800
     4556800           64          98.224    583270400    145817600
     4556800          128         180.047   1166540800    291635200
     4556800          256        5262.499   2333081600    583270400
     5012480            1          72.064     10024960      2506240
     5012480            2          19.457     20049920      5012480
     5012480            4          23.324     40099840     10024960
     5012480            8          27.782     80199680     20049920
     5012480           16          39.273    160399360     40099840
     5012480           32         807.831    320798720     80199680
     5012480           64         117.961    641597440    160399360
     5012480          128         236.202   1283194880    320798720
     5012480          256        5410.056   2566389760    641597440
     5513216            1          76.754     11026432      2756608
     5513216            2          20.848     22052864      5513216
     5513216            4          21.961     44105728     11026432
     5513216            8          27.822     88211456     22052864
     5513216           16          40.696    176422912     44105728
     5513216           32          65.743    352845824     88211456
     5513216           64         124.332    705691648    176422912
     5513216          128        5177.741   1411383296    352845824
     6064128            1          73.247     12128256      3032064
     6064128            2          19.696     24256512      6064128
     6064128            4          23.494     48513024     12128256
     6064128            8          31.609     97026048     24256512
     6064128           16          43.291    194052096     48513024
     6064128           32          69.440    388104192     97026048
     6064128           64         124.052    776208384    194052096
     6064128          128        5186.658   1552416768    388104192
     6670336            1          83.696     13340672      3335168
     6670336            2          22.232     26681344      6670336
     6670336            4          24.335     53362688     13340672
     6670336            8          40.806    106725376     26681344
     6670336           16          51.386    213450752     53362688
     6670336           32          77.986    426901504    106725376
     6670336           64         138.408    853803008    213450752
     6670336          128        5219.519   1707606016    426901504
     7336960            1          86.983     14673920      3668480
     7336960            2          21.400     29347840      7336960
     7336960            4          25.207     58695680     14673920
     7336960            8          33.513    117391360     29347840
     7336960           16          50.865    234782720     58695680
     7336960           32          89.487    469565440    117391360
     7336960           64         164.347    939130880    234782720
     7336960          128        5246.670   1878261760    469565440
     8070144            1          96.470     16140288      4035072
     8070144            2          25.057     32280576      8070144
     8070144            4          26.519     64561152     16140288
     8070144            8          36.278    129122304     32280576
     8070144           16          55.223    258244608     64561152
     8070144           32          91.120    516489216    129122304
     8070144           64         170.749   1032978432    258244608
     8070144          128        5253.903   2065956864    516489216
     8877056            1          95.499     17754112      4438528
     8877056            2          23.113     35508224      8877056
     8877056            4          28.092     71016448     17754112
     8877056            8          38.232    142032896     35508224
     8877056           16          59.171    284065792     71016448
     8877056           32         103.654    568131584    142032896
     8877056           64         185.216   1136263168    284065792
     8877056          128        5326.248   2272526336    568131584
     9763840            1         116.899     19527680      4881920
     9763840            2          25.388     39055360      9763840
     9763840            4          28.243     78110720     19527680
     9763840            8          39.875    156221440     39055360
     9763840           16          61.715    312442880     78110720
     9763840           32         103.563    624885760    156221440
     9763840           64         196.587   1249771520    312442880
     9763840          128        5333.652   2499543040    624885760
    10739712            1         120.135     21479424      5369856
    10739712            2          25.317     42958848     10739712
    10739712            4          30.136     85917696     21479424
    10739712            8          41.708    171835392     42958848
    10739712           16          67.437    343670784     85917696
    10739712           32         113.782    687341568    171835392
    10739712           64        5128.589   1374683136    343670784
    11812864            1         121.948     23625728      5906432
    11812864            2          26.820     47251456     11812864
    11812864            4          35.005     94502912     23625728
    11812864            8          47.249    189005824     47251456
    11812864           16          74.078    378011648     94502912
    11812864           32         144.781    756023296    189005824
    11812864           64        5167.933   1512046592    378011648
    12993536            1         129.563     25987072      6496768
    12993536            2          27.421     51974144     12993536
    12993536            4          34.325    103948288     25987072
    12993536            8          47.969    207896576     51974144
    12993536           16          82.094    415793152    103948288
    12993536           32         137.847    831586304    207896576
    12993536           64        5180.786   1663172608    415793152
    14291968            1         144.811     28583936      7145984
    14291968            2          31.399     57167872     14291968
    14291968            4          36.879    114335744     28583936
    14291968            8          51.256    228671488     57167872
    14291968           16          82.926    457342976    114335744
    14291968           32         146.304    914685952    228671488
    14291968           64        5232.754   1829371904    457342976
    15720448            1         148.247     31440896      7860224
    15720448            2          32.701     62881792     15720448
    15720448            4          40.536    125763584     31440896
    15720448            8          61.274    251527168     62881792
    15720448           16         108.433    503054336    125763584
    15720448           32         164.568   1006108672    251527168
    15720448           64        5204.070   2012217344    503054336
    17292288            1         160.049     34584576      8646144
    17292288            2          35.867     69169152     17292288
    17292288            4          42.890    138338304     34584576
    17292288            8          61.114    276676608     69169152
    17292288           16          96.821    553353216    138338304
    17292288           32         195.786   1106706432    276676608
    17292288           64        5240.117   2213412864    553353216
    19020800            1         174.166     38041600      9510400
    19020800            2          38.221     76083200     19020800
    19020800            4          48.541    152166400     38041600
    19020800            8          66.304    304332800     76083200
    19020800           16         110.917    608665600    152166400
    19020800           32         207.588   1217331200    304332800
    19020800           64        5269.212   2434662400    608665600
    20922368            1         176.410     41844736     10461184
    20922368            2          44.303     83689472     20922368
    20922368            4          48.431    167378944     41844736
    20922368            8          77.705    334757888     83689472
    20922368           16         121.728    669515776    167378944
    20922368           32         232.004   1339031552    334757888
    20922368           64        5315.899   2678063104    669515776
    23014400            1         200.515     46028800     11507200
    23014400            2          54.562     92057600     23014400
    23014400            4          54.923    184115200     46028800
    23014400            8          79.027    368230400     92057600
    23014400           16         127.778    736460800    184115200
    23014400           32        5110.125   1472921600    368230400
    25315328            1         209.733     50630656     12657664
    25315328            2          55.764    101261312     25315328
    25315328            4          54.662    202522624     50630656
    25315328            8          85.189    405045248    101261312
    25315328           16         143.058    810090496    202522624
    25315328           32        5148.636   1620180992    405045248
    27846656            1         244.988     55693312     13923328
    27846656            2          70.933    111386624     27846656
    27846656            4          64.911    222773248     55693312
    27846656            8          93.054    445546496    111386624
    27846656           16         157.685    891092992    222773248
    27846656           32        5145.931   1782185984    445546496
    30630912            1         257.231     61261824     15315456
    30630912            2          76.082    122523648     30630912
    30630912            4          69.900    245047296     61261824
    30630912            8          97.873    490094592    122523648
    30630912           16         177.972    980189184    245047296
    30630912           32        5156.521   1960378368    490094592
    33693696            1         271.858     67387392     16846848
    33693696            2          89.127    134774784     33693696
    33693696            4          66.595    269549568     67387392
    33693696            8         111.388    539099136    134774784
    33693696           16         192.861   1078198272    269549568
    33693696           32        5144.508   2156396544    539099136
    37062656            1         302.275     74125312     18531328
    37062656            2         101.900    148250624     37062656
    37062656            4          71.804    296501248     74125312
    37062656            8         733.802    593002496    148250624
    37062656           16         205.113   1186004992    296501248
    37062656           32        5200.133   2372009984    593002496
    40768512            1         323.234     81537024     20384256
    40768512            2         125.054    163074048     40768512
    40768512            4          82.023    326148096     81537024
    40768512            8         147.967    652296192    163074048
    40768512           16         231.924   1304592384    326148096
    40768512           32        5175.717   2609184768    652296192
    44845056            1         377.867     89690112     22422528
    44845056            2         122.990    179380224     44845056
    44845056            4          87.984    358760448     89690112
    44845056            8         133.981    717520896    179380224
    44845056           16        4994.198   1435041792    358760448
    49329152            1         381.884     98658304     24664576
    49329152            2         141.845    197316608     49329152
    49329152            4         107.100    394633216     98658304
    49329152            8         165.539    789266432    197316608
    49329152           16        5110.295   1578532864    394633216
    54261760            1         417.741    108523520     27130880
    54261760            2         149.860    217047040     54261760
    54261760            4         102.772    434094080    108523520
    54261760            8         180.548    868188160    217047040
    54261760           16        5114.934   1736376320    434094080
    59687936            1         468.036    119375872     29843968
    59687936            2         152.705    238751744     59687936
    59687936            4         122.189    477503488    119375872
    59687936            8         190.586    955006976    238751744
    59687936           16        5014.876   1910013952    477503488
    65655808            1        1109.775    131311616     32827904
    65655808            2         193.762    262623232     65655808
    65655808            4         175.979    525246464    131311616
    65655808            8         266.929   1050492928    262623232
    65655808           16        5163.194   2100985856    525246464
    72220672            1         559.476    144441344     36110336
    72220672            2         176.310    288882688     72220672
    72220672            4         150.972    577765376    144441344
    72220672            8         251.801   1155530752    288882688
    72220672           16        5169.556   2311061504    577765376
    79441920            1         626.572    158883840     39720960
    79441920            2         258.784    317767680     79441920
    79441920            4         304.660    635535360    158883840
    79441920            8         427.550   1271070720    317767680
    79441920           16        5188.071   2542141440    635535360
    87386112            1        1198.961    174772224     43693056
    87386112            2         206.326    349544448     87386112
    87386112            4         315.891    699088896    174772224
    87386112            8        5110.705   1398177792    349544448
    96123904            1         730.906    192247808     48061952
    96123904            2         254.586    384495616     96123904
    96123904            4         268.051    768991232    192247808
    96123904            8        4958.912   1537982464    384495616
   105736192            1         820.855    211472384     52868096
   105736192            2         221.504    422944768    105736192
   105736192            4         215.473    845889536    211472384
   105736192            8        4832.666   1691779072    422944768
   116308992            1         889.583    232617984     58154496
   116308992            2         379.830    465235968    116308992
   116308992            4         449.651    930471936    232617984
   116308992            8        5005.448   1860943872    465235968
   127939584            1         990.512    255879168     63969792
   127939584            2         429.903    511758336    127939584
   127939584            4         372.526   1023516672    255879168
   127939584            8        5321.489   2047033344    511758336
   140733440            1        1087.534    281466880     70366720
   140733440            2         307.875    562933760    140733440
   140733440            4         340.367   1125867520    281466880
   140733440            8        4873.782   2251735040    562933760
   154806272            1        1176.730    309612544     77403136
   154806272            2         266.619    619225088    154806272
   154806272            4         280.744   1238450176    309612544
   154806272            8        4863.192   2476900352    619225088
   170286080            1        1271.708    340572160     85143040
   170286080            2         332.672    681144320    170286080
   170286080            4        4649.904   1362288640    340572160
   187314176            1        1408.022    374628352     93657088
   187314176            2         392.654    749256704    187314176
   187314176            4        4697.513   1498513408    374628352
   206045184            1        2259.455    412090368    103022592
   206045184            2         671.134    824180736    206045184
   206045184            4        4814.902   1648361472    412090368
   226649088            1        2415.476    453298176    113324544
   226649088            2         810.005    906596352    226649088
   226649088            4        4907.436   1813192704    453298176
   249313280            1        2575.174    498626560    124656640
   249313280            2         975.985    997253120    249313280
   249313280            4        4957.169   1994506240    498626560
   274244608            1        2780.208    548489216    137122304
   274244608            2        1200.194   1096978432    274244608
   274244608            4        4977.406   2193956864    548489216
   301668352            1        2991.523    603336704    150834176
   301668352            2        1672.647   1206673408    301668352
   301668352            4        5278.369   2413346816    603336704
   331834368            1        3190.075    663668736    165917184
   331834368            2        2474.065   1327337472    331834368
   331834368            4        5968.188   2654674944    663668736
   365017088            1        3434.912    730034176    182508544
   365017088            2        6590.151   1460068352    365017088
   401518592            1        3705.458    803037184    200759296
   401518592            2        7022.319   1606074368    401518592
   441669632            1        3283.049    883339264    220834816
   441669632            2        7047.497   1766678528    441669632
   485835776            1        3565.636    971671552    242917888
   485835776            2        7396.359   1943343104    485835776
   534418432            1        3943.112   1068836864    267209216
   534418432            2        7992.875   2137673728    534418432
   587859968            1        4320.478   1175719936    293929984
   587859968            2        9785.626   2351439872    587859968
   646645760            1        4742.157   1293291520    323322880
   646645760            2       12272.115   2586583040    646645760
   711310336            1        9858.412   1422620672    355655168
   782440448            1       10447.103   1564880896    391220224
   860684288            1       11147.283   1721368576    430342144
   946752512            1       11901.692   1893505024    473376256
  1041427456            1       12575.552   2082854912    520713728
  1145569280            1       13346.985   2291138560    572784640
  1260126208            1        9211.092   2520252416    630063104

META_DATA
FLOPS          4
MPI_PROCS      64
OPENMP_THREADS 2
ERT_VERSION  1.1.0
HOSTNAME  ('tcn46.local.snellius.surf.nl', [], ['172.18.56.56'])
UNAME  uname_result(system='Linux', node='tcn46.local.snellius.surf.nl', release='4.18.0-372.80.1.el8_6.x86_64', version='#1 SMP Fri Nov 3 14:30:16 EDT 2023', machine='x86_64', processor='x86_64')
TIMESTAMP_DATA  1707385286.342164
CONFIG  {'ERT_RESULTS': ['Results.snellius.01'], 'ERT_DRIVER': ['driver1'], 'ERT_KERNEL': ['kernel1'], 'ERT_MPI': ['True'], 'ERT_MPI_CFLAGS': [], 'ERT_MPI_LDFLAGS': [], 'ERT_OPENMP': ['True'], 'ERT_OPENMP_CFLAGS': ['-fopenmp'], 'ERT_OPENMP_LDFLAGS': ['-fopenmp'], 'ERT_FLOPS': ['1,2,4,8,16'], 'ERT_ALIGN': ['32'], 'ERT_CC': ['mpic++'], 'ERT_CFLAGS': ['-Ofast', '-fargument-noalias', '-mavx2'], 'ERT_LD': ['mpic++'], 'ERT_LDFLAGS': [], 'ERT_LDLIBS': [], 'ERT_RUN': ['export', 'OMP_NUM_THREADS=ERT_OPENMP_THREADS;', 'mpirun', '-np', 'ERT_MPI_PROCS', 'ERT_CODE'], 'ERT_PROCS_THREADS': ['32,64,128'], 'ERT_MPI_PROCS': ['32,64,128'], 'ERT_OPENMP_THREADS': ['1,2,4,8'], 'ERT_NUM_EXPERIMENTS': ['5'], 'ERT_MEMORY_MAX': ['1357905920'], 'ERT_WORKING_SET_MIN': ['1'], 'ERT_TRIALS_MIN': ['1'], 'ERT_GNUPLOT': ['gnuplot'], 'ERT_GPU': [False], 'ERT_HIP': [False], 'ERT_PRECISION': ['FP64'], 'ERT_OCL': [False], 'ERT_SYCL': [False], 'ERT_WSS_MULT': [1.1]}
