fp64
        1024            1        2470.349         2048          512
        1024            2          36.549         4096         1024
        1024            4          37.590         8192         2048
        1024            8          32.541        16384         4096
        1024           16          33.964        32768         8192
        1024           32          35.086        65536        16384
        1024           64          32.521       131072        32768
        1024          128          34.615       262144        65536
        1024          256          36.138       524288       131072
        1024          512          39.705      1048576       262144
        1024         1024          49.342      2097152       524288
        1024         2048          68.218      4194304      1048576
        1024         4096         106.720      8388608      2097152
        1024         8192         186.067     16777216      4194304
        1024        16384         341.168     33554432      8388608
        1024        32768         641.750     67108864     16777216
        1024        65536        1300.792    134217728     33554432
        1024       131072        2500.475    268435456     67108864
        1024       262144        5069.388    536870912    134217728
        1024       524288       10064.417   1073741824    268435456
        1024      1048576       27884.005   2147483648    536870912
        2048            1        1578.582         4096         1024
        2048            2          32.030         8192         2048
        2048            4          31.660        16384         4096
        2048            8          30.517        32768         8192
        2048           16          30.738        65536        16384
        2048           32          28.533       131072        32768
        2048           64          31.409       262144        65536
        2048          128          30.436       524288       131072
        2048          256          34.315      1048576       262144
        2048          512          38.192      2097152       524288
        2048         1024          49.623      4194304      1048576
        2048         2048          68.248      8388608      2097152
        2048         4096         103.423     16777216      4194304
        2048         8192         175.368     33554432      8388608
        2048        16384         320.499     67108864     16777216
        2048        32768         630.610    134217728     33554432
        2048        65536        1206.716    268435456     67108864
        2048       131072        2365.783    536870912    134217728
        2048       262144        4907.776   1073741824    268435456
        2048       524288       17026.575   2147483648    536870912
        3072            1          44.724         6144         1536
        3072            2          29.254        12288         3072
        3072            4          31.569        24576         6144
        3072            8          30.677        49152        12288
        3072           16          30.116        98304        24576
        3072           32          30.587       196608        49152
        3072           64          31.489       393216        98304
        3072          128          32.290       786432       196608
        3072          256          33.823      1572864       393216
        3072          512          41.057      3145728       786432
        3072         1024          48.641      6291456      1572864
        3072         2048          73.067     12582912      3145728
        3072         4096         105.197     25165824      6291456
        3072         8192         181.810     50331648     12582912
        3072        16384         333.955    100663296     25165824
        3072        32768         646.799    201326592     50331648
        3072        65536        1255.748    402653184    100663296
        3072       131072        2478.745    805306368    201326592
        3072       262144       12370.550   1610612736    402653184
        4096            1          43.942         8192         2048
        4096            2          29.525        16384         4096
        4096            4          29.565        32768         8192
        4096            8          30.107        65536        16384
        4096           16          28.684       131072        32768
        4096           32          30.236       262144        65536
        4096           64          34.435       524288       131072
        4096          128          31.048      1048576       262144
        4096          256          32.892      2097152       524288
        4096          512          38.632      4194304      1048576
        4096         1024          48.080      8388608      2097152
        4096         2048          65.993     16777216      4194304
        4096         4096         105.187     33554432      8388608
        4096         8192         181.119     67108864     16777216
        4096        16384         341.369    134217728     33554432
        4096        32768         636.931    268435456     67108864
        4096        65536        1348.962    536870912    134217728
        4096       131072        2473.063   1073741824    268435456
        4096       262144       12406.787   2147483648    536870912
        5120            1          42.289        10240         2560
        5120            2          28.854        20480         5120
        5120            4          29.946        40960        10240
        5120            8          28.974        81920        20480
        5120           16          29.455       163840        40960
        5120           32          28.974       327680        81920
        5120           64          31.048       655360       163840
        5120          128          30.927      1310720       327680
        5120          256          34.114      2621440       655360
        5120          512          39.815      5242880      1310720
        5120         1024          53.890     10485760      2621440
        5120         2048          66.574     20971520      5242880
        5120         4096         106.318     41943040     10485760
        5120         8192         184.886     83886080     20971520
        5120        16384         333.524    167772160     41943040
        5120        32768         642.241    335544320     83886080
        5120        65536        1346.667    671088640    167772160
        5120       131072        2572.630   1342177280    335544320
        5120       262144       12488.580   2684354560    671088640
        6144            1          55.253        12288         3072
        6144            2          29.004        24576         6144
        6144            4          29.816        49152        12288
        6144            8          28.103        98304        24576
        6144           16          29.104       196608        49152
        6144           32          29.425       393216        98304
        6144           64          29.506       786432       196608
        6144          128          31.359      1572864       393216
        6144          256          34.194      3145728       786432
        6144          512          38.401      6291456      1572864
        6144         1024          48.150     12582912      3145728
        6144         2048          67.446     25165824      6291456
        6144         4096         105.497     50331648     12582912
        6144         8192         194.524    100663296     25165824
        6144        16384         335.888    201326592     50331648
        6144        32768         642.050    402653184    100663296
        6144        65536        1252.572    805306368    201326592
        6144       131072        9922.181   1610612736    402653184
        7168            1          45.726        14336         3584
        7168            2          28.593        28672         7168
        7168            4          30.076        57344        14336
        7168            8          42.580       114688        28672
        7168           16          36.769       229376        57344
        7168           32          36.909       458752       114688
        7168           64          36.819       917504       229376
        7168          128          34.544      1835008       458752
        7168          256          33.583      3670016       917504
        7168          512          38.702      7340032      1835008
        7168         1024          47.999     14680064      3670016
        7168         2048          67.105     29360128      7340032
        7168         4096         107.180     58720256     14680064
        7168         8192         182.632    117440512     29360128
        7168        16384         349.223    234881024     58720256
        7168        32768         645.877    469762048    117440512
        7168        65536        1258.554    939524096    234881024
        7168       131072        9898.677   1879048192    469762048
        8192            1          43.401        16384         4096
        8192            2          28.874        32768         8192
        8192            4          29.465        65536        16384
        8192            8          28.604       131072        32768
        8192           16          29.956       262144        65536
        8192           32          28.603       524288       131072
        8192           64          31.138      1048576       262144
        8192          128          30.537      2097152       524288
        8192          256          33.734      4194304      1048576
        8192          512          38.602      8388608      2097152
        8192         1024          49.512     16777216      4194304
        8192         2048          67.977     33554432      8388608
        8192         4096         113.272     67108864     16777216
        8192         8192         186.849    134217728     33554432
        8192        16384         349.583    268435456     67108864
        8192        32768         724.424    536870912    134217728
        8192        65536        1351.627   1073741824    268435456
        8192       131072       10110.103   2147483648    536870912
        9216            1          50.194        18432         4608
        9216            2          28.784        36864         9216
        9216            4          29.575        73728        18432
        9216            8          28.884       147456        36864
        9216           16          29.656       294912        73728
        9216           32          29.706       589824       147456
        9216           64          30.617      1179648       294912
        9216          128          32.440      2359296       589824
        9216          256          36.708      4718592      1179648
        9216          512          39.384      9437184      2359296
        9216         1024          49.483     18874368      4718592
        9216         2048          68.598     37748736      9437184
        9216         4096         108.443     75497472     18874368
        9216         8192         229.869    150994944     37748736
        9216        16384         351.888    301989888     75497472
        9216        32768         669.301    603979776    150994944
        9216        65536        1304.700   1207959552    301989888
        9216       131072       10034.371   2415919104    603979776
       10240            1          46.377        20480         5120
       10240            2          35.446        40960        10240
       10240            4          36.288        81920        20480
       10240            8          34.575       163840        40960
       10240           16          29.144       327680        81920
       10240           32          29.606       655360       163840
       10240           64          31.058      1310720       327680
       10240          128          31.438      2621440       655360
       10240          256          41.157      5242880      1310720
       10240          512          48.531     10485760      2621440
       10240         1024          61.365     20971520      5242880
       10240         2048          80.560     41943040     10485760
       10240         4096         109.815     83886080     20971520
       10240         8192         194.042    167772160     41943040
       10240        16384         345.506    335544320     83886080
       10240        32768         669.201    671088640    167772160
       10240        65536        1396.952   1342177280    335544320
       10240       131072       10013.352   2684354560    671088640
       11264            1          49.532        22528         5632
       11264            2          29.865        45056        11264
       11264            4          28.844        90112        22528
       11264            8          29.085       180224        45056
       11264           16          29.285       360448        90112
       11264           32          29.184       720896       180224
       11264           64          30.547      1441792       360448
       11264          128          30.767      2883584       720896
       11264          256          34.284      5767168      1441792
       11264          512          39.965     11534336      2883584
       11264         1024          48.351     23068672      5767168
       11264         2048          68.328     46137344     11534336
       11264         4096         112.841     92274688     23068672
       11264         8192         188.282    184549376     46137344
       11264        16384         354.914    369098752     92274688
       11264        32768         666.246    738197504    184549376
       11264        65536        8712.981   1476395008    369098752
       12288            1          46.496        24576         6144
       12288            2          29.305        49152        12288
       12288            4          29.144        98304        24576
       12288            8          28.914       196608        49152
       12288           16          28.693       393216        98304
       12288           32          29.225       786432       196608
       12288           64          29.244      1572864       393216
       12288          128          31.750      3145728       786432
       12288          256          33.102      6291456      1572864
       12288          512          38.703     12582912      3145728
       12288         1024          48.832     25165824      6291456
       12288         2048          72.586     50331648     12582912
       12288         4096         108.203    100663296     25165824
       12288         8192         187.931    201326592     50331648
       12288        16384         353.971    402653184    100663296
       12288        32768         665.595    805306368    201326592
       12288        65536        8743.869   1610612736    402653184
       13312            1          51.126        26624         6656
       13312            2          35.947        53248        13312
       13312            4          35.737       106496        26624
       13312            8          29.355       212992        53248
       13312           16          29.445       425984       106496
       13312           32          29.515       851968       212992
       13312           64          30.147      1703936       425984
       13312          128          33.322      3407872       851968
       13312          256          34.745      6815744      1703936
       13312          512          40.576     13631488      3407872
       13312         1024          49.042     27262976      6815744
       13312         2048          68.147     54525952     13631488
       13312         4096         108.673    109051904     27262976
       13312         8192         231.242    218103808     54525952
       13312        16384         346.417    436207616    109051904
       13312        32768         685.602    872415232    218103808
       13312        65536        8748.737   1744830464    436207616
       14336            1          47.709        28672         7168
       14336            2          32.982        57344        14336
       14336            4          37.289       114688        28672
       14336            8          38.612       229376        57344
       14336           16          35.216       458752       114688
       14336           32          36.949       917504       229376
       14336           64          36.078      1835008       458752
       14336          128          36.438      3670016       917504
       14336          256          34.084      7340032      1835008
       14336          512          38.973     14680064      3670016
       14336         1024          48.009     29360128      7340032
       14336         2048          77.155     58720256     14680064
       14336         4096         109.234    117440512     29360128
       14336         8192         187.972    234881024     58720256
       14336        16384         349.774    469762048    117440512
       14336        32768         686.774    939524096    234881024
       14336        65536        8731.926   1879048192    469762048
       15360            1          44.323        30720         7680
       15360            2          31.939        61440        15360
       15360            4          29.996       122880        30720
       15360            8          29.365       245760        61440
       15360           16          29.556       491520       122880
       15360           32          28.944       983040       245760
       15360           64          29.836      1966080       491520
       15360          128          30.858      3932160       983040
       15360          256          33.853      7864320      1966080
       15360          512          45.225     15728640      3932160
       15360         1024          48.921     31457280      7864320
       15360         2048          68.738     62914560     15728640
       15360         4096         108.833    125829120     31457280
       15360         8192         188.884    251658240     62914560
       15360        16384         349.053    503316480    125829120
       15360        32768         719.956   1006632960    251658240
       15360        65536        8736.034   2013265920    503316480
       16384            1          53.650        32768         8192
       16384            2          28.964        65536        16384
       16384            4          28.774       131072        32768
       16384            8          28.824       262144        65536
       16384           16          28.704       524288       131072
       16384           32          36.678      1048576       262144
       16384           64          30.307      2097152       524288
       16384          128          31.348      4194304      1048576
       16384          256          34.224      8388608      2097152
       16384          512          39.554     16777216      4194304
       16384         1024          48.631     33554432      8388608
       16384         2048          68.898     67108864     16777216
       16384         4096         108.984    134217728     33554432
       16384         8192         188.242    268435456     67108864
       16384        16384         353.922    536870912    134217728
       16384        32768         671.466   1073741824    268435456
       16384        65536        8679.437   2147483648    536870912
       17408            1          42.219        34816         8704
       17408            2          29.585        69632        17408
       17408            4          29.786       139264        34816
       17408            8          40.265       278528        69632
       17408           16          29.555       557056       139264
       17408           32          30.647      1114112       278528
       17408           64          29.725      2228224       557056
       17408          128          31.299      4456448      1114112
       17408          256          33.352      8912896      2228224
       17408          512          38.071     17825792      4456448
       17408         1024          49.292     35651584      8912896
       17408         2048          72.075     71303168     17825792
       17408         4096         109.104    142606336     35651584
       17408         8192         189.705    285212672     71303168
       17408        16384         353.631    570425344    142606336
       17408        32768         673.890   1140850688    285212672
       17408        65536        8754.088   2281701376    570425344
       18432            1         145.733        36864         9216
       18432            2          28.934        73728        18432
       18432            4          29.195       147456        36864
       18432            8          29.766       294912        73728
       18432           16          29.726       589824       147456
       18432           32          28.874      1179648       294912
       18432           64          29.796      2359296       589824
       18432          128          31.369      4718592      1179648
       18432          256          34.365      9437184      2359296
       18432          512          38.512     18874368      4718592
       18432         1024          49.633     37748736      9437184
       18432         2048          68.549     75497472     18874368
       18432         4096         108.823    150994944     37748736
       18432         8192         193.201    301989888     75497472
       18432        16384         354.553    603979776    150994944
       18432        32768         672.307   1207959552    301989888
       18432        65536        8692.743   2415919104    603979776
       19456            1          41.638        38912         9728
       19456            2          57.157        77824        19456
       19456            4          29.976       155648        38912
       19456            8          31.198       311296        77824
       19456           16          29.726       622592       155648
       19456           32          29.846      1245184       311296
       19456           64          30.216      2490368       622592
       19456          128          30.678      4980736      1245184
       19456          256          34.414      9961472      2490368
       19456          512          39.173     19922944      4980736
       19456         1024          49.051     39845888      9961472
       19456         2048          74.810     79691776     19922944
       19456         4096         135.864    159383552     39845888
       19456         8192         204.773    318767104     79691776
       19456        16384         352.079    637534208    159383552
       19456        32768         680.512   1275068416    318767104
       19456        65536        8749.148   2550136832    637534208
       20480            1          52.178        40960        10240
       20480            2          36.128        81920        20480
       20480            4          33.583       163840        40960
       20480            8          28.975       327680        81920
       20480           16          28.935       655360       163840
       20480           32          28.774      1310720       327680
       20480           64          31.028      2621440       655360
       20480          128          31.629      5242880      1310720
       20480          256          35.566     10485760      2621440
       20480          512          41.127     20971520      5242880
       20480         1024          50.024     41943040     10485760
       20480         2048          70.653     83886080     20971520
       20480         4096         116.297    167772160     41943040
       20480         8192         191.067    335544320     83886080
       20480        16384         352.920    671088640    167772160
       20480        32768         678.840   1342177280    335544320
       20480        65536        8758.175   2684354560    671088640
       22528            1          54.993        45056        11264
       22528            2          29.164        90112        22528
       22528            4          29.155       180224        45056
       22528            8          32.040       360448        90112
       22528           16          35.266       720896       180224
       22528           32          36.037      1441792       360448
       22528           64          36.018      2883584       720896
       22528          128          39.013      5767168      1441792
       22528          256          34.565     11534336      2883584
       22528          512          44.774     23068672      5767168
       22528         1024          49.031     46137344     11534336
       22528         2048          69.901     92274688     23068672
       22528         4096         110.617    184549376     46137344
       22528         8192         192.711    369098752     92274688
       22528        16384         355.014    738197504    184549376
       22528        32768        8154.496   1476395008    369098752
       24576            1          59.280        49152        12288
       24576            2          29.354        98304        24576
       24576            4          28.733       196608        49152
       24576            8          29.255       393216        98304
       24576           16          29.115       786432       196608
       24576           32          30.266      1572864       393216
       24576           64          29.485      3145728       786432
       24576          128          36.217      6291456      1572864
       24576          256          34.795     12582912      3145728
       24576          512          39.734     25165824      6291456
       24576         1024          49.703     50331648     12582912
       24576         2048          71.443    100663296     25165824
       24576         4096         111.038    201326592     50331648
       24576         8192         193.712    402653184    100663296
       24576        16384         357.308    805306368    201326592
       24576        32768        8140.931   1610612736    402653184
       26624            1          55.103        53248        13312
       26624            2          29.204       106496        26624
       26624            4          29.505       212992        53248
       26624            8          28.794       425984       106496
       26624           16          30.177       851968       212992
       26624           32          30.487      1703936       425984
       26624           64          29.876      3407872       851968
       26624          128          31.820      6815744      1703936
       26624          256          35.407     13631488      3407872
       26624          512          40.586     27262976      6815744
       26624         1024          51.947     54525952     13631488
       26624         2048          71.423    109051904     27262976
       26624         4096         119.253    218103808     54525952
       26624         8192         194.253    436207616    109051904
       26624        16384         363.059    872415232    218103808
       26624        32768        8105.746   1744830464    436207616
       28672            1          46.517        57344        14336
       28672            2          29.205       114688        28672
       28672            4          29.014       229376        57344
       28672            8          29.244       458752       114688
       28672           16          29.195       917504       229376
       28672           32          29.775      1835008       458752
       28672           64          29.746      3670016       917504
       28672          128          31.539      7340032      1835008
       28672          256          34.515     14680064      3670016
       28672          512          38.582     29360128      7340032
       28672         1024          49.062     58720256     14680064
       28672         2048          70.332    117440512     29360128
       28672         4096         110.427    234881024     58720256
       28672         8192         199.303    469762048    117440512
       28672        16384         361.737    939524096    234881024
       28672        32768        8074.507   1879048192    469762048
       30720            1          54.842        61440        15360
       30720            2          28.323       122880        30720
       30720            4          30.517       245760        61440
       30720            8          28.904       491520       122880
       30720           16          29.375       983040       245760
       30720           32          29.525      1966080       491520
       30720           64          29.876      3932160       983040
       30720          128          31.048      7864320      1966080
       30720          256          34.614     15728640      3932160
       30720          512          40.025     31457280      7864320
       30720         1024          49.433     62914560     15728640
       30720         2048          71.453    125829120     31457280
       30720         4096         113.362    251658240     62914560
       30720         8192         200.234    503316480    125829120
       30720        16384         367.267   1006632960    251658240
       30720        32768        8102.269   2013265920    503316480
       33792            1          40.836        67584        16896
       33792            2          35.777       135168        33792
       33792            4          29.285       270336        67584
       33792            8          29.696       540672       135168
       33792           16          28.723      1081344       270336
       33792           32          29.885      2162688       540672
       33792           64          30.467      4325376      1081344
       33792          128          31.189      8650752      2162688
       33792          256          35.597     17301504      4325376
       33792          512          39.704     34603008      8650752
       33792         1024          51.215     69206016     17301504
       33792         2048          73.558    138412032     34603008
       33792         4096         118.872    276824064     69206016
       33792         8192         210.383    553648128    138412032
       33792        16384         388.817   1107296256    276824064
       33792        32768        8147.704   2214592512    553648128
       36864            1          41.738        73728        18432
       36864            2          30.617       147456        36864
       36864            4          34.544       294912        73728
       36864            8          29.164       589824       147456
       36864           16          29.956      1179648       294912
       36864           32          29.034      2359296       589824
       36864           64          30.137      4718592      1179648
       36864          128          31.248      9437184      2359296
       36864          256          33.974     18874368      4718592
       36864          512          41.187     37748736      9437184
       36864         1024          50.224     75497472     18874368
       36864         2048          72.075    150994944     37748736
       36864         4096         119.674    301989888     75497472
       36864         8192         203.160    603979776    150994944
       36864        16384         383.938   1207959552    301989888
       36864        32768        8103.692   2415919104    603979776
       39936            1          42.880        79872        19968
       39936            2          29.215       159744        39936
       39936            4          29.676       319488        79872
       39936            8          29.345       638976       159744
       39936           16          40.906      1277952       319488
       39936           32          31.940      2555904       638976
       39936           64          30.988      5111808      1277952
       39936          128          31.338     10223616      2555904
       39936          256          35.096     20447232      5111808
       39936          512          41.167     40894464     10223616
       39936         1024          53.720     81788928     20447232
       39936         2048          78.477    163577856     40894464
       39936         4096         128.881    327155712     81788928
       39936         8192         230.851    654311424    163577856
       39936        16384         426.247   1308622848    327155712
       39936        32768        8178.371   2617245696    654311424
       43008            1          42.299        86016        21504
       43008            2          29.315       172032        43008
       43008            4          29.976       344064        86016
       43008            8          39.955       688128       172032
       43008           16          28.915      1376256       344064
       43008           32          29.334      2752512       688128
       43008           64          31.589      5505024      1376256
       43008          128          31.860     11010048      2752512
       43008          256          35.316     22020096      5505024
       43008          512          41.548     44040192     11010048
       43008         1024          54.501     88080384     22020096
       43008         2048          79.539    176160768     44040192
       43008         4096         128.861    352321536     88080384
       43008         8192         230.261    704643072    176160768
       43008        16384        7823.588   1409286144    352321536
       47104            1          57.076        94208        23552
       47104            2          28.733       188416        47104
       47104            4          28.934       376832        94208
       47104            8          29.615       753664       188416
       47104           16          29.315      1507328       376832
       47104           32          29.074      3014656       753664
       47104           64          30.848      6029312      1507328
       47104          128          31.740     12058624      3014656
       47104          256          36.548     24117248      6029312
       47104          512          42.710     48234496     12058624
       47104         1024          62.226     96468992     24117248
       47104         2048          85.319    192937984     48234496
       47104         4096         139.320    385875968     96468992
       47104         8192         256.450    771751936    192937984
       47104        16384        7852.802   1543503872    385875968
       51200            1          51.777       102400        25600
       51200            2          29.475       204800        51200
       51200            4          31.058       409600       102400
       51200            8          29.214       819200       204800
       51200           16          29.796      1638400       409600
       51200           32          36.489      3276800       819200
       51200           64          38.762      6553600      1638400
       51200          128          40.335     13107200      3276800
       51200          256          45.385     26214400      6553600
       51200          512          54.201     52428800     13107200
       51200         1024          73.597    104857600     26214400
       51200         2048         112.811    209715200     52428800
       51200         4096         158.716    419430400    104857600
       51200         8192         274.323    838860800    209715200
       51200        16384        7924.567   1677721600    419430400
       56320            1          50.775       112640        28160
       56320            2          29.976       225280        56320
       56320            4          30.387       450560       112640
       56320            8          29.385       901120       225280
       56320           16          29.635      1802240       450560
       56320           32          31.138      3604480       901120
       56320           64          33.162      7208960      1802240
       56320          128          32.631     14417920      3604480
       56320          256          36.699     28835840      7208960
       56320          512          45.395     57671680     14417920
       56320         1024          63.238    115343360     28835840
       56320         2048          97.573    230686720     57671680
       56320         4096         173.103    461373440    115343360
       56320         8192         315.390    922746880    230686720
       56320        16384        7873.561   1845493760    461373440
       61440            1          44.643       122880        30720
       61440            2          29.666       245760        61440
       61440            4          29.906       491520       122880
       61440            8          35.807       983040       245760
       61440           16          36.659      1966080       491520
       61440           32          37.901      3932160       983040
       61440           64          39.965      7864320      1966080
       61440          128          43.311     15728640      3932160
       61440          256          41.878     31457280      7864320
       61440          512          54.372     62914560     15728640
       61440         1024          90.289    125829120     31457280
       61440         2048         165.559    251658240     62914560
       61440         4096         240.851    503316480    125829120
       61440         8192         449.320   1006632960    251658240
       61440        16384        8203.217   2013265920    503316480
       67584            1          45.045       135168        33792
       67584            2          29.515       270336        67584
       67584            4          30.126       540672       135168
       67584            8          29.465      1081344       270336
       67584           16          30.728      2162688       540672
       67584           32          30.136      4325376      1081344
       67584           64          32.390      8650752      2162688
       67584          128          33.091     17301504      4325376
       67584          256          37.249     34603008      8650752
       67584          512          52.939     69206016     17301504
       67584         1024          79.349    138412032     34603008
       67584         2048         119.383    276824064     69206016
       67584         4096         209.712    553648128    138412032
       67584         8192         324.757   1107296256    276824064
       67584        16384        8010.507   2214592512    553648128
       73728            1          41.558       147456        36864
       73728            2          29.625       294912        73728
       73728            4          31.078       589824       147456
       73728            8          29.305      1179648       294912
       73728           16          30.758      2359296       589824
       73728           32          31.709      4718592      1179648
       73728           64          32.341      9437184      2359296
       73728          128          35.527     18874368      4718592
       73728          256          42.991     37748736      9437184
       73728          512          56.576     75497472     18874368
       73728         1024          84.919    150994944     37748736
       73728         2048         149.990    301989888     75497472
       73728         4096         256.179    603979776    150994944
       73728         8192         484.576   1207959552    301989888
       73728        16384        8231.300   2415919104    603979776
       80896            1          51.536       161792        40448
       80896            2          29.856       323584        80896
       80896            4          31.509       647168       161792
       80896            8          29.285      1294336       323584
       80896           16          30.708      2588672       647168
       80896           32          32.190      5177344      1294336
       80896           64          33.202     10354688      2588672
       80896          128          35.947     20709376      5177344
       80896          256          40.526     41418752     10354688
       80896          512          52.307     82837504     20709376
       80896         1024          77.155    165675008     41418752
       80896         2048         110.296    331350016     82837504
       80896         4096         193.472    662700032    165675008
       80896         8192         360.755   1325400064    331350016
       80896        16384        8068.215   2650800128    662700032
       88064            1          42.109       176128        44032
       88064            2          28.914       352256        88064
       88064            4          28.984       704512       176128
       88064            8          29.696      1409024       352256
       88064           16          30.036      2818048       704512
       88064           32          31.348      5636096      1409024
       88064           64          32.481     11272192      2818048
       88064          128          35.707     22544384      5636096
       88064          256          42.529     45088768     11272192
       88064          512          57.989     90177536     22544384
       88064         1024          88.275    180355072     45088768
       88064         2048         148.658    360710144     90177536
       88064         4096         266.448    721420288    180355072
       88064         8192        7772.292   1442840576    360710144
       96256            1          53.039       192512        48128
       96256            2          29.035       385024        96256
       96256            4          32.280       770048       192512
       96256            8          29.475      1540096       385024
       96256           16          29.765      3080192       770048
       96256           32          31.629      6160384      1540096
       96256           64          31.810     12320768      3080192
       96256          128          35.676     24641536      6160384
       96256          256          43.692     49283072     12320768
       96256          512          56.265     98566144     24641536
       96256         1024          93.194    197132288     49283072
       96256         2048         145.793    394264576     98566144
       96256         4096         260.106    788529152    197132288
       96256         8192        7782.781   1577058304    394264576
      105472            1          50.203       210944        52736
      105472            2          29.596       421888       105472
      105472            4          29.776       843776       210944
      105472            8          30.497      1687552       421888
      105472           16          32.841      3375104       843776
      105472           32          30.487      6750208      1687552
      105472           64          33.683     13500416      3375104
      105472          128          35.346     27000832      6750208
      105472          256          42.239     54001664     13500416
      105472          512          56.055    108003328     27000832
      105472         1024          87.334    216006656     54001664
      105472         2048         137.648    432013312    108003328
      105472         4096         246.712    864026624    216006656
      105472         8192        7818.028   1728053248    432013312
      115712            1          56.976       231424        57856
      115712            2          29.836       462848       115712
      115712            4          28.834       925696       231424
      115712            8          29.045      1851392       462848
      115712           16          29.605      3702784       925696
      115712           32          32.451      7405568      1851392
      115712           64          33.332     14811136      3702784
      115712          128          36.098     29622272      7405568
      115712          256          42.860     59244544     14811136
      115712          512          57.838    118489088     29622272
      115712         1024          85.841    236978176     59244544
      115712         2048         143.167    473956352    118489088
      115712         4096         307.315    947912704    236978176
      115712         8192        7829.089   1895825408    473956352
      126976            1          52.298       253952        63488
      126976            2          28.854       507904       126976
      126976            4          30.146      1015808       253952
      126976            8          29.596      2031616       507904
      126976           16          29.905      4063232      1015808
      126976           32          31.870      8126464      2031616
      126976           64          34.375     16252928      4063232
      126976          128          38.121     32505856      8126464
      126976          256          48.681     65011712     16252928
      126976          512          77.355    130023424     32505856
      126976         1024         133.821    260046848     65011712
      126976         2048         196.297    520093696    130023424
      126976         4096         360.284   1040187392    260046848
      126976         8192        8038.550   2080374784    520093696
      139264            1          55.103       278528        69632
      139264            2          29.215       557056       139264
      139264            4          30.708      1114112       278528
      139264            8          31.399      2228224       557056
      139264           16          32.390      4456448      1114112
      139264           32          33.122      8912896      2228224
      139264           64          34.675     17825792      4456448
      139264          128          39.023     35651584      8912896
      139264          256          49.813     71303168     17825792
      139264          512          70.782    142606336     35651584
      139264         1024         115.146    285212672     71303168
      139264         2048         202.830    570425344    142606336
      139264         4096         381.934   1140850688    285212672
      139264         8192        8069.848   2281701376    570425344
      152576            1          53.470       305152        76288
      152576            2          29.635       610304       152576
      152576            4          29.425      1220608       305152
      152576            8          29.766      2441216       610304
      152576           16          35.707      4882432      1220608
      152576           32          34.354      9764864      2441216
      152576           64          34.184     19529728      4882432
      152576          128          39.735     39059456      9764864
      152576          256          49.903     78118912     19529728
      152576          512          67.125    156237824     39059456
      152576         1024         107.360    312475648     78118912
      152576         2048         184.495    624951296    156237824
      152576         4096         349.864   1249902592    312475648
      152576         8192        7936.488   2499805184    624951296
      166912            1          45.855       333824        83456
      166912            2          35.827       667648       166912
      166912            4          31.309      1335296       333824
      166912            8          29.586      2670592       667648
      166912           16          29.996      5341184      1335296
      166912           32          31.208     10682368      2670592
      166912           64          34.184     21364736      5341184
      166912          128          39.003     42729472     10682368
      166912          256          48.191     85458944     21364736
      166912          512          66.505    170917888     42729472
      166912         1024         105.497    341835776     85458944
      166912         2048         186.629    683671552    170917888
      166912         4096        7771.270   1367343104    341835776
      183296            1          42.519       366592        91648
      183296            2          29.996       733184       183296
      183296            4          29.496      1466368       366592
      183296            8          29.685      2932736       733184
      183296           16          30.648      5865472      1466368
      183296           32          32.621     11730944      2932736
      183296           64          34.886     23461888      5865472
      183296          128          41.968     46923776     11730944
      183296          256          54.402     93847552     23461888
      183296          512          82.495    187695104     46923776
      183296         1024         136.244    375390208     93847552
      183296         2048         230.030    750780416    187695104
      183296         4096        7834.298   1501560832    375390208
      200704            1          46.277       401408       100352
      200704            2          29.595       802816       200704
      200704            4          29.105      1605632       401408
      200704            8          29.596      3211264       802816
      200704           16          31.339      6422528      1605632
      200704           32          32.631     12845056      3211264
      200704           64          44.863     25690112      6422528
      200704          128          55.113     51380224     12845056
      200704          256          79.969    102760448     25690112
      200704          512          91.051    205520896     51380224
      200704         1024         151.944    411041792    102760448
      200704         2048         281.737    822083584    205520896
      200704         4096        7934.846   1644167168    411041792
      220160            1          45.324       440320       110080
      220160            2          30.968       880640       220160
      220160            4          29.274      1761280       440320
      220160            8          30.087      3522560       880640
      220160           16          30.527      7045120      1761280
      220160           32          32.461     14090240      3522560
      220160           64          37.110     28180480      7045120
      220160          128          44.563     56360960     14090240
      220160          256          55.033    112721920     28180480
      220160          512          79.659    225443840     56360960
      220160         1024         129.101    450887680    112721920
      220160         2048         236.813    901775360    225443840
      220160         4096        7917.764   1803550720    450887680
      241664            1          54.191       483328       120832
      241664            2          30.577       966656       241664
      241664            4          30.016      1933312       483328
      241664            8          30.727      3866624       966656
      241664           16          31.880      7733248      1933312
      241664           32          33.122     15466496      3866624
      241664           64          37.009     30932992      7733248
      241664          128          46.397     61865984     15466496
      241664          256          64.140    123731968     30932992
      241664          512          99.295    247463936     61865984
      241664         1024         205.955    494927872    123731968
      241664         2048         313.376    989855744    247463936
      241664         4096        7992.494   1979711488    494927872
      265216            1          43.942       530432       132608
      265216            2          36.128      1060864       265216
      265216            4          29.314      2121728       530432
      265216            8          31.630      4243456      1060864
      265216           16          30.427      8486912      2121728
      265216           32          33.212     16973824      4243456
      265216           64          36.388     33947648      8486912
      265216          128          44.122     67895296     16973824
      265216          256          87.734    135790592     33947648
      265216          512         110.136    271581184     67895296
      265216         1024         163.726    543162368    135790592
      265216         2048         267.931   1086324736    271581184
      265216         4096        7998.314   2172649472    543162368
      290816            1          46.897       581632       145408
      290816            2          30.166      1163264       290816
      290816            4          29.455      2326528       581632
      290816            8          31.228      4653056      1163264
      290816           16          31.880      9306112      2326528
      290816           32          33.723     18612224      4653056
      290816           64          38.773     37224448      9306112
      290816          128          48.571     74448896     18612224
      290816          256          67.847    148897792     37224448
      290816          512         109.404    297795584     74448896
      290816         1024         229.550    595591168    148897792
      290816         2048         351.948   1191182336    297795584
      290816         4096        8067.624   2382364672    595591168
      319488            1          59.331       638976       159744
      319488            2          29.224      1277952       319488
      319488            4          30.237      2555904       638976
      319488            8          30.897      5111808      1277952
      319488           16          33.001     10223616      2555904
      319488           32          34.845     20447232      5111808
      319488           64          39.554     40894464     10223616
      319488          128          50.304     81788928     20447232
      319488          256          70.712    163577856     40894464
      319488          512         113.332    327155712     81788928
      319488         1024         198.821    654311424    163577856
      319488         2048         373.799   1308622848    327155712
      319488         4096        8084.666   2617245696    654311424
      351232            1          54.963       702464       175616
      351232            2          36.599      1404928       351232
      351232            4          33.403      2809856       702464
      351232            8          33.092      5619712      1404928
      351232           16          32.160     11239424      2809856
      351232           32          33.993     22478848      5619712
      351232           64          39.594     44957696     11239424
      351232          128          48.561     89915392     22478848
      351232          256          67.837    179830784     44957696
      351232          512         108.272    359661568     89915392
      351232         1024         190.837    719323136    179830784
      351232         2048        7784.164   1438646272    359661568
      386048            1          55.684       772096       193024
      386048            2          33.413      1544192       386048
      386048            4          36.899      3088384       772096
      386048            8          38.241      6176768      1544192
      386048           16          40.306     12353536      3088384
      386048           32          43.922     24707072      6176768
      386048           64          41.989     49414144     12353536
      386048          128          53.971     98828288     24707072
      386048          256          78.798    197656576     49414144
      386048          512         130.594    395313152     98828288
      386048         1024         227.305    790626304    197656576
      386048         2048        7792.209   1581252608    395313152
      423936            1          53.109       847872       211968
      423936            2          37.661      1695744       423936
      423936            4          37.620      3391488       847872
      423936            8          38.442      6782976      1695744
      423936           16          40.506     13565952      3391488
      423936           32          46.577     27131904      6782976
      423936           64          41.839     54263808     13565952
      423936          128          56.255    108527616     27131904
      423936          256          82.534    217055232     54263808
      423936          512         139.541    434110464    108527616
      423936         1024         244.447    868220928    217055232
      423936         2048        7820.061   1736441856    434110464
      465920            1          44.984       931840       232960
      465920            2          28.914      1863680       465920
      465920            4          29.806      3727360       931840
      465920            8          31.659      7454720      1863680
      465920           16          32.611     14909440      3727360
      465920           32          40.286     29818880      7454720
      465920           64          43.542     59637760     14909440
      465920          128          56.496    119275520     29818880
      465920          256          83.296    238551040     59637760
      465920          512         136.475    477102080    119275520
      465920         1024         253.484    954204160    238551040
      465920         2048        7784.755   1908408320    477102080
      512000            1          53.761      1024000       256000
      512000            2          30.226      2048000       512000
      512000            4          30.967      4096000      1024000
      512000            8          30.958      8192000      2048000
      512000           16          34.475     16384000      4096000
      512000           32          36.288     32768000      8192000
      512000           64          44.112     65536000     16384000
      512000          128          58.990    131072000     32768000
      512000          256          88.946    262144000     65536000
      512000          512         154.418    524288000    131072000
      512000         1024         271.487   1048576000    262144000
      512000         2048        7900.021   2097152000    524288000
      563200            1          47.268      1126400       281600
      563200            2          30.747      2252800       563200
      563200            4          31.028      4505600      1126400
      563200            8          31.679      9011200      2252800
      563200           16          34.825     18022400      4505600
      563200           32          46.688     36044800      9011200
      563200           64          46.197     72089600     18022400
      563200          128          62.607    144179200     36044800
      563200          256          98.905    288358400     72089600
      563200          512         156.853    576716800    144179200
      563200         1024         289.772   1153433600    288358400
      563200         2048        7943.652   2306867200    576716800
      619520            1          63.929      1239040       309760
      619520            2          38.121      2478080       619520
      619520            4          37.800      4956160      1239040
      619520            8          34.705      9912320      2478080
      619520           16          34.374     19824640      4956160
      619520           32          37.951     39649280      9912320
      619520           64          47.349     79298560     19824640
      619520          128          77.205    158597120     39649280
      619520          256         124.273    317194240     79298560
      619520          512         172.873    634388480    158597120
      619520         1024         320.018   1268776960    317194240
      619520         2048        8066.963   2537553920    634388480
      680960            1          49.031      1361920       340480
      680960            2          29.706      2723840       680960
      680960            4          31.158      5447680      1361920
      680960            8          39.875     10895360      2723840
      680960           16          34.154     21790720      5447680
      680960           32          39.304     43581440     10895360
      680960           64          50.364     87162880     21790720
      680960          128          68.879    174325760     43581440
      680960          256         107.682    348651520     87162880
      680960          512         187.281    697303040    174325760
      680960         1024        7769.136   1394606080    348651520
      748544            1          47.649      1497088       374272
      748544            2          30.647      2994176       748544
      748544            4          31.419      5988352      1497088
      748544            8          39.073     11976704      2994176
      748544           16          35.567     23953408      5988352
      748544           32          39.394     47906816     11976704
      748544           64          51.256     95813632     23953408
      748544          128          76.944    191627264     47906816
      748544          256         115.466    383254528     95813632
      748544          512         201.557    766509056    191627264
      748544         1024        7862.059   1533018112    383254528
      823296            1          47.529      1646592       411648
      823296            2          34.414      3293184       823296
      823296            4          33.643      6586368      1646592
      823296            8          32.571     13172736      3293184
      823296           16          35.426     26345472      6586368
      823296           32          41.698     52690944     13172736
      823296           64          53.831    105381888     26345472
      823296          128          76.222    210763776     52690944
      823296          256         122.669    421527552    105381888
      823296          512         216.395    843055104    210763776
      823296         1024        7789.254   1686110208    421527552
      905216            1          55.905      1810432       452608
      905216            2          30.257      3620864       905216
      905216            4          31.910      7241728      1810432
      905216            8          32.761     14483456      3620864
      905216           16          36.468     28966912      7241728
      905216           32          44.393     57933824     14483456
      905216           64          58.540    115867648     28966912
      905216          128          80.280    231735296     57933824
      905216          256         132.247    463470592    115867648
      905216          512         235.320    926941184    231735296
      905216         1024        7812.186   1853882368    463470592
      995328            1          48.681      1990656       497664
      995328            2          31.298      3981312       995328
      995328            4          31.399      7962624      1990656
      995328            8          33.823     15925248      3981312
      995328           16          37.269     31850496      7962624
      995328           32          43.652     63700992     15925248
      995328           64          57.748    127401984     31850496
      995328          128          86.101    254803968     63700992
      995328          256         142.176    509607936    127401984
      995328          512         257.993   1019215872    254803968
      995328         1024        7863.673   2038431744    509607936
     1094656            1          61.685      2189312       547328
     1094656            2          31.388      4378624      1094656
     1094656            4          31.779      8757248      2189312
     1094656            8          34.284     17514496      4378624
     1094656           16          41.127     35028992      8757248
     1094656           32          44.954     70057984     17514496
     1094656           64          60.303    140115968     35028992
     1094656          128          91.792    280231936     70057984
     1094656          256         154.259    560463872    140115968
     1094656          512         284.421   1120927744    280231936
     1094656         1024        7940.296   2241855488    560463872
     1203200            1          51.918      2406400       601600
     1203200            2          32.531      4812800      1203200
     1203200            4          32.040      9625600      2406400
     1203200            8          34.494     19251200      4812800
     1203200           16          39.995     38502400      9625600
     1203200           32          47.178     77004800     19251200
     1203200           64          71.393    154009600     38502400
     1203200          128          99.636    308019200     77004800
     1203200          256         166.661    616038400    154009600
     1203200          512         303.167   1232076800    308019200
     1203200         1024        7975.341   2464153600    616038400
     1323008            1          55.864      2646016       661504
     1323008            2          31.188      5292032      1323008
     1323008            4          33.443     10584064      2646016
     1323008            8          35.336     21168128      5292032
     1323008           16          39.834     42336256     10584064
     1323008           32          51.547     84672512     21168128
     1323008           64          68.598    169345024     42336256
     1323008          128         106.359    338690048     84672512
     1323008          256         181.860    677380096    169345024
     1323008          512         334.696   1354760192    338690048
     1323008         1024        8068.596   2709520384    677380096
     1455104            1          51.496      2910208       727552
     1455104            2          34.384      5820416      1455104
     1455104            4          37.290     11640832      2910208
     1455104            8          35.195     23281664      5820416
     1455104           16          40.947     46563328     11640832
     1455104           32          50.384     93126656     23281664
     1455104           64          71.744    186253312     46563328
     1455104          128         111.188    372506624     93126656
     1455104          256         195.416    745013248    186253312
     1455104          512        7721.948   1490026496    372506624
     1600512            1          66.624      3201024       800256
     1600512            2          39.154      6402048      1600512
     1600512            4          42.950     12804096      3201024
     1600512            8          45.425     25608192      6402048
     1600512           16          43.120     51216384     12804096
     1600512           32          53.169    102432768     25608192
     1600512           64          83.035    204865536     51216384
     1600512          128         120.225    409731072    102432768
     1600512          256         210.764    819462144    204865536
     1600512          512        7830.812   1638924288    409731072
     1760256            1          59.841      3520512       880128
     1760256            2          34.284      7041024      1760256
     1760256            4          34.374     14082048      3520512
     1760256            8          36.749     28164096      7041024
     1760256           16          42.750     56328192     14082048
     1760256           32          63.979    112656384     28164096
     1760256           64          80.370    225312768     56328192
     1760256          128         129.122    450625536    112656384
     1760256          256         254.676    901251072    225312768
     1760256          512        7814.330   1802502144    450625536
     1935360            1          54.703      3870720       967680
     1935360            2          33.413      7741440      1935360
     1935360            4          34.275     15482880      3870720
     1935360            8          45.195     30965760      7741440
     1935360           16          44.814     61931520     15482880
     1935360           32          57.568    123863040     30965760
     1935360           64          85.009    247726080     61931520
     1935360          128         138.900    495452160    123863040
     1935360          256         246.371    990904320    247726080
     1935360          512        7909.378   1981808640    495452160
     2128896            1          56.977      4257792      1064448
     2128896            2          32.982      8515584      2128896
     2128896            4          35.446     17031168      4257792
     2128896            8          38.612     34062336      8515584
     2128896           16          47.238     68124672     17031168
     2128896           32          60.504    136249344     34062336
     2128896           64          90.980    272498688     68124672
     2128896          128         177.261    544997376    136249344
     2128896          256         269.244   1089994752    272498688
     2128896          512        7889.882   2179989504    544997376
     2340864            1          58.679      4681728      1170432
     2340864            2          32.902      9363456      2340864
     2340864            4          35.627     18726912      4681728
     2340864            8          39.874     37453824      9363456
     2340864           16          47.339     74907648     18726912
     2340864           32          64.119    149815296     37453824
     2340864           64          96.781    299630592     74907648
     2340864          128         162.473    599261184    149815296
     2340864          256         297.617   1198522368    299630592
     2340864          512        7940.557   2397044736    599261184
     2574336            1          61.115      5148672      1287168
     2574336            2          34.284     10297344      2574336
     2574336            4          37.771     20594688      5148672
     2574336            8          40.626     41189376     10297344
     2574336           16          50.604     82378752     20594688
     2574336           32          71.775    164757504     41189376
     2574336           64         110.347    329515008     82378752
     2574336          128         178.724    659030016    164757504
     2574336          256         316.562   1318060032    329515008
     2574336          512        7969.610   2636120064    659030016
     2831360            1          64.231      5662720      1415680
     2831360            2          33.873     11325440      2831360
     2831360            4          37.420     22650880      5662720
     2831360            8          42.379     45301760     11325440
     2831360           16          52.108     90603520     22650880
     2831360           32          71.234    181207040     45301760
     2831360           64         111.719    362414080     90603520
     2831360          128         191.187    724828160    181207040
     2831360          256        7736.545   1449656320    362414080
     3113984            1          77.024      6227968      1556992
     3113984            2          34.765     12455936      3113984
     3113984            4          36.599     24911872      6227968
     3113984            8          42.750     49823744     12455936
     3113984           16          53.140     99647488     24911872
     3113984           32          75.361    199294976     49823744
     3113984           64         123.601    398589952     99647488
     3113984          128         241.060    797179904    199294976
     3113984          256        7781.780   1594359808    398589952
     3425280            1          78.767      6850560      1712640
     3425280            2          36.408     13701120      3425280
     3425280            4          39.063     27402240      6850560
     3425280            8          44.242     54804480     13701120
     3425280           16          56.145    109608960     27402240
     3425280           32          80.430    219217920     54804480
     3425280           64         127.719    438435840    109608960
     3425280          128         221.995    876871680    219217920
     3425280          256        7789.835   1753743360    438435840
     3767296            1          81.592      7534592      1883648
     3767296            2          36.508     15069184      3767296
     3767296            4          40.426     30138368      7534592
     3767296            8          46.236     60276736     15069184
     3767296           16          59.100    120553472     30138368
     3767296           32          85.741    241106944     60276736
     3767296           64         137.617    482213888    120553472
     3767296          128         242.884    964427776    241106944
     3767296          256        7937.641   1928855552    482213888
     4143104            1          69.811      8286208      2071552
     4143104            2          35.757     16572416      4143104
     4143104            4          41.918     33144832      8286208
     4143104            8          48.541     66289664     16572416
     4143104           16          64.731    132579328     33144832
     4143104           32          92.683    265158656     66289664
     4143104           64         148.067    530317312    132579328
     4143104          128         272.800   1060634624    265158656
     4143104          256        7879.052   2121269248    530317312
     4556800            1          84.337      9113600      2278400
     4556800            2          38.381     18227200      4556800
     4556800            4          44.413     36454400      9113600
     4556800            8          53.740     72908800     18227200
     4556800           16          74.079    145817600     36454400
     4556800           32         125.725    291635200     72908800
     4556800           64         213.489    583270400    145817600
     4556800          128         358.560   1166540800    291635200
     4556800          256        8026.458   2333081600    583270400
     5012480            1          74.800     10024960      2506240
     5012480            2          39.534     20049920      5012480
     5012480            4          44.603     40099840     10024960
     5012480            8          56.666     80199680     20049920
     5012480           16          80.039    160399360     40099840
     5012480           32         129.793    320798720     80199680
     5012480           64         251.690    641597440    160399360
     5012480          128         410.397   1283194880    320798720
     5012480          256        8154.286   2566389760    641597440
     5513216            1          85.210     11026432      2756608
     5513216            2          48.971     22052864      5513216
     5513216            4          56.766     44105728     11026432
     5513216            8          69.300     88211456     22052864
     5513216           16          85.720    176422912     44105728
     5513216           32         138.029    352845824     88211456
     5513216           64         241.792    705691648    176422912
     5513216          128        7806.466   1411383296    352845824
     6064128            1          85.369     12128256      3032064
     6064128            2          50.254     24256512      6064128
     6064128            4          54.762     48513024     12128256
     6064128            8          62.056     97026048     24256512
     6064128           16          90.769    194052096     48513024
     6064128           32         147.907    388104192     97026048
     6064128           64         294.911    776208384    194052096
     6064128          128        7886.005   1552416768    388104192
     6670336            1          86.762     13340672      3335168
     6670336            2          43.171     26681344      6670336
     6670336            4          50.234     53362688     13340672
     6670336            8          65.713    106725376     26681344
     6670336           16         108.754    213450752     53362688
     6670336           32         184.766    426901504    106725376
     6670336           64         297.356    853803008    213450752
     6670336          128        7926.841   1707606016    426901504
     7336960            1          97.212     14673920      3668480
     7336960            2          55.003     29347840      7336960
     7336960            4          65.393     58695680     14673920
     7336960            8          71.363    117391360     29347840
     7336960           16         108.994    234782720     58695680
     7336960           32         209.512    469565440    117391360
     7336960           64         306.784    939130880    234782720
     7336960          128        7951.016   1878261760    469565440
     8070144            1         110.266     16140288      4035072
     8070144            2          55.884     32280576      8070144
     8070144            4          61.164     64561152     16140288
     8070144            8          74.539    129122304     32280576
     8070144           16         113.161    258244608     64561152
     8070144           32         189.765    516489216    129122304
     8070144           64         345.166   1032978432    258244608
     8070144          128        8067.233   2065956864    516489216
     8877056            1         105.858     17754112      4438528
     8877056            2          48.621     35508224      8877056
     8877056            4          56.125     71016448     17754112
     8877056            8          75.912    142032896     35508224
     8877056           16         137.187    284065792     71016448
     8877056           32         237.224    568131584    142032896
     8877056           64         387.053   1136263168    284065792
     8877056          128        8062.484   2272526336    568131584
     9763840            1         119.654     19527680      4881920
     9763840            2          50.344     39055360      9763840
     9763840            4          59.751     78110720     19527680
     9763840            8          82.014    156221440     39055360
     9763840           16         135.463    312442880     78110720
     9763840           32         256.078    624885760    156221440
     9763840           64         390.430   1249771520    312442880
     9763840          128        8162.111   2499543040    624885760
    10739712            1         114.794     21479424      5369856
    10739712            2          55.855     42958848     10739712
    10739712            4          64.180     85917696     21479424
    10739712            8          89.688    171835392     42958848
    10739712           16         139.842    343670784     85917696
    10739712           32         242.874    687341568    171835392
    10739712           64        7814.631   1374683136    343670784
    11812864            1         123.832     23625728      5906432
    11812864            2          57.267     47251456     11812864
    11812864            4          66.754     94502912     23625728
    11812864            8          95.769    189005824     47251456
    11812864           16         150.271    378011648     94502912
    11812864           32         268.913    756023296    189005824
    11812864           64        7875.215   1512046592    378011648
    12993536            1         128.751     25987072      6496768
    12993536            2          62.036     51974144     12993536
    12993536            4          70.893    103948288     25987072
    12993536            8         100.568    207896576     51974144
    12993536           16         168.414    415793152    103948288
    12993536           32         286.476    831586304    207896576
    12993536           64        7864.374   1663172608    415793152
    14291968            1         149.981     28583936      7145984
    14291968            2          67.016     57167872     14291968
    14291968            4          81.051    114335744     28583936
    14291968            8         110.176    228671488     57167872
    14291968           16         184.435    457342976    114335744
    14291968           32         328.204    914685952    228671488
    14291968           64        7968.809   1829371904    457342976
    15720448            1         163.626     31440896      7860224
    15720448            2          72.977     62881792     15720448
    15720448            4          78.607    125763584     31440896
    15720448            8         114.764    251527168     62881792
    15720448           16         184.275    503054336    125763584
    15720448           32         368.208   1006108672    251527168
    15720448           64        7965.173   2012217344    503054336
    17292288            1         157.113     34584576      8646144
    17292288            2          79.458     69169152     17292288
    17292288            4          86.662    138338304     34584576
    17292288            8         132.308    276676608     69169152
    17292288           16         207.769    553353216    138338304
    17292288           32         371.234   1106706432    276676608
    17292288           64        8070.069   2213412864    553353216
    19020800            1         171.230     38041600      9510400
    19020800            2          84.889     76083200     19020800
    19020800            4          89.778    152166400     38041600
    19020800            8         134.311    304332800     76083200
    19020800           16         231.122    608665600    152166400
    19020800           32         420.727   1217331200    304332800
    19020800           64        8125.342   2434662400    608665600
    20922368            1         182.000     41844736     10461184
    20922368            2          91.000     83689472     20922368
    20922368            4          98.294    167378944     41844736
    20922368            8         147.456    334757888     83689472
    20922368           16         246.722    669515776    167378944
    20922368           32         502.479   1339031552    334757888
    20922368           64        8179.033   2678063104    669515776
    23014400            1         225.943     46028800     11507200
    23014400            2          99.146     92057600     23014400
    23014400            4         130.384    184115200     46028800
    23014400            8         168.355    368230400     92057600
    23014400           16         268.392    736460800    184115200
    23014400           32        7750.431   1472921600    368230400
    25315328            1         217.286     50630656     12657664
    25315328            2         130.043    101261312     25315328
    25315328            4         112.400    202522624     50630656
    25315328            8         171.591    405045248    101261312
    25315328           16         296.364    810090496    202522624
    25315328           32        7832.474   1620180992    405045248
    27846656            1         256.139     55693312     13923328
    27846656            2         130.614    111386624     27846656
    27846656            4         127.929    222773248     55693312
    27846656            8         186.138    445546496    111386624
    27846656           16         342.270    891092992    222773248
    27846656           32        7879.321   1782185984    445546496
    30630912            1         270.677     61261824     15315456
    30630912            2         119.624    122523648     30630912
    30630912            4         131.245    245047296     61261824
    30630912            8         203.460    490094592    122523648
    30630912           16         354.503    980189184    245047296
    30630912           32        7942.240   1960378368    490094592
    33693696            1         279.413     67387392     16846848
    33693696            2         127.879    134774784     33693696
    33693696            4         144.440    269549568     67387392
    33693696            8         221.504    539099136    134774784
    33693696           16         379.981   1078198272    269549568
    33693696           32        8010.447   2156396544    539099136
    37062656            1         298.538     74125312     18531328
    37062656            2         135.924    148250624     37062656
    37062656            4         151.864    296501248     74125312
    37062656            8         244.488    593002496    148250624
    37062656           16         413.674   1186004992    296501248
    37062656           32        8049.320   2372009984    593002496
    40768512            1         340.005     81537024     20384256
    40768512            2         153.076    163074048     40768512
    40768512            4         182.361    326148096     81537024
    40768512            8         259.375    652296192    163074048
    40768512           16         444.391   1304592384    326148096
    40768512           32        8095.246   2609184768    652296192
    44845056            1         363.489     89690112     22422528
    44845056            2         153.317    179380224     44845056
    44845056            4         179.015    358760448     89690112
    44845056            8         291.014    717520896    179380224
    44845056           16        7757.955   1435041792    358760448
    49329152            1         394.739     98658304     24664576
    49329152            2         162.574    197316608     49329152
    49329152            4         203.000    394633216     98658304
    49329152            8         330.208    789266432    197316608
    49329152           16        7824.028   1578532864    394633216
    54261760            1         436.045    108523520     27130880
    54261760            2         182.872    217047040     54261760
    54261760            4         214.191    434094080    108523520
    54261760            8         335.177    868188160    217047040
    54261760           16        7832.795   1736376320    434094080
    59687936            1         481.411    119375872     29843968
    59687936            2         196.537    238751744     59687936
    59687936            4         267.760    477503488    119375872
    59687936            8         365.704    955006976    238751744
    59687936           16        7869.845   1910013952    477503488
    65655808            1         525.983    131311616     32827904
    65655808            2         204.553    262623232     65655808
    65655808            4         253.124    525246464    131311616
    65655808            8         407.392   1050492928    262623232
    65655808           16        7929.927   2100985856    525246464
    72220672            1         574.675    144441344     36110336
    72220672            2         209.101    288882688     72220672
    72220672            4         271.939    577765376    144441344
    72220672            8         430.315   1155530752    288882688
    72220672           16        7973.648   2311061504    577765376
    79441920            1         606.464    158883840     39720960
    79441920            2         224.780    317767680     79441920
    79441920            4         301.063    635535360    158883840
    79441920            8         489.004   1271070720    317767680
    79441920           16        8104.674   2542141440    635535360
    87386112            1         677.957    174772224     43693056
    87386112            2         248.104    349544448     87386112
    87386112            4         321.301    699088896    174772224
    87386112            8        7743.348   1398177792    349544448
    96123904            1         738.651    192247808     48061952
    96123904            2         265.767    384495616     96123904
    96123904            4         351.768    768991232    192247808
    96123904            8        7784.715   1537982464    384495616
   105736192            1         802.841    211472384     52868096
   105736192            2         298.097    422944768    105736192
   105736192            4         395.469    845889536    211472384
   105736192            8        7811.615   1691779072    422944768
   116308992            1         904.792    232617984     58154496
   116308992            2         353.501    465235968    116308992
   116308992            4         442.617    930471936    232617984
   116308992            8        7930.388   1860943872    465235968
   127939584            1         973.531    255879168     63969792
   127939584            2         413.964    511758336    127939584
   127939584            4         515.804   1023516672    255879168
   127939584            8        7898.487   2047033344    511758336
   140733440            1        1054.632    281466880     70366720
   140733440            2         576.257    562933760    140733440
   140733440            4         609.229   1125867520    281466880
   140733440            8        8073.475   2251735040    562933760
   154806272            1        1168.154    309612544     77403136
   154806272            2         750.313    619225088    154806272
   154806272            4         811.417   1238450176    309612544
   154806272            8        8383.595   2476900352    619225088
   170286080            1        1283.971    340572160     85143040
   170286080            2         956.438    681144320    170286080
   170286080            4        8177.870   1362288640    340572160
   187314176            1        1413.102    374628352     93657088
   187314176            2        1185.376    749256704    187314176
   187314176            4        8456.261   1498513408    374628352
   206045184            1        1528.228    412090368    103022592
   206045184            2        1452.155    824180736    206045184
   206045184            4        8633.533   1648361472    412090368
   226649088            1        1703.926    453298176    113324544
   226649088            2        1594.652    906596352    226649088
   226649088            4        8790.446   1813192704    453298176
   249313280            1        1853.365    498626560    124656640
   249313280            2        1815.094    997253120    249313280
   249313280            4        9064.188   1994506240    498626560
   274244608            1        2011.381    548489216    137122304
   274244608            2        2090.689   1096978432    274244608
   274244608            4        9291.192   2193956864    548489216
   301668352            1        2213.128    603336704    150834176
   301668352            2        2557.252   1206673408    301668352
   301668352            4        9777.051   2413346816    603336704
   331834368            1        2458.828    663668736    165917184
   331834368            2        3000.880   1327337472    331834368
   331834368            4       10535.098   2654674944    663668736
   365017088            1        2693.256    730034176    182508544
   365017088            2       10245.897   1460068352    365017088
   401518592            1        2972.648    803037184    200759296
   401518592            2       10467.852   1606074368    401518592
   441669632            1        3240.939    883339264    220834816
   441669632            2       10597.424   1766678528    441669632
   485835776            1        3564.645    971671552    242917888
   485835776            2       10851.960   1943343104    485835776
   534418432            1        3933.254   1068836864    267209216
   534418432            2       11551.207   2137673728    534418432
   587859968            1        4326.349   1175719936    293929984
   587859968            2       13234.875   2351439872    587859968
   646645760            1        4718.743   1293291520    323322880
   646645760            2       15245.936   2586583040    646645760
   711310336            1       12422.667   1422620672    355655168
   782440448            1       12940.185   1564880896    391220224
   860684288            1       13647.747   1721368576    430342144
   946752512            1       14236.578   1893505024    473376256
  1041427456            1       14873.509   2082854912    520713728
  1145569280            1       15636.256   2291138560    572784640
  1260126208            1        9174.674   2520252416    630063104

META_DATA
FLOPS          4
MPI_PROCS      32
OPENMP_THREADS 4
ERT_VERSION  1.1.0
HOSTNAME  ('tcn46.local.snellius.surf.nl', [], ['172.18.56.56'])
UNAME  uname_result(system='Linux', node='tcn46.local.snellius.surf.nl', release='4.18.0-372.80.1.el8_6.x86_64', version='#1 SMP Fri Nov 3 14:30:16 EDT 2023', machine='x86_64', processor='x86_64')
TIMESTAMP_DATA  1707385116.87533
CONFIG  {'ERT_RESULTS': ['Results.snellius.01'], 'ERT_DRIVER': ['driver1'], 'ERT_KERNEL': ['kernel1'], 'ERT_MPI': ['True'], 'ERT_MPI_CFLAGS': [], 'ERT_MPI_LDFLAGS': [], 'ERT_OPENMP': ['True'], 'ERT_OPENMP_CFLAGS': ['-fopenmp'], 'ERT_OPENMP_LDFLAGS': ['-fopenmp'], 'ERT_FLOPS': ['1,2,4,8,16'], 'ERT_ALIGN': ['32'], 'ERT_CC': ['mpic++'], 'ERT_CFLAGS': ['-Ofast', '-fargument-noalias', '-mavx2'], 'ERT_LD': ['mpic++'], 'ERT_LDFLAGS': [], 'ERT_LDLIBS': [], 'ERT_RUN': ['export', 'OMP_NUM_THREADS=ERT_OPENMP_THREADS;', 'mpirun', '-np', 'ERT_MPI_PROCS', 'ERT_CODE'], 'ERT_PROCS_THREADS': ['32,64,128'], 'ERT_MPI_PROCS': ['32,64,128'], 'ERT_OPENMP_THREADS': ['1,2,4,8'], 'ERT_NUM_EXPERIMENTS': ['5'], 'ERT_MEMORY_MAX': ['1357905920'], 'ERT_WORKING_SET_MIN': ['1'], 'ERT_TRIALS_MIN': ['1'], 'ERT_GNUPLOT': ['gnuplot'], 'ERT_GPU': [False], 'ERT_HIP': [False], 'ERT_PRECISION': ['FP64'], 'ERT_OCL': [False], 'ERT_SYCL': [False], 'ERT_WSS_MULT': [1.1]}
