fp64
        1024            1           3.868         2048         2048
        1024            2           4.598         4096         4096
        1024            4         304.365         8192         8192
        1024            8           4.518        16384        16384
        1024           16           4.609        32768        32768
        1024           32           5.361        65536        65536
        1024           64           4.989       131072       131072
        1024          128           7.575       262144       262144
        1024          256          10.760       524288       524288
        1024          512          21.201      1048576      1048576
        1024         1024          29.125      2097152      2097152
        1024         2048          53.663      4194304      4194304
        1024         4096         102.977      8388608      8388608
        1024         8192         204.062     16777216     16777216
        1024        16384         443.191     33554432     33554432
        1024        32768         792.331     67108864     67108864
        1024        65536        1584.683    134217728    134217728
        1024       131072        3196.708    268435456    268435456
        1024       262144        6362.776    536870912    536870912
        1024       524288       12703.149   1073741824   1073741824
        1024      1048576       25442.328   2147483648   2147483648
        2048            1           5.320         4096         4096
        2048            2           4.749         8192         8192
        2048            4          11.281        16384        16384
        2048            8           3.807        32768        32768
        2048           16           5.019        65536        65536
        2048           32           5.371       131072       131072
        2048           64           4.880       262144       262144
        2048          128           6.954       524288       524288
        2048          256          10.730      1048576      1048576
        2048          512          21.131      2097152      2097152
        2048         1024          29.206      4194304      4194304
        2048         2048          53.252      8388608      8388608
        2048         4096         102.056     16777216     16777216
        2048         8192         205.214     33554432     33554432
        2048        16384         394.548     67108864     67108864
        2048        32768         809.023    134217728    134217728
        2048        65536        1573.601    268435456    268435456
        2048       131072        3143.185    536870912    536870912
        2048       262144        6258.365   1073741824   1073741824
        2048       524288       29706.365   2147483648   2147483648
        3072            1           6.062         6144         6144
        3072            2           4.629        12288        12288
        3072            4           5.360        24576        24576
        3072            8           9.748        49152        49152
        3072           16           4.959        98304        98304
        3072           32           5.430       196608       196608
        3072           64           6.362       393216       393216
        3072          128           6.262       786432       786432
        3072          256          10.840      1572864      1572864
        3072          512          17.093      3145728      3145728
        3072         1024          33.785      6291456      6291456
        3072         2048          53.803     12582912     12582912
        3072         4096         103.228     25165824     25165824
        3072         8192         202.238     50331648     50331648
        3072        16384         397.443    100663296    100663296
        3072        32768        1572.480    201326592    201326592
        3072        65536        1584.672    402653184    402653184
        3072       131072        3221.726    805306368    805306368
        3072       262144        6362.255   1610612736   1610612736
        4096            1          11.833         8192         8192
        4096            2           6.553        16384        16384
        4096            4           3.658        32768        32768
        4096            8           4.809        65536        65536
        4096           16           5.029       131072       131072
        4096           32           9.779       262144       262144
        4096           64           6.252       524288       524288
        4096          128           7.644      1048576      1048576
        4096          256          10.850      2097152      2097152
        4096          512          15.851      4194304      4194304
        4096         1024          29.316      8388608      8388608
        4096         2048          53.963     16777216     16777216
        4096         4096         107.447     33554432     33554432
        4096         8192         201.748     67108864     67108864
        4096        16384         398.214    134217728    134217728
        4096        32768         792.592    268435456    268435456
        4096        65536        1636.993    536870912    536870912
        4096       131072        3228.979   1073741824   1073741824
        4096       262144        6368.617   2147483648   2147483648
        5120            1          17.484        10240        10240
        5120            2           5.059        20480        20480
        5120            4           7.824        40960        40960
        5120            8           4.077        81920        81920
        5120           16           3.827       163840       163840
        5120           32           4.829       327680       327680
        5120           64           6.262       655360       655360
        5120          128          11.952      1310720      1310720
        5120          256          10.741      2621440      2621440
        5120          512          16.882      5242880      5242880
        5120         1024          29.256     10485760     10485760
        5120         2048          52.451     20971520     20971520
        5120         4096         103.198     41943040     41943040
        5120         8192         201.587     83886080     83886080
        5120        16384         405.559    167772160    167772160
        5120        32768         831.567    335544320    335544320
        5120        65536        1583.470    671088640    671088640
        5120       131072        4519.106   1342177280   1342177280
        5120       262144        6336.406   2684354560   2684354560
        6144            1          10.540        12288        12288
        6144            2           5.070        24576        24576
        6144            4          11.242        49152        49152
        6144            8           4.228        98304        98304
        6144           16           5.159       196608       196608
        6144           32           5.601       393216       393216
        6144           64           4.860       786432       786432
        6144          128           7.254      1572864      1572864
        6144          256          10.841      3145728      3145728
        6144          512          21.170      6291456      6291456
        6144         1024          29.267     12582912     12582912
        6144         2048          53.492     25165824     25165824
        6144         4096         103.188     50331648     50331648
        6144         8192         200.405    100663296    100663296
        6144        16384         398.115    201326592    201326592
        6144        32768         795.357    402653184    402653184
        6144        65536        1617.696    805306368    805306368
        6144       131072        3178.051   1610612736   1610612736
        7168            1           8.136        14336        14336
        7168            2           4.468        28672        28672
        7168            4           9.128        57344        57344
        7168            8           4.598       114688       114688
        7168           16           4.399       229376       229376
        7168           32          10.950       458752       458752
        7168           64           6.131       917504       917504
        7168          128           7.565      1835008      1835008
        7168          256          10.630      3670016      3670016
        7168          512          47.481      7340032      7340032
        7168         1024          28.806     14680064     14680064
        7168         2048          53.172     29360128     29360128
        7168         4096         108.339     58720256     58720256
        7168         8192         203.230    117440512    117440512
        7168        16384         402.493    234881024    234881024
        7168        32768         799.906    469762048    469762048
        7168        65536        1584.091    939524096    939524096
        7168       131072        3208.400   1879048192   1879048192
        8192            1           9.368        16384        16384
        8192            2          11.272        32768        32768
        8192            4           5.310        65536        65536
        8192            8           4.238       131072       131072
        8192           16           5.280       262144       262144
        8192           32           4.078       524288       524288
        8192           64           6.082      1048576      1048576
        8192          128           7.655      2097152      2097152
        8192          256          15.099      4194304      4194304
        8192          512          17.083      8388608      8388608
        8192         1024          28.766     16777216     16777216
        8192         2048          54.033     33554432     33554432
        8192         4096         106.464     67108864     67108864
        8192         8192         203.781    134217728    134217728
        8192        16384         402.202    268435456    268435456
        8192        32768         808.723    536870912    536870912
        8192        65536        1599.791   1073741824   1073741824
        8192       131072        3215.414   2147483648   2147483648
        9216            1          11.162        18432        18432
        9216            2           4.208        36864        36864
        9216            4           8.616        73728        73728
        9216            8           4.809       147456       147456
        9216           16           9.187       294912       294912
        9216           32           5.821       589824       589824
        9216           64           6.061      1179648      1179648
        9216          128           7.604      2359296      2359296
        9216          256          10.189      4718592      4718592
        9216          512          17.553      9437184      9437184
        9216         1024          29.787     18874368     18874368
        9216         2048          59.224     37748736     37748736
        9216         4096         104.852     75497472     75497472
        9216         8192         205.645    150994944    150994944
        9216        16384         409.547    301989888    301989888
        9216        32768         809.394    603979776    603979776
        9216        65536        1648.886   1207959552   1207959552
        9216       131072        3266.251   2415919104   2415919104
       10240            1          17.042        20480        20480
       10240            2           5.300        40960        40960
       10240            4           4.428        81920        81920
       10240            8           4.679       163840       163840
       10240           16           3.687       327680       327680
       10240           32           4.890       655360       655360
       10240           64           6.302      1310720      1310720
       10240          128          11.291      2621440      2621440
       10240          256          10.441      5242880      5242880
       10240          512          16.662     10485760     10485760
       10240         1024          29.446     20971520     20971520
       10240         2048          53.613     41943040     41943040
       10240         4096         104.781     83886080     83886080
       10240         8192         205.965    167772160    167772160
       10240        16384         414.616    335544320    335544320
       10240        32768         816.498    671088640    671088640
       10240        65536        1645.489   1342177280   1342177280
       10240       131072        3230.642   2684354560   2684354560
       11264            1           7.384        22528        22528
       11264            2           4.719        45056        45056
       11264            4           4.810        90112        90112
       11264            8          10.380       180224       180224
       11264           16           5.220       360448       360448
       11264           32           4.800       720896       720896
       11264           64           6.112      1441792      1441792
       11264          128           6.953      2883584      2883584
       11264          256          12.244      5767168      5767168
       11264          512          19.167     11534336     11534336
       11264         1024          39.967     23068672     23068672
       11264         2048          65.125     46137344     46137344
       11264         4096         124.930     92274688     92274688
       11264         8192         246.674    184549376    184549376
       11264        16384         491.784    369098752    369098752
       11264        32768         977.136    738197504    738197504
       11264        65536        2002.084   1476395008   1476395008
       12288            1          17.984        24576        24576
       12288            2           5.180        49152        49152
       12288            4           3.687        98304        98304
       12288            8           4.048       196608       196608
       12288           16           3.687       393216       393216
       12288           32           4.950       786432       786432
       12288           64           5.841      1572864      1572864
       12288          128          11.472      3145728      3145728
       12288          256          11.011      6291456      6291456
       12288          512          16.492     12582912     12582912
       12288         1024          29.356     25165824     25165824
       12288         2048          53.703     50331648     50331648
       12288         4096         105.453    100663296    100663296
       12288         8192         205.995    201326592    201326592
       12288        16384         411.299    402653184    402653184
       12288        32768         838.750    805306368    805306368
       12288        65536        1617.696   1610612736   1610612736
       13312            1           9.317        26624        26624
       13312            2           3.246        53248        53248
       13312            4           7.695       106496       106496
       13312            8           4.318       212992       212992
       13312           16           8.917       425984       425984
       13312           32           5.571       851968       851968
       13312           64           6.022      1703936      1703936
       13312          128           7.885      3407872      3407872
       13312          256          10.972      6815744      6815744
       13312          512          19.237     13631488     13631488
       13312         1024          34.426     27262976     27262976
       13312         2048          68.712     54525952     54525952
       13312         4096         125.941    109051904    109051904
       13312         8192         249.469    218103808    218103808
       13312        16384         527.372    436207616    436207616
       13312        32768         974.992    872415232    872415232
       13312        65536        1952.740   1744830464   1744830464
       14336            1           8.707        28672        28672
       14336            2          12.043        57344        57344
       14336            4           4.689       114688       114688
       14336            8           3.957       229376       229376
       14336           16           4.789       458752       458752
       14336           32           4.228       917504       917504
       14336           64           5.921      1835008      1835008
       14336          128           8.005      3670016      3670016
       14336          256          15.750      7340032      7340032
       14336          512          18.906     14680064     14680064
       14336         1024          35.157     29360128     29360128
       14336         2048          67.981     58720256     58720256
       14336         4096         133.546    117440512    117440512
       14336         8192         265.199    234881024    234881024
       14336        16384         485.853    469762048    469762048
       14336        32768         960.975    939524096    939524096
       14336        65536        1929.715   1879048192   1879048192
       15360            1          10.220        30720        30720
       15360            2           6.543        61440        61440
       15360            4           7.284       122880       122880
       15360            8           4.829       245760       245760
       15360           16           4.719       491520       491520
       15360           32           9.598       983040       983040
       15360           64           6.924      1966080      1966080
       15360          128           8.776      3932160      3932160
       15360          256          13.606      7864320      7864320
       15360          512          22.624     15728640     15728640
       15360         1024          41.991     31457280     31457280
       15360         2048          79.532     62914560     62914560
       15360         4096         159.777    125829120    125829120
       15360         8192         310.145    251658240    251658240
       15360        16384         615.111    503316480    503316480
       15360        32768        1262.934   1006632960   1006632960
       15360        65536        2454.132   2013265920   2013265920
       16384            1          10.641        32768        32768
       16384            2           5.020        65536        65536
       16384            4          11.472       131072       131072
       16384            8           4.218       262144       262144
       16384           16           5.170       524288       524288
       16384           32           5.511      1048576      1048576
       16384           64           5.240      2097152      2097152
       16384          128           8.085      4194304      4194304
       16384          256          12.333      8388608      8388608
       16384          512          25.469     16777216     16777216
       16384         1024          33.855     33554432     33554432
       16384         2048          62.319     67108864     67108864
       16384         4096         121.232    134217728    134217728
       16384         8192         237.356    268435456    268435456
       16384        16384         478.609    536870912    536870912
       16384        32768         959.091   1073741824   1073741824
       16384        65536        1923.032   2147483648   2147483648
       17408            1          10.861        34816        34816
       17408            2           5.130        69632        69632
       17408            4           8.687       139264       139264
       17408            8           3.687       278528       278528
       17408           16           4.729       557056       557056
       17408           32           5.290      1114112      1114112
       17408           64          10.771      2228224      2228224
       17408          128           9.448      4456448      4456448
       17408          256          13.796      8912896      8912896
       17408          512          23.034     17825792     17825792
       17408         1024          41.219     35651584     35651584
       17408         2048          79.974     71303168     71303168
       17408         4096         169.205    142606336    142606336
       17408         8192         338.369    285212672    285212672
       17408        16384         632.585    570425344    570425344
       17408        32768        1286.830   1140850688   1140850688
       17408        65536        2453.070   2281701376   2281701376
       18432            1           8.316        36864        36864
       18432            2           4.499        73728        73728
       18432            4           5.281       147456       147456
       18432            8          10.329       294912       294912
       18432           16           5.050       589824       589824
       18432           32           5.100      1179648      1179648
       18432           64           6.392      2359296      2359296
       18432          128           7.705      4718592      4718592
       18432          256          13.216      9437184      9437184
       18432          512          22.633     18874368     18874368
       18432         1024          51.819     37748736     37748736
       18432         2048          78.281     75497472     75497472
       18432         4096         150.328    150994944    150994944
       18432         8192         301.248    301989888    301989888
       18432        16384         603.138    603979776    603979776
       18432        32768        1193.692   1207959552   1207959552
       18432        65536        2430.006   2415919104   2415919104
       19456            1          17.373        38912        38912
       19456            2           5.490        77824        77824
       19456            4           6.062       155648       155648
       19456            8           4.178       311296       311296
       19456           16           4.118       622592       622592
       19456           32           5.471      1245184      1245184
       19456           64           7.043      2490368      2490368
       19456          128          13.837      4980736      4980736
       19456          256          15.710      9961472      9961472
       19456          512          26.622     19922944     19922944
       19456         1024          49.214     39845888     39845888
       19456         2048          93.690     79691776     79691776
       19456         4096         184.674    159383552    159383552
       19456         8192         402.843    318767104    318767104
       19456        16384         733.397    637534208    637534208
       19456        32768        1452.980   1275068416   1275068416
       19456        65536        2946.597   2550136832   2550136832
       20480            1           9.128        40960        40960
       20480            2           3.767        81920        81920
       20480            4           4.468       163840       163840
       20480            8           4.618       327680       327680
       20480           16          10.159       655360       655360
       20480           32           5.341      1310720      1310720
       20480           64           6.423      2621440      2621440
       20480          128           8.806      5242880      5242880
       20480          256          12.724     10485760     10485760
       20480          512          23.044     20971520     20971520
       20480         1024          41.409     41943040     41943040
       20480         2048          82.448     83886080     83886080
       20480         4096         155.328    167772160    167772160
       20480         8192         300.907    335544320    335544320
       20480        16384         598.700    671088640    671088640
       20480        32768        1252.615   1342177280   1342177280
       20480        65536        2348.439   2684354560   2684354560
       22528            1          10.010        45056        45056
       22528            2          14.628        90112        90112
       22528            4           4.819       180224       180224
       22528            8           5.029       360448       360448
       22528           16           5.531       720896       720896
       22528           32           4.669      1441792      1441792
       22528           64           6.933      2883584      2883584
       22528          128           9.759      5767168      5767168
       22528          256          20.910     11534336     11534336
       22528          512          27.603     23068672     23068672
       22528         1024          51.680     46137344     46137344
       22528         2048         100.974     92274688     92274688
       22528         4096         199.603    184549376    184549376
       22528         8192         396.671    369098752    369098752
       22528        16384         790.679    738197504    738197504
       22528        32768        1615.552   1476395008   1476395008
       24576            1          11.974        49152        49152
       24576            2           5.570        98304        98304
       24576            4           5.290       196608       196608
       24576            8           4.348       393216       393216
       24576           16           5.200       786432       786432
       24576           32           5.992      1572864      1572864
       24576           64          11.091      3145728      3145728
       24576          128           9.769      6291456      6291456
       24576          256          15.480     12582912     12582912
       24576          512          26.581     25165824     25165824
       24576         1024          47.692     50331648     50331648
       24576         2048          92.718    100663296    100663296
       24576         4096         182.611    201326592    201326592
       24576         8192         365.412    402653184    402653184
       24576        16384         717.849    805306368    805306368
       24576        32768        1459.351   1610612736   1610612736
       26624            1           9.588        53248        53248
       26624            2           3.947       106496       106496
       26624            4           5.040       212992       212992
       26624            8           4.418       425984       425984
       26624           16           9.148       851968       851968
       26624           32           5.641      1703936      1703936
       26624           64           7.164      3407872      3407872
       26624          128          10.430      6815744      6815744
       26624          256          16.040     13631488     13631488
       26624          512          29.727     27262976     27262976
       26624         1024          56.118     54525952     54525952
       26624         2048         112.135    109051904    109051904
       26624         4096         211.776    218103808    218103808
       26624         8192         420.217    436207616    436207616
       26624        16384         866.884    872415232    872415232
       26624        32768        1645.008   1744830464   1744830464
       28672            1          11.152        57344        57344
       28672            2           7.595       114688       114688
       28672            4          10.700       229376       229376
       28672            8           4.499       458752       458752
       28672           16           4.729       917504       917504
       28672           32           5.811      1835008      1835008
       28672           64           6.522      3670016      3670016
       28672          128          10.580      7340032      7340032
       28672          256          17.053     14680064     14680064
       28672          512          34.356     29360128     29360128
       28672         1024          56.578     58720256     58720256
       28672         2048         106.224    117440512    117440512
       28672         4096         208.731    234881024    234881024
       28672         8192         471.325    469762048    469762048
       28672        16384         845.854    939524096    939524096
       28672        32768        1670.227   1879048192   1879048192
       30720            1          18.535        61440        61440
       30720            2           4.298       122880       122880
       30720            4           6.954       245760       245760
       30720            8           4.738       491520       491520
       30720           16           4.438       983040       983040
       30720           32           5.791      1966080      1966080
       30720           64           8.256      3932160      3932160
       30720          128          15.871      7864320      7864320
       30720          256          18.746     15728640     15728640
       30720          512          33.414     31457280     31457280
       30720         1024          62.961     62914560     62914560
       30720         2048         120.161    125829120    125829120
       30720         4096         241.624    251658240    251658240
       30720         8192         479.952    503316480    503316480
       30720        16384         960.674   1006632960   1006632960
       30720        32768        1916.369   2013265920   2013265920
       33792            1           9.629        67584        67584
       33792            2           6.242       135168       135168
       33792            4           9.488       270336       270336
       33792            8           4.649       540672       540672
       33792           16           5.580      1081344      1081344
       33792           32          11.262      2162688      2162688
       33792           64           8.767      4325376      4325376
       33792          128          12.725      8650752      8650752
       33792          256          20.920     17301504     17301504
       33792          512          37.031     34603008     34603008
       33792         1024          72.068     69206016     69206016
       33792         2048         139.077    138412032    138412032
       33792         4096         278.374    276824064    276824064
       33792         8192         576.748    553648128    553648128
       33792        16384        1117.455   1107296256   1107296256
       33792        32768        2167.852   2214592512   2214592512
       36864            1           8.557        73728        73728
       36864            2           4.959       147456       147456
       36864            4           5.661       294912       294912
       36864            8          10.550       589824       589824
       36864           16           5.811      1179648      1179648
       36864           32           5.951      2359296      2359296
       36864           64           8.647      4718592      4718592
       36864          128          11.562      9437184      9437184
       36864          256          21.050     18874368     18874368
       36864          512          37.803     37748736     37748736
       36864         1024          76.567     75497472     75497472
       36864         2048         171.249    150994944    150994944
       36864         4096         273.064    301989888    301989888
       36864         8192         539.236    603979776    603979776
       36864        16384        1059.855   1207959552   1207959552
       36864        32768        2148.916   2415919104   2415919104
       39936            1           9.739        79872        79872
       39936            2          12.174       159744       159744
       39936            4           8.937       319488       319488
       39936            8           5.340       638976       638976
       39936           16           5.481      1277952      1277952
       39936           32           5.962      2555904      2555904
       39936           64           9.769      5111808      5111808
       39936          128          14.888     10223616     10223616
       39936          256          29.587     20447232     20447232
       39936          512          45.557     40894464     40894464
       39936         1024          86.085     81788928     81788928
       39936         2048         168.163    163577856    163577856
       39936         4096         365.592    327155712    327155712
       39936         8192         692.690    654311424    654311424
       39936        16384        1354.010   1308622848   1308622848
       39936        32768        2683.743   2617245696   2617245696
       43008            1          10.701        86016        86016
       43008            2           7.043       172032       172032
       43008            4           7.585       344064       344064
       43008            8           3.907       688128       688128
       43008           16           5.390      1376256      1376256
       43008           32           6.653      2752512      2752512
       43008           64          13.065      5505024      5505024
       43008          128          14.628     11010048     11010048
       43008          256          24.097     22020096     22020096
       43008          512          44.565     44040192     44040192
       43008         1024          83.611     88080384     88080384
       43008         2048         165.638    176160768    176160768
       43008         4096         336.095    352321536    352321536
       43008         8192         698.140    704643072    704643072
       43008        16384        1313.582   1409286144   1409286144
       47104            1           9.367        94208        94208
       47104            2           4.659       188416       188416
       47104            4           8.406       376832       376832
       47104            8           5.651       753664       753664
       47104           16           6.111      1507328      1507328
       47104           32          13.285      3014656      3014656
       47104           64          10.039      6029312      6029312
       47104          128          14.938     12058624     12058624
       47104          256          27.272     24117248     24117248
       47104          512          51.138     48234496     48234496
       47104         1024          92.307     96468992     96468992
       47104         2048         187.800    192937984    192937984
       47104         4096         368.407    385875968    385875968
       47104         8192         718.459    771751936    771751936
       47104        16384        1432.009   1543503872   1543503872
       51200            1          10.641       102400       102400
       51200            2           3.317       204800       204800
       51200            4           7.284       409600       409600
       51200            8           5.340       819200       819200
       51200           16          10.430      1638400      1638400
       51200           32           7.405      3276800      3276800
       51200           64          10.540      6553600      6553600
       51200          128          16.391     13107200     13107200
       51200          256          26.932     26214400     26214400
       51200          512          52.612     52428800     52428800
       51200         1024         101.084    104857600    104857600
       51200         2048         202.248    209715200    209715200
       51200         4096         390.810    419430400    419430400
       51200         8192         775.790    838860800    838860800
       51200        16384        1595.183   1677721600   1677721600
       56320            1           9.087       112640       112640
       56320            2           4.549       225280       225280
       56320            4           9.508       450560       450560
       56320            8           9.929       901120       901120
       56320           16           6.072      1802240      1802240
       56320           32           7.364      3604480      3604480
       56320           64          11.662      7208960      7208960
       56320          128          17.203     14417920     14417920
       56320          256          32.683     28835840     28835840
       56320          512          64.714     57671680     57671680
       56320         1024         120.311    115343360    115343360
       56320         2048         229.300    230686720    230686720
       56320         4096         496.654    461373440    461373440
       56320         8192         945.646    922746880    922746880
       56320        16384        1792.522   1845493760   1845493760
       61440            1          11.362       122880       122880
       61440            2           4.368       245760       245760
       61440            4          12.874       491520       491520
       61440            8           4.700       983040       983040
       61440           16           6.212      1966080      1966080
       61440           32           8.246      3932160      3932160
       61440           64          10.220      7864320      7864320
       61440          128          18.295     15728640     15728640
       61440          256          32.012     31457280     31457280
       61440          512          64.795     62914560     62914560
       61440         1024         116.103    125829120    125829120
       61440         2048         227.416    251658240    251658240
       61440         4096         507.865    503316480    503316480
       61440         8192         880.611   1006632960   1006632960
       61440        16384        1763.225   2013265920   2013265920
       67584            1          10.049       135168       135168
       67584            2          10.781       270336       270336
       67584            4           9.038       540672       540672
       67584            8           5.731      1081344      1081344
       67584           16           6.793      2162688      2162688
       67584           32           7.244      4325376      4325376
       67584           64          12.404      8650752      8650752
       67584          128          20.339     17301504     17301504
       67584          256          40.718     34603008     34603008
       67584          512          66.849     69206016     69206016
       67584         1024         132.064    138412032    138412032
       67584         2048         253.466    276824064    276824064
       67584         4096         500.571    553648128    553648128
       67584         8192        1002.054   1107296256   1107296256
       67584        16384        2068.591   2214592512   2214592512
       73728            1          15.539       147456       147456
       73728            2           5.210       294912       294912
       73728            4           6.943       589824       589824
       73728            8           4.840      1179648      1179648
       73728           16           5.460      2359296      2359296
       73728           32           8.005      4718592      4718592
       73728           64          12.955      9437184      9437184
       73728          128          26.070     18874368     18874368
       73728          256          37.843     37748736     37748736
       73728          512          70.936     75497472     75497472
       73728         1024         137.725    150994944    150994944
       73728         2048         266.512    301989888    301989888
       73728         4096         539.556    603979776    603979776
       73728         8192        1104.561   1207959552   1207959552
       73728        16384        2150.419   2415919104   2415919104
       80896            1           9.568       161792       161792
       80896            2           4.519       323584       323584
       80896            4          10.029       647168       647168
       80896            8           4.279      1294336      1294336
       80896           16           6.703      2588672      2588672
       80896           32           9.738      5177344      5177344
       80896           64          20.138     10354688     10354688
       80896          128          23.966     20709376     20709376
       80896          256          45.628     41418752     41418752
       80896          512          88.840     82837504     82837504
       80896         1024         167.832    165675008    165675008
       80896         2048         315.836    331350016    331350016
       80896         4096         694.754    662700032    662700032
       80896         8192        1258.526   1325400064   1325400064
       80896        16384        2545.236   2650800128   2650800128
       88064            1           9.739       176128       176128
       88064            2           4.519       352256       352256
       88064            4           9.087       704512       704512
       88064            8           5.912      1409024      1409024
       88064           16           7.023      2818048      2818048
       88064           32          13.827      5636096      5636096
       88064           64          14.007     11272192     11272192
       88064          128          24.627     22544384     22544384
       88064          256          44.686     45088768     45088768
       88064          512          85.264     90177536     90177536
       88064         1024         167.932    180355072    180355072
       88064         2048         337.067    360710144    360710144
       88064         4096         724.751    721420288    721420288
       88064         8192        1313.152   1442840576   1442840576
       96256            1           9.679       192512       192512
       96256            2           4.339       385024       385024
       96256            4           9.538       770048       770048
       96256            8           5.259      1540096      1540096
       96256           16           6.693      3080192      3080192
       96256           32          13.806      6160384      6160384
       96256           64          15.339     12320768     12320768
       96256          128          25.799     24641536     24641536
       96256          256          48.313     49283072     49283072
       96256          512          91.286     98566144     98566144
       96256         1024         179.966    197132288    197132288
       96256         2048         363.509    394264576    394264576
       96256         4096         749.148    788529152    788529152
       96256         8192        1435.305   1577058304   1577058304
      105472            1          11.442       210944       210944
      105472            2           4.529       421888       421888
      105472            4          10.541       843776       843776
      105472            8           5.391      1687552      1687552
      105472           16           7.404      3375104      3375104
      105472           32          14.708      6750208      6750208
      105472           64          17.122     13500416     13500416
      105472          128          28.765     27000832     27000832
      105472          256          53.693     54001664     54001664
      105472          512         102.817    108003328    108003328
      105472         1024         247.686    216006656    216006656
      105472         2048         402.303    432013312    432013312
      105472         4096         814.013    864026624    864026624
      105472         8192        1601.404   1728053248   1728053248
      115712            1          10.681       231424       231424
      115712            2           6.322       462848       462848
      115712            4          10.069       925696       925696
      115712            8           6.352      1851392      1851392
      115712           16           7.845      3702784      3702784
      115712           32          15.500      7405568      7405568
      115712           64          17.804     14811136     14811136
      115712          128          31.189     29622272     29622272
      115712          256          57.921     59244544     59244544
      115712          512         110.402    118489088    118489088
      115712         1024         218.610    236978176    236978176
      115712         2048         432.661    473956352    473956352
      115712         4096         868.678    947912704    947912704
      115712         8192        1744.930   1895825408   1895825408
      126976            1          11.643       253952       253952
      126976            2           4.759       507904       507904
      126976            4           8.326      1015808      1015808
      126976            8           6.733      2031616      2031616
      126976           16           8.416      4063232      4063232
      126976           32          17.254      8126464      8126464
      126976           64          18.526     16252928     16252928
      126976          128          34.336     32505856     32505856
      126976          256          66.227     65011712     65011712
      126976          512         130.060    130023424    130023424
      126976         1024         257.334    260046848    260046848
      126976         2048         473.790    520093696    520093696
      126976         4096         938.121   1040187392   1040187392
      126976         8192        1871.133   2080374784   2080374784
      139264            1          10.720       278528       278528
      139264            2           4.829       557056       557056
      139264            4           7.054      1114112      1114112
      139264            8           6.583      2228224      2228224
      139264           16           8.597      4456448      4456448
      139264           32          16.842      8912896      8912896
      139264           64          20.169     17825792     17825792
      139264          128          37.311     35651584     35651584
      139264          256          67.200     71303168     71303168
      139264          512         127.435    142606336    142606336
      139264         1024         254.288    285212672    285212672
      139264         2048         580.995    570425344    570425344
      139264         4096        1031.100   1140850688   1140850688
      139264         8192        2027.422   2281701376   2281701376
      152576            1          11.211       305152       305152
      152576            2           7.364       610304       610304
      152576            4          10.861      1220608      1220608
      152576            8           6.853      2441216      2441216
      152576           16           8.757      4882432      4882432
      152576           32          18.796      9764864      9764864
      152576           64          21.913     19529728     19529728
      152576          128          39.186     39059456     39059456
      152576          256          74.362     78118912     78118912
      152576          512         142.784    156237824    156237824
      152576         1024         283.645    312475648    312475648
      152576         2048         563.000    624951296    624951296
      152576         4096        1131.903   1249902592   1249902592
      152576         8192        2303.693   2499805184   2499805184
      166912            1          10.400       333824       333824
      166912            2           5.100       667648       667648
      166912            4          10.209      1335296      1335296
      166912            8           6.783      2670592      2670592
      166912           16           9.188      5341184      5341184
      166912           32          18.475     10682368     10682368
      166912           64          23.675     21364736     21364736
      166912          128          82.168     42729472     42729472
      166912          256          81.507     85458944     85458944
      166912          512         157.542    170917888    170917888
      166912         1024         313.162    341835776    341835776
      166912         2048         665.649    683671552    683671552
      166912         4096        1246.072   1367343104   1367343104
      183296            1          10.992       366592       366592
      183296            2           6.532       733184       733184
      183296            4           9.799      1466368      1466368
      183296            8           5.802      2932736      2932736
      183296           16           9.017      5865472      5865472
      183296           32          14.328     11730944     11730944
      183296           64          31.741     23461888     23461888
      183296          128          50.027     46923776     46923776
      183296          256          96.285     93847552     93847552
      183296          512         191.578    187695104    187695104
      183296         1024         376.733    375390208    375390208
      183296         2048         750.610    750780416    750780416
      183296         4096        1359.640   1501560832   1501560832
      200704            1          19.478       401408       401408
      200704            2           5.460       802816       802816
      200704            4           7.094      1605632      1605632
      200704            8           7.223      3211264      3211264
      200704           16           8.676      6422528      6422528
      200704           32          14.938     12845056     12845056
      200704           64          27.052     25690112     25690112
      200704          128          54.424     51380224     51380224
      200704          256          95.002    102760448    102760448
      200704          512         185.637    205520896    205520896
      200704         1024         414.696    411041792    411041792
      200704         2048         719.552    822083584    822083584
      200704         4096        1461.456   1644167168   1644167168
      220160            1          12.464       440320       440320
      220160            2          13.797       880640       880640
      220160            4          10.470      1761280      1761280
      220160            8           6.793      3522560      3522560
      220160           16          10.921      7045120      7045120
      220160           32          15.581     14090240     14090240
      220160           64          29.056     28180480     28180480
      220160          128         141.050     56360960     56360960
      220160          256         121.022    112721920    112721920
      220160          512         220.944    225443840    225443840
      220160         1024         408.143    450887680    450887680
      220160         2048         816.587    901775360    901775360
      220160         4096        1622.926   1803550720   1803550720
      241664            1          12.383       483328       483328
      241664            2           4.689       966656       966656
      241664            4          13.596      1933312      1933312
      241664            8           6.893      3866624      3866624
      241664           16          11.191      7733248      7733248
      241664           32          18.015     15466496     15466496
      241664           64          30.058     30932992     30932992
      241664          128          57.660     61865984     61865984
      241664          256         114.039    123731968    123731968
      241664          512         227.797    247463936    247463936
      241664         1024         447.800    494927872    494927872
      241664         2048         881.211    989855744    989855744
      241664         4096        1798.674   1979711488   1979711488
      265216            1          11.312       530432       530432
      265216            2           5.220      1060864      1060864
      265216            4          10.179      2121728      2121728
      265216            8          11.573      4243456      4243456
      265216           16          11.792      8486912      8486912
      265216           32          18.866     16973824     16973824
      265216           64          33.995     33947648     33947648
      265216          128          63.592     67895296     67895296
      265216          256         124.829    135790592    135790592
      265216          512         246.343    271581184    271581184
      265216         1024         497.355    543162368    543162368
      265216         2048         972.437   1086324736   1086324736
      265216         4096        1974.982   2172649472   2172649472
      290816            1          11.231       581632       581632
      290816            2           3.696      1163264      1163264
      290816            4           7.153      2326528      2326528
      290816            8           8.336      4653056      4653056
      290816           16          17.002      9306112      9306112
      290816           32          20.459     18612224     18612224
      290816           64          38.173     37224448     37224448
      290816          128          74.994     74448896     74448896
      290816          256         148.014    148897792    148897792
      290816          512         327.178    297795584    297795584
      290816         1024         535.339    595591168    595591168
      290816         2048        1067.600   1191182336   1191182336
      290816         4096        2114.750   2382364672   2382364672
      319488            1          12.534       638976       638976
      319488            2           5.200      1277952      1277952
      319488            4           8.136      2555904      2555904
      319488            8           8.536      5111808      5111808
      319488           16          13.456     10223616     10223616
      319488           32          27.563     20447232     20447232
      319488           64          40.348     40894464     40894464
      319488          128          75.324     81788928     81788928
      319488          256         148.476    163577856    163577856
      319488          512         291.900    327155712    327155712
      319488         1024         582.789    654311424    654311424
      319488         2048        1164.045   1308622848   1308622848
      319488         4096        2352.938   2617245696   2617245696
      351232            1          12.674       702464       702464
      351232            2           7.364      1404928      1404928
      351232            4          10.630      2809856      2809856
      351232            8           8.556      5619712      5619712
      351232           16          13.906     11239424     11239424
      351232           32          24.848     22478848     22478848
      351232           64          48.323     44957696     44957696
      351232          128          84.432     89915392     89915392
      351232          256         168.855    179830784    179830784
      351232          512         402.894    359661568    359661568
      351232         1024         641.050    719323136    719323136
      351232         2048        1282.002   1438646272   1438646272
      386048            1          11.973       772096       772096
      386048            2          12.975      1544192      1544192
      386048            4          10.310      3088384      3088384
      386048            8           9.468      6176768      6176768
      386048           16          15.249     12353536     12353536
      386048           32          24.828     24707072     24707072
      386048           64          47.632     49414144     49414144
      386048          128          91.215     98828288     98828288
      386048          256         237.025    197656576    197656576
      386048          512         386.502    395313152    395313152
      386048         1024         705.184    790626304    790626304
      386048         2048        1399.838   1581252608   1581252608
      423936            1          10.991       847872       847872
      423936            2           6.853      1695744      1695744
      423936            4           9.868      3391488      3391488
      423936            8          14.207      6782976      6782976
      423936           16          16.171     13565952     13565952
      423936           32          27.402     27131904     27131904
      423936           64          51.530     54263808     54263808
      423936          128         102.327    108527616    108527616
      423936          256         195.666    217055232    217055232
      423936          512         395.449    434110464    434110464
      423936         1024         781.661    868220928    868220928
      423936         2048        1550.917   1736441856   1736441856
      465920            1          15.339       931840       931840
      465920            2           5.801      1863680      1863680
      465920            4          11.832      3727360      3727360
      465920            8          10.660      7454720      7454720
      465920           16          17.454     14909440     14909440
      465920           32          35.067     29818880     29818880
      465920           64          56.759     59637760     59637760
      465920          128         109.280    119275520    119275520
      465920          256         214.963    238551040    238551040
      465920          512         427.991    477102080    477102080
      465920         1024         853.529    954204160    954204160
      465920         2048        1729.090   1908408320   1908408320
      512000            1          19.879      1024000      1024000
      512000            2           6.112      2048000      2048000
      512000            4           9.468      4096000      4096000
      512000            8          10.640      8192000      8192000
      512000           16          17.333     16384000     16384000
      512000           32          32.803     32768000     32768000
      512000           64          61.939     65536000     65536000
      512000          128         124.088    131072000    131072000
      512000          256         235.963    262144000    262144000
      512000          512         468.389    524288000    524288000
      512000         1024         932.731   1048576000   1048576000
      512000         2048        1903.946   2097152000   2097152000
      563200            1          12.404      1126400      1126400
      563200            2           5.521      2252800      2252800
      563200            4          20.019      4505600      4505600
      563200            8          11.422      9011200      9011200
      563200           16          19.918     18022400     18022400
      563200           32          36.039     36044800     36044800
      563200           64          65.987     72089600     72089600
      563200          128         129.810    144179200    144179200
      563200          256         264.568    288358400    288358400
      563200          512         586.746    576716800    576716800
      563200         1024        1029.437   1153433600   1153433600
      563200         2048        2060.335   2306867200   2306867200
      619520            1          14.117      1239040      1239040
      619520            2           5.230      2478080      2478080
      619520            4          12.744      4956160      4956160
      619520            8          12.915      9912320      9912320
      619520           16          25.439     19824640     19824640
      619520           32          40.218     39649280     39649280
      619520           64          79.662     79298560     79298560
      619520          128         143.695    158597120    158597120
      619520          256         281.020    317194240    317194240
      619520          512         563.041    634388480    634388480
      619520         1024        1118.597   1268776960   1268776960
      619520         2048        2273.264   2537553920   2537553920
      680960            1          16.141      1361920      1361920
      680960            2           8.256      2723840      2723840
      680960            4          12.183      5447680      5447680
      680960            8          12.113     10895360     10895360
      680960           16          22.383     21790720     21790720
      680960           32          42.251     43581440     43581440
      680960           64          84.352     87162880     87162880
      680960          128         156.440    174325760    174325760
      680960          256         309.344    348651520    348651520
      680960          512         731.064    697303040    697303040
      680960         1024        1325.565   1394606080   1394606080
      748544            1          15.590      1497088      1497088
      748544            2           5.911      2994176      2994176
      748544            4          20.368      5988352      5988352
      748544            8          13.647     11976704     11976704
      748544           16          24.928     23953408     23953408
      748544           32          48.603     47906816     47906816
      748544           64          96.044     95813632     95813632
      748544          128         190.696    191627264    191627264
      748544          256         372.245    383254528    383254528
      748544          512         719.370    766509056    766509056
      748544         1024        1394.257   1533018112   1533018112
      823296            1          15.570      1646592      1646592
      823296            2           7.585      3293184      3293184
      823296            4          12.905      6586368      6586368
      823296            8          15.360     13172736     13172736
      823296           16          26.892     26345472     26345472
      823296           32          56.358     52690944     52690944
      823296           64          97.156    105381888    105381888
      823296          128         190.145    210763776    210763776
      823296          256         422.862    421527552    421527552
      823296          512         741.564    843055104    843055104
      823296         1024        1510.992   1686110208   1686110208
      905216            1          17.143      1810432      1810432
      905216            2          12.844      3620864      3620864
      905216            4          11.742      7241728      7241728
      905216            8          16.431     14483456     14483456
      905216           16         104.040     28966912     28966912
      905216           32          54.334     57933824     57933824
      905216           64         104.721    115867648    115867648
      905216          128         208.890    231735296    231735296
      905216          256         421.730    463470592    463470592
      905216          512         825.384    926941184    926941184
      905216         1024        1621.684   1853882368   1853882368
      995328            1          16.431      1990656      1990656
      995328            2           6.071      3981312      3981312
      995328            4          12.373      7962624      7962624
      995328            8          17.463     15925248     15925248
      995328           16          37.211     31850496     31850496
      995328           32          63.211     63700992     63700992
      995328           64         122.134    127401984    127401984
      995328          128         227.036    254803968    254803968
      995328          256         450.254    509607936    509607936
      995328          512         896.822   1019215872   1019215872
      995328         1024        1828.410   2038431744   2038431744
     1094656            1          24.917      2189312      2189312
     1094656            2           6.824      4378624      4378624
     1094656            4          14.928      8757248      8757248
     1094656            8          18.455     17514496     17514496
     1094656           16          32.452     35028992     35028992
     1094656           32          64.093     70057984     70057984
     1094656           64         125.992    140115968    140115968
     1094656          128         253.958    280231936    280231936
     1094656          256         493.547    560463872    560463872
     1094656          512        1051.589   1120927744   1120927744
     1094656         1024        2003.717   2241855488   2241855488
     1203200            1          16.702      2406400      2406400
     1203200            2           7.535      4812800      4812800
     1203200            4          15.430      9625600      9625600
     1203200            8          25.479     19251200     19251200
     1203200           16          36.991     38502400     38502400
     1203200           32          70.385     77004800     77004800
     1203200           64         152.963    154009600    154009600
     1203200          128         332.438    308019200    308019200
     1203200          256         570.605    616038400    616038400
     1203200          512        1087.728   1232076800   1232076800
     1203200         1024        2198.461   2464153600   2464153600
     1323008            1          18.847      2646016      2646016
     1323008            2           8.867      5292032      5292032
     1323008            4          14.508     10584064     10584064
     1323008            8          20.549     21168128     21168128
     1323008           16          39.676     42336256     42336256
     1323008           32          81.056     84672512     84672512
     1323008           64         157.492    169345024    169345024
     1323008          128         303.222    338690048    338690048
     1323008          256         593.509    677380096    677380096
     1323008          512        1203.531   1354760192   1354760192
     1323008         1024        2400.620   2709520384   2709520384
     1455104            1          19.487      2910208      2910208
     1455104            2           7.664      5820416      5820416
     1455104            4          23.916     11640832     11640832
     1455104            8          22.423     23281664     23281664
     1455104           16          43.634     46563328     46563328
     1455104           32         124.078     93126656     93126656
     1455104           64         182.490    186253312    186253312
     1455104          128         328.580    372506624    372506624
     1455104          256         659.166    745013248    745013248
     1455104          512        1313.922   1490026496   1490026496
     1600512            1          20.910      3201024      3201024
     1600512            2          38.363      6402048      6402048
     1600512            4          17.965     12804096     12804096
     1600512            8          25.600     25608192     25608192
     1600512           16          47.561     51216384     51216384
     1600512           32          92.638    102432768    102432768
     1600512           64         186.207    204865536    204865536
     1600512          128         364.389    409731072    409731072
     1600512          256         719.120    819462144    819462144
     1600512          512        1439.934   1638924288   1638924288
     1760256            1          21.120      3520512      3520512
     1760256            2           9.088      7041024      7041024
     1760256            4          18.866     14082048     14082048
     1760256            8          32.212     28164096     28164096
     1760256           16          55.407     56328192     56328192
     1760256           32         111.364    112656384    112656384
     1760256           64         206.837    225312768    225312768
     1760256          128         395.911    450625536    450625536
     1760256          256         794.345    901251072    901251072
     1760256          512        1582.829   1802502144   1802502144
     1935360            1          31.731      3870720      3870720
     1935360            2           8.456      7741440      7741440
     1935360            4          19.057     15482880     15482880
     1935360            8          29.367     30965760     30965760
     1935360           16          54.986     61931520     61931520
     1935360           32         111.995    123863040    123863040
     1935360           64         222.217    247726080    247726080
     1935360          128         451.387    495452160    495452160
     1935360          256         886.502    990904320    990904320
     1935360          512        1805.446   1981808640   1981808640
     2128896            1          24.177      4257792      4257792
     2128896            2           8.667      8515584      8515584
     2128896            4          21.381     17031168     17031168
     2128896            8          34.657     34062336     34062336
     2128896           16          71.667     68124672     68124672
     2128896           32         133.947    136249344    136249344
     2128896           64         267.624    272498688    272498688
     2128896          128         503.456    544997376    544997376
     2128896          256         987.466   1089994752   1089994752
     2128896          512        1917.081   2179989504   2179989504
     2340864            1          26.210      4681728      4681728
     2340864            2          18.596      9363456      9363456
     2340864            4          21.501     18726912     18726912
     2340864            8          34.456     37453824     37453824
     2340864           16          67.820     74907648     74907648
     2340864           32         131.211    149815296    149815296
     2340864           64         321.978    299630592    299630592
     2340864          128         536.380    599261184    599261184
     2340864          256        1073.991   1198522368   1198522368
     2340864          512        2146.821   2397044736   2397044736
     2574336            1          26.781      5148672      5148672
     2574336            2          12.845     10297344     10297344
     2574336            4          23.425     20594688     20594688
     2574336            8          37.472     41189376     41189376
     2574336           16          73.511     82378752     82378752
     2574336           32         151.521    164757504    164757504
     2574336           64         293.584    329515008    329515008
     2574336          128         585.655    659030016    659030016
     2574336          256        1156.120   1318060032   1318060032
     2574336          512        2384.969   2636120064   2636120064
     2831360            1          29.145      5662720      5662720
     2831360            2          11.022     11325440     11325440
     2831360            4          31.791     22650880     22650880
     2831360            8          40.307     45301760     45301760
     2831360           16          79.763     90603520     90603520
     2831360           32         262.294    181207040    181207040
     2831360           64         330.766    362414080    362414080
     2831360          128         634.218    724828160    724828160
     2831360          256        1271.301   1449656320   1449656320
     3113984            1          37.863      6227968      6227968
     3113984            2          12.684     12455936     12455936
     3113984            4          26.491     24911872     24911872
     3113984            8          44.476     49823744     49823744
     3113984           16         123.537     99647488     99647488
     3113984           32         194.834    199294976    199294976
     3113984           64         366.724    398589952    398589952
     3113984          128         701.968    797179904    797179904
     3113984          256        1395.860   1594359808   1594359808
     3425280            1          31.551      6850560      6850560
     3425280            2          12.794     13701120     13701120
     3425280            4          29.005     27402240     27402240
     3425280            8          48.693     54804480     54804480
     3425280           16          96.556    109608960    109608960
     3425280           32         196.888    219217920    219217920
     3425280           64         386.562    438435840    438435840
     3425280          128         765.240    876871680    876871680
     3425280          256        1536.059   1753743360   1753743360
     3767296            1          34.517      7534592      7534592
     3767296            2          13.586     15069184     15069184
     3767296            4          30.568     30138368     30138368
     3767296            8          57.771     60276736     60276736
     3767296           16         108.599    120553472    120553472
     3767296           32         210.785    241106944    241106944
     3767296           64         426.308    482213888    482213888
     3767296          128         841.325    964427776    964427776
     3767296          256        1793.464   1928855552   1928855552
     4143104            1          37.792      8286208      8286208
     4143104            2          20.769     16572416     16572416
     4143104            4          31.791     33144832     33144832
     4143104            8          58.332     66289664     66289664
     4143104           16         116.453    132579328    132579328
     4143104           32         233.629    265158656    265158656
     4143104           64         470.253    530317312    530317312
     4143104          128         940.857   1060634624   1060634624
     4143104          256        1907.552   2121269248   2121269248
     4556800            1          39.135      9113600      9113600
     4556800            2          18.275     18227200     18227200
     4556800            4          34.547     36454400     36454400
     4556800            8          63.101     72908800     72908800
     4556800           16         126.823    145817600    145817600
     4556800           32         257.675    291635200    291635200
     4556800           64         586.266    583270400    583270400
     4556800          128        1033.895   1166540800   1166540800
     4556800          256        2073.542   2333081600   2333081600
     5012480            1          45.558     10024960     10024960
     5012480            2          16.783     20049920     20049920
     5012480            4          38.804     40099840     40099840
     5012480            8          75.535     80199680     80199680
     5012480           16         146.712    160399360    160399360
     5012480           32         279.597    320798720    320798720
     5012480           64         559.144    641597440    641597440
     5012480          128        1123.597   1283194880   1283194880
     5012480          256        2289.315   2566389760   2566389760
     5513216            1          48.843     11026432     11026432
     5513216            2          17.423     22052864     22052864
     5513216            4          45.717     44105728     44105728
     5513216            8          75.285     88211456     88211456
     5513216           16         153.094    176422912    176422912
     5513216           32         310.235    352845824    352845824
     5513216           64         684.654    705691648    705691648
     5513216          128        1252.305   1411383296   1411383296
     6064128            1          53.102     12128256     12128256
     6064128            2          25.539     24256512     24256512
     6064128            4          43.463     48513024     48513024
     6064128            8          81.897     97026048     97026048
     6064128           16         168.684    194052096    194052096
     6064128           32         340.344    388104192    388104192
     6064128           64         712.999    776208384    776208384
     6064128          128        1375.020   1552416768   1552416768
     6670336            1          61.198     13340672     13340672
     6670336            2          20.719     26681344     26681344
     6670336            4          46.770     53362688     53362688
     6670336            8          90.053    106725376    106725376
     6670336           16         184.925    213450752    213450752
     6670336           32         375.031    426901504    426901504
     6670336           64         793.474    853803008    853803008
     6670336          128        1520.199   1707606016   1707606016
     7336960            1          63.081     14673920     14673920
     7336960            2          23.675     29347840     29347840
     7336960            4          51.429     58695680     58695680
     7336960            8          98.649    117391360    117391360
     7336960           16         201.497    234782720    234782720
     7336960           32         493.417    469565440    469565440
     7336960           64         824.633    939130880    939130880
     7336960          128        1639.237   1878261760   1878261760
     8070144            1          62.470     16140288     16140288
     8070144            2          25.198     32280576     32280576
     8070144            4          56.719     64561152     64561152
     8070144            8         113.458    129122304    129122304
     8070144           16         220.844    258244608    258244608
     8070144           32         453.200    516489216    516489216
     8070144           64         899.478   1032978432   1032978432
     8070144          128        1836.927   2065956864   2065956864
     8877056            1          75.955     17754112     17754112
     8877056            2          24.668     35508224     35508224
     8877056            4          60.256     71016448     71016448
     8877056            8         118.538    142032896    142032896
     8877056           16         257.444    284065792    284065792
     8877056           32         490.361    568131584    568131584
     8877056           64         988.949   1136263168   1136263168
     8877056          128        2048.413   2272526336   2272526336
     9763840            1          76.587     19527680     19527680
     9763840            2          28.114     39055360     39055360
     9763840            4          65.326     78110720     78110720
     9763840            8         134.539    156221440    156221440
     9763840           16         266.582    312442880    312442880
     9763840           32         572.178    624885760    624885760
     9763840           64        1083.911   1249771520   1249771520
     9763840          128        2180.627   2499543040   2499543040
    10739712            1          81.336     21479424     21479424
    10739712            2          29.817     42958848     42958848
    10739712            4          76.017     85917696     85917696
    10739712            8         141.903    171835392    171835392
    10739712           16         295.487    343670784    343670784
    10739712           32         598.900    687341568    687341568
    10739712           64        1209.172   1374683136   1374683136
    11812864            1          92.047     23625728     23625728
    11812864            2          33.204     47251456     47251456
    11812864            4          81.877     94502912     94502912
    11812864            8         155.579    189005824    189005824
    11812864           16         325.364    378011648    378011648
    11812864           32         660.388    756023296    756023296
    11812864           64        1333.630   1512046592   1512046592
    12993536            1          95.213     25987072     25987072
    12993536            2          39.556     51974144     51974144
    12993536            4          94.311    103948288    103948288
    12993536            8         171.068    207896576    207896576
    12993536           16         352.437    415793152    415793152
    12993536           32         715.393    831586304    831586304
    12993536           64        1443.691   1663172608   1663172608
    14291968            1         115.011     28583936     28583936
    14291968            2          38.384     57167872     57167872
    14291968            4          99.090    114335744    114335744
    14291968            8         190.996    228671488    228671488
    14291968           16         392.403    457342976    457342976
    14291968           32         785.658    914685952    914685952
    14291968           64        1681.729   1829371904   1829371904
    15720448            1         120.582     31440896     31440896
    15720448            2          42.030     62881792     62881792
    15720448            4         104.581    125763584    125763584
    15720448            8         205.825    251527168    251527168
    15720448           16         460.985    503054336    503054336
    15720448           32         904.728   1006108672   1006108672
    15720448           64        1799.085   2012217344   2012217344
    17292288            1         134.418     34584576     34584576
    17292288            2          53.032     69169152     69169152
    17292288            4         149.848    138338304    138338304
    17292288            8         258.597    276676608    276676608
    17292288           16         499.489    553353216    553353216
    17292288           32         989.159   1106706432   1106706432
    17292288           64        1919.306   2213412864   2213412864
    19020800            1         173.884     38041600     38041600
    19020800            2          50.376     76083200     76083200
    19020800            4         126.494    152166400    152166400
    19020800            8         248.467    304332800    304332800
    19020800           16         514.117    608665600    608665600
    19020800           32        1044.285   1217331200   1217331200
    19020800           64        2126.753   2434662400   2434662400
    20922368            1         151.691     41844736     41844736
    20922368            2          54.314     83689472     83689472
    20922368            4         136.142    167378944    167378944
    20922368            8         272.503    334757888    334757888
    20922368           16         571.838    669515776    669515776
    20922368           32        1166.059   1339031552   1339031552
    20922368           64        2376.834   2678063104   2678063104
    23014400            1         171.459     46028800     46028800
    23014400            2          61.038     92057600     92057600
    23014400            4         151.371    184115200    184115200
    23014400            8         350.212    368230400    368230400
    23014400           16         620.942    736460800    736460800
    23014400           32        1265.249   1472921600   1472921600
    25315328            1         184.875     50630656     50630656
    25315328            2          64.434    101261312    101261312
    25315328            4         189.414    202522624    202522624
    25315328            8         352.016    405045248    405045248
    25315328           16         692.750    810090496    810090496
    25315328           32        1410.859   1620180992   1620180992
    27846656            1         205.345     55693312     55693312
    27846656            2         117.375    111386624    111386624
    27846656            4         172.932    222773248    222773248
    27846656            8         366.193    445546496    445546496
    27846656           16         765.650    891092992    891092992
    27846656           32        1549.464   1782185984   1782185984
    30630912            1         220.484     61261824     61261824
    30630912            2          89.432    122523648    122523648
    30630912            4         209.572    245047296    245047296
    30630912            8         449.713    490094592    490094592
    30630912           16         929.735    980189184    980189184
    30630912           32        1923.433   1960378368   1960378368
    33693696            1         249.369     67387392     67387392
    33693696            2          97.106    134774784    134774784
    33693696            4         203.792    269549568    269549568
    33693696            8         435.937    539099136    539099136
    33693696           16         951.477   1078198272   1078198272
    33693696           32        1895.770   2156396544   2156396544
    37062656            1         280.949     74125312     74125312
    37062656            2          93.119    148250624    148250624
    37062656            4         225.263    296501248    296501248
    37062656            8         482.707    593002496    593002496
    37062656           16        1083.761   1186004992   1186004992
    37062656           32        2134.729   2372009984   2372009984
    40768512            1         325.004     81537024     81537024
    40768512            2         119.289    163074048    163074048
    40768512            4         246.543    326148096    326148096
    40768512            8         529.637    652296192    652296192
    40768512           16        1183.452   1304592384   1304592384
    40768512           32        2300.377   2609184768   2609184768
    44845056            1         324.583     89690112     89690112
    44845056            2         111.514    179380224    179380224
    44845056            4         325.606    358760448    358760448
    44845056            8         586.586    717520896    717520896
    44845056           16        1265.680   1435041792   1435041792
    49329152            1         360.292     98658304     98658304
    49329152            2         121.543    197316608    197316608
    49329152            4         297.502    394633216    394633216
    49329152            8         640.470    789266432    789266432
    49329152           16        1380.952   1578532864   1578532864
    54261760            1         391.942    108523520    108523520
    54261760            2         136.402    217047040    217047040
    54261760            4         326.537    434094080    434094080
    54261760            8         707.408    868188160    868188160
    54261760           16        1497.134   1736376320   1736376320
    59687936            1         429.255    119375872    119375872
    59687936            2         158.885    238751744    238751744
    59687936            4         357.226    477503488    477503488
    59687936            8         779.126    955006976    955006976
    59687936           16        1670.087   1910013952   1910013952
    65655808            1         472.618    131311616    131311616
    65655808            2         169.095    262623232    262623232
    65655808            4         392.994    525246464    525246464
    65655808            8         858.057   1050492928   1050492928
    65655808           16        1794.946   2100985856   2100985856
    72220672            1         516.622    144441344    144441344
    72220672            2         189.995    288882688    288882688
    72220672            4         430.196    577765376    577765376
    72220672            8         964.812   1155530752   1155530752
    72220672           16        1963.750   2311061504   2311061504
    79441920            1         651.591    158883840    158883840
    79441920            2         218.289    317767680    317767680
    79441920            4         471.746    635535360    635535360
    79441920            8        1027.002   1271070720   1271070720
    79441920           16        2157.993   2542141440   2542141440
    87386112            1         621.714    174772224    174772224
    87386112            2         243.698    349544448    349544448
    87386112            4         530.248    699088896    699088896
    87386112            8        1127.986   1398177792   1398177792
    96123904            1         666.339    192247808    192247808
    96123904            2         270.800    384495616    384495616
    96123904            4         570.836    768991232    768991232
    96123904            8        1244.730   1537982464   1537982464
   105736192            1         773.345    211472384    211472384
   105736192            2         367.265    422944768    422944768
   105736192            4         721.345    845889536    845889536
   105736192            8        1551.058   1691779072   1691779072
   116308992            1         869.289    232617984    232617984
   116308992            2         366.584    465235968    465235968
   116308992            4         793.814    930471936    930471936
   116308992            8        1705.704   1860943872   1860943872
   127939584            1         900.850    255879168    255879168
   127939584            2         406.510    511758336    511758336
   127939584            4         884.728   1023516672   1023516672
   127939584            8        1911.169   2047033344   2047033344
   140733440            1         992.265    281466880    281466880
   140733440            2         450.264    562933760    562933760
   140733440            4         996.483   1125867520   1125867520
   140733440            8        2126.783   2251735040   2251735040
   154806272            1        1100.783    309612544    309612544
   154806272            2         490.412    619225088    619225088
   154806272            4        1083.179   1238450176   1238450176
   154806272            8        2268.465   2476900352   2476900352
   170286080            1        1239.760    340572160    340572160
   170286080            2         521.952    681144320    681144320
   170286080            4        1169.716   1362288640   1362288640
   187314176            1        1317.821    374628352    374628352
   187314176            2         608.618    749256704    749256704
   187314176            4        1286.811   1498513408   1498513408
   206045184            1        1450.215    412090368    412090368
   206045184            2         628.717    824180736    824180736
   206045184            4        1561.097   1648361472   1648361472
   226649088            1        1601.545    453298176    453298176
   226649088            2         681.068    906596352    906596352
   226649088            4        1560.456   1813192704   1813192704
   249313280            1        1749.969    498626560    498626560
   249313280            2         746.794    997253120    997253120
   249313280            4        1714.632   1994506240   1994506240
   274244608            1        1930.627    548489216    548489216
   274244608            2         712.948   1096978432   1096978432
   274244608            4        1700.746   2193956864   2193956864
   301668352            1        2097.617    603336704    603336704
   301668352            2         766.102   1206673408   1206673408
   301668352            4        1825.816   2413346816   2413346816
   331834368            1        2342.257    663668736    663668736
   331834368            2         852.707   1327337472   1327337472
   331834368            4        1980.022   2654674944   2654674944
   365017088            1        2555.065    730034176    730034176
   365017088            2         948.952   1460068352   1460068352
   401518592            1        2830.725    803037184    803037184
   401518592            2        1040.348   1606074368   1606074368
   441669632            1        3080.134    883339264    883339264
   441669632            2        1167.391   1766678528   1766678528
   485835776            1        3391.522    971671552    971671552
   485835776            2        1341.896   1943343104   1943343104
   534418432            1        3798.082   1068836864   1068836864
   534418432            2        1837.719   2137673728   2137673728
   587859968            1        4102.426   1175719936   1175719936
   587859968            2        3268.546   2351439872   2351439872
   646645760            1        4516.822   1293291520   1293291520
   646645760            2        5429.505   2586583040   2586583040
   711310336            1        4960.894   1422620672   1422620672
   782440448            1        5482.546   1564880896   1564880896
   860684288            1        6032.152   1721368576   1721368576
   946752512            1        6632.083   1893505024   1893505024
  1041427456            1        7281.339   2082854912   2082854912
  1145569280            1        8022.764   2291138560   2291138560
  1260126208            1        8778.093   2520252416   2520252416

META_DATA
FLOPS          16
MPI_PROCS      128
ERT_VERSION  1.1.0
HOSTNAME  ('nid004033', [], ['10.253.33.94'])
UNAME  uname_result(system='Linux', node='nid004033', release='5.14.21-150400.24.46_12.0.63-cray_shasta_c', version='#1 SMP Fri Mar 3 22:39:37 UTC 2023 (6e164f9)', machine='x86_64')
TIMESTAMP_DATA  1710934656.96159
CONFIG  {'ERT_RESULTS': ['Results.archer.01'], 'ERT_DRIVER': ['driver1'], 'ERT_KERNEL': ['kernel1'], 'ERT_MPI': ['True'], 'ERT_MPI_CFLAGS': [], 'ERT_MPI_LDFLAGS': [], 'ERT_OPENMP': ['False'], 'ERT_OPENMP_CFLAGS': ['-fopenmp'], 'ERT_OPENMP_LDFLAGS': ['-fopenmp'], 'ERT_FLOPS': ['1,2,4,8,16,32'], 'ERT_ALIGN': ['32'], 'ERT_CC': ['mpic++'], 'ERT_CFLAGS': ['-Ofast', '-fargument-noalias', '-mavx2'], 'ERT_LD': ['mpic++'], 'ERT_LDFLAGS': [], 'ERT_LDLIBS': [], 'ERT_RUN': ['export', 'OMP_NUM_THREADS=ERT_OPENMP_THREADS;', 'srun', '--distribution=block:block', '--hint=nomultithread', '--ntasks', 'ERT_MPI_PROCS', 'ERT_CODE'], 'ERT_PROCS_THREADS': ['32,64,128'], 'ERT_MPI_PROCS': ['32,64,128'], 'ERT_OPENMP_THREADS': [], 'ERT_NUM_EXPERIMENTS': ['5'], 'ERT_MEMORY_MAX': ['1357905920'], 'ERT_WORKING_SET_MIN': ['1'], 'ERT_TRIALS_MIN': ['1'], 'ERT_GNUPLOT': ['gnuplot'], 'ERT_GPU': [False], 'ERT_HIP': [False], 'ERT_PRECISION': ['FP64'], 'ERT_OCL': [False], 'ERT_SYCL': [False], 'ERT_WSS_MULT': [1.1]}
