fp64
        1024            1        5851.150         2048          256
        1024            2          20.879         4096          512
        1024            4          15.519         8192         1024
        1024            8          13.816        16384         2048
        1024           16          14.066        32768         4096
        1024           32          21.520        65536         8192
        1024           64          14.928       131072        16384
        1024          128          14.227       262144        32768
        1024          256          15.098       524288        65536
        1024          512          13.425      1048576       131072
        1024         1024          15.870      2097152       262144
        1024         2048          15.379      4194304       524288
        1024         4096          16.210      8388608      1048576
        1024         8192          19.396     16777216      2097152
        1024        16384          27.602     33554432      4194304
        1024        32768          38.883     67108864      8388608
        1024        65536          68.889    134217728     16777216
        1024       131072         116.467    268435456     33554432
        1024       262144         231.382    536870912     67108864
        1024       524288         423.782   1073741824    134217728
        1024      1048576        5716.728   2147483648    268435456
        2048            1          48.611         4096          512
        2048            2          15.680         8192         1024
        2048            4          14.086        16384         2048
        2048            8          13.776        32768         4096
        2048           16          14.066        65536         8192
        2048           32          13.255       131072        16384
        2048           64          14.026       262144        32768
        2048          128          13.515       524288        65536
        2048          256          13.435      1048576       131072
        2048          512          14.437      2097152       262144
        2048         1024          14.617      4194304       524288
        2048         2048          15.529      8388608      1048576
        2048         4096          16.941     16777216      2097152
        2048         8192          20.048     33554432      4194304
        2048        16384          25.949     67108864      8388608
        2048        32768          39.033    134217728     16777216
        2048        65536          65.472    268435456     33554432
        2048       131072         114.665    536870912     67108864
        2048       262144         232.194   1073741824    134217728
        2048       524288        5402.210   2147483648    268435456
        3072            1         763.958         6144          768
        3072            2          15.349        12288         1536
        3072            4          13.686        24576         3072
        3072            8          13.255        49152         6144
        3072           16          13.436        98304        12288
        3072           32          13.595       196608        24576
        3072           64          13.315       393216        49152
        3072          128          13.705       786432        98304
        3072          256          13.405      1572864       196608
        3072          512          13.645      3145728       393216
        3072         1024          13.926      6291456       786432
        3072         2048          15.449     12582912      1572864
        3072         4096          16.280     25165824      3145728
        3072         8192          19.446     50331648      6291456
        3072        16384          25.898    100663296     12582912
        3072        32768          38.932    201326592     25165824
        3072        65536          63.909    402653184     50331648
        3072       131072         116.448    805306368    100663296
        3072       262144        5253.122   1610612736    201326592
        4096            1         773.376         8192         1024
        4096            2          13.826        16384         2048
        4096            4          14.457        32768         4096
        4096            8          13.836        65536         8192
        4096           16          13.505       131072        16384
        4096           32          13.826       262144        32768
        4096           64          13.976       524288        65536
        4096          128          12.975      1048576       131072
        4096          256          13.305      2097152       262144
        4096          512          20.799      4194304       524288
        4096         1024          14.637      8388608      1048576
        4096         2048          15.069     16777216      2097152
        4096         4096          16.671     33554432      4194304
        4096         8192          19.456     67108864      8388608
        4096        16384          26.720    134217728     16777216
        4096        32768          40.285    268435456     33554432
        4096        65536          67.015    536870912     67108864
        4096       131072         120.035   1073741824    134217728
        4096       262144        5182.129   2147483648    268435456
        5120            1          37.310        10240         1280
        5120            2          13.466        20480         2560
        5120            4          13.335        40960         5120
        5120            8          13.706        81920        10240
        5120           16          13.465       163840        20480
        5120           32          13.215       327680        40960
        5120           64          12.965       655360        81920
        5120          128          13.305      1310720       163840
        5120          256          13.646      2621440       327680
        5120          512          14.518      5242880       655360
        5120         1024          14.928     10485760      1310720
        5120         2048          16.561     20971520      2621440
        5120         4096          19.226     41943040      5242880
        5120         8192          25.688     83886080     10485760
        5120        16384          38.722    167772160     20971520
        5120        32768          74.510    335544320     41943040
        5120        65536         115.005    671088640     83886080
        5120       131072         222.115   1342177280    167772160
        5120       262144        5407.139   2684354560    335544320
        6144            1          26.720        12288         1536
        6144            2          13.506        24576         3072
        6144            4          13.074        49152         6144
        6144            8          13.656        98304        12288
        6144           16          13.125       196608        24576
        6144           32          13.405       393216        49152
        6144           64          13.415       786432        98304
        6144          128          13.235      1572864       196608
        6144          256          13.966      3145728       393216
        6144          512          23.103      6291456       786432
        6144         1024          14.557     12582912      1572864
        6144         2048          17.092     25165824      3145728
        6144         4096          20.257     50331648      6291456
        6144         8192          27.170    100663296     12582912
        6144        16384          38.673    201326592     25165824
        6144        32768          64.610    402653184     50331648
        6144        65536         115.376    805306368    100663296
        6144       131072        5290.632   1610612736    201326592
        7168            1          32.020        14336         1792
        7168            2          15.028        28672         3584
        7168            4          13.375        57344         7168
        7168            8          13.395       114688        14336
        7168           16          13.856       229376        28672
        7168           32          13.155       458752        57344
        7168           64          14.087       917504       114688
        7168          128          13.796      1835008       229376
        7168          256          13.946      3670016       458752
        7168          512          14.567      7340032       917504
        7168         1024          14.867     14680064      1835008
        7168         2048          16.410     29360128      3670016
        7168         4096          19.647     58720256      7340032
        7168         8192          25.809    117440512     14680064
        7168        16384          51.306    234881024     29360128
        7168        32768          64.250    469762048     58720256
        7168        65536         114.625    939524096    117440512
        7168       131072        5198.349   1879048192    234881024
        8192            1         291.646        16384         2048
        8192            2          13.546        32768         4096
        8192            4          14.126        65536         8192
        8192            8          13.575       131072        16384
        8192           16          14.757       262144        32768
        8192           32          15.158       524288        65536
        8192           64          24.967      1048576       131072
        8192          128          14.056      2097152       262144
        8192          256          13.765      4194304       524288
        8192          512          14.607      8388608      1048576
        8192         1024          14.648     16777216      2097152
        8192         2048          16.250     33554432      4194304
        8192         4096          17.643     67108864      8388608
        8192         8192          23.003    134217728     16777216
        8192        16384          32.290    268435456     33554432
        8192        32768          52.478    536870912     67108864
        8192        65536          90.009   1073741824    134217728
        8192       131072        5216.994   2147483648    268435456
        9216            1        3670.363        18432         2304
        9216            2          14.357        36864         4608
        9216            4          14.367        73728         9216
        9216            8          14.678       147456        18432
        9216           16          12.844       294912        36864
        9216           32          15.028       589824        73728
        9216           64          14.998      1179648       147456
        9216          128          14.216      2359296       294912
        9216          256          13.746      4718592       589824
        9216          512          14.457      9437184      1179648
        9216         1024          15.929     18874368      2359296
        9216         2048          17.132     37748736      4718592
        9216         4096          21.109     75497472      9437184
        9216         8192          30.828    150994944     18874368
        9216        16384          45.174    301989888     37748736
        9216        32768          77.024    603979776     75497472
        9216        65536         140.332   1207959552    150994944
        9216       131072        5267.730   2415919104    301989888
       10240            1        3687.104        20480         2560
       10240            2          14.227        40960         5120
       10240            4          13.545        81920        10240
       10240            8          13.505       163840        20480
       10240           16          13.686       327680        40960
       10240           32          13.726       655360        81920
       10240           64          13.385      1310720       163840
       10240          128          14.187      2621440       327680
       10240          256          17.633      5242880       655360
       10240          512          16.361     10485760      1310720
       10240         1024          16.191     20971520      2621440
       10240         2048          19.407     41943040      5242880
       10240         4096          21.730     83886080     10485760
       10240         8192          29.896    167772160     20971520
       10240        16384          50.384    335544320     41943040
       10240        32768          81.562    671088640     83886080
       10240        65536         141.104   1342177280    167772160
       10240       131072        5246.870   2684354560    335544320
       11264            1        3664.962        22528         2816
       11264            2          16.611        45056         5632
       11264            4          13.596        90112        11264
       11264            8          13.425       180224        22528
       11264           16          14.056       360448        45056
       11264           32          13.455       720896        90112
       11264           64          13.585      1441792       180224
       11264          128          14.076      2883584       360448
       11264          256          13.706      5767168       720896
       11264          512          14.327     11534336      1441792
       11264         1024          15.419     23068672      2883584
       11264         2048          17.483     46137344      5767168
       11264         4096          21.460     92274688     11534336
       11264         8192          29.054    184549376     23068672
       11264        16384          54.572    369098752     46137344
       11264        32768          76.192    738197504     92274688
       11264        65536        5117.679   1476395008    184549376
       12288            1        3658.170        24576         3072
       12288            2          35.156        49152         6144
       12288            4          14.417        98304        12288
       12288            8          14.347       196608        24576
       12288           16          14.107       393216        49152
       12288           32          26.860       786432        98304
       12288           64          13.605      1572864       196608
       12288          128          33.282      3145728       393216
       12288          256          44.032      6291456       786432
       12288          512          15.049     12582912      1572864
       12288         1024          16.842     25165824      3145728
       12288         2048          19.928     50331648      6291456
       12288         4096          27.532    100663296     12582912
       12288         8192          43.060    201326592     25165824
       12288        16384          64.210    402653184     50331648
       12288        32768         114.955    805306368    100663296
       12288        65536        5108.802   1610612736    201326592
       13312            1        3661.005        26624         3328
       13312            2          15.138        53248         6656
       13312            4          13.665       106496        13312
       13312            8          13.685       212992        26624
       13312           16          14.246       425984        53248
       13312           32          14.006       851968       106496
       13312           64          14.086      1703936       212992
       13312          128          15.179      3407872       425984
       13312          256          13.916      6815744       851968
       13312          512          15.189     13631488      1703936
       13312         1024          17.643     27262976      3407872
       13312         2048          23.244     54525952      6815744
       13312         4096          33.984    109051904     13631488
       13312         8192          44.403    218103808     27262976
       13312        16384          75.932    436207616     54525952
       13312        32768         140.041    872415232    109051904
       13312        65536        5173.703   1744830464    218103808
       14336            1        3595.622        28672         3584
       14336            2          16.190        57344         7168
       14336            4          14.036       114688        14336
       14336            8          13.806       229376        28672
       14336           16          13.665       458752        57344
       14336           32          13.575       917504       114688
       14336           64          13.175      1835008       229376
       14336          128          13.695      3670016       458752
       14336          256          14.417      7340032       917504
       14336          512          14.938     14680064      1835008
       14336         1024          17.012     29360128      3670016
       14336         2048          20.919     58720256      7340032
       14336         4096          27.902    117440512     14680064
       14336         8192          52.078    234881024     29360128
       14336        16384          81.201    469762048     58720256
       14336        32768         173.805    939524096    117440512
       14336        65536        5151.733   1879048192    234881024
       15360            1        2415.386        30720         3840
       15360            2          14.918        61440         7680
       15360            4          14.207       122880        15360
       15360            8          13.605       245760        30720
       15360           16          13.626       491520        61440
       15360           32          15.820       983040       122880
       15360           64          13.385      1966080       245760
       15360          128          23.374      3932160       491520
       15360          256          15.178      7864320       983040
       15360          512          15.008     15728640      1966080
       15360         1024          17.052     31457280      3932160
       15360         2048          20.328     62914560      7864320
       15360         4096          28.713    125829120     15728640
       15360         8192          48.982    251658240     31457280
       15360        16384          80.521    503316480     62914560
       15360        32768         140.032   1006632960    125829120
       15360        65536        5169.375   2013265920    251658240
       16384            1        2429.602        32768         4096
       16384            2          14.728        65536         8192
       16384            4          13.365       131072        16384
       16384            8          13.616       262144        32768
       16384           16          13.495       524288        65536
       16384           32          13.355      1048576       131072
       16384           64          13.986      2097152       262144
       16384          128          14.127      4194304       524288
       16384          256          16.010      8388608      1048576
       16384          512          16.742     16777216      2097152
       16384         1024          19.567     33554432      4194304
       16384         2048          24.896     67108864      8388608
       16384         4096          38.532    134217728     16777216
       16384         8192          65.573    268435456     33554432
       16384        16384         118.823    536870912     67108864
       16384        32768         226.283   1073741824    134217728
       16384        65536        5180.896   2147483648    268435456
       17408            1        2400.799        34816         4352
       17408            2          19.526        69632         8704
       17408            4          14.628       139264        17408
       17408            8          13.475       278528        34816
       17408           16          13.655       557056        69632
       17408           32          13.626      1114112       139264
       17408           64          13.615      2228224       278528
       17408          128          13.766      4456448       557056
       17408          256          14.878      8912896      1114112
       17408          512          15.499     17825792      2228224
       17408         1024          17.432     35651584      4456448
       17408         2048          23.975     71303168      8912896
       17408         4096          30.648    142606336     17825792
       17408         8192          49.583    285212672     35651584
       17408        16384          87.483    570425344     71303168
       17408        32768         188.993   1140850688    142606336
       17408        65536        5270.063   2281701376    285212672
       18432            1        1748.800        36864         4608
       18432            2          13.365        73728         9216
       18432            4          13.465       147456        18432
       18432            8          13.365       294912        36864
       18432           16          13.745       589824        73728
       18432           32          13.435      1179648       147456
       18432           64          13.465      2359296       294912
       18432          128          20.428      4718592       589824
       18432          256          15.279      9437184      1179648
       18432          512          14.918     18874368      2359296
       18432         1024          17.683     37748736      4718592
       18432         2048          21.109     75497472      9437184
       18432         4096          30.637    150994944     18874368
       18432         8192          48.291    301989888     37748736
       18432        16384          86.432    603979776     75497472
       18432        32768         160.841   1207959552    150994944
       18432        65536        5189.543   2415919104    301989888
       19456            1          34.715        38912         4864
       19456            2          14.377        77824         9728
       19456            4          15.299       155648        19456
       19456            8          13.806       311296        38912
       19456           16          13.967       622592        77824
       19456           32          13.856      1245184       155648
       19456           64          14.117      2490368       311296
       19456          128          13.625      4980736       622592
       19456          256          13.966      9961472      1245184
       19456          512          15.800     19922944      2490368
       19456         1024          16.621     39845888      4980736
       19456         2048          21.540     79691776      9961472
       19456         4096          30.246    159383552     19922944
       19456         8192          58.039    318767104     39845888
       19456        16384          86.231    637534208     79691776
       19456        32768         160.209   1275068416    159383552
       19456        65536        5185.165   2550136832    318767104
       20480            1          32.791        40960         5120
       20480            2          14.427        81920        10240
       20480            4          12.894       163840        20480
       20480            8          14.046       327680        40960
       20480           16          13.625       655360        81920
       20480           32          13.866      1310720       163840
       20480           64          13.405      2621440       327680
       20480          128          13.526      5242880       655360
       20480          256          13.956     10485760      1310720
       20480          512          15.338     20971520      2621440
       20480         1024          16.390     41943040      5242880
       20480         2048          20.869     83886080     10485760
       20480         4096          28.172    167772160     20971520
       20480         8192          44.162    335544320     41943040
       20480        16384          75.481    671088640     83886080
       20480        32768         147.335   1342177280    167772160
       20480        65536        5171.529   2684354560    335544320
       22528            1          34.324        45056         5632
       22528            2          14.227        90112        11264
       22528            4          13.846       180224        22528
       22528            8          13.595       360448        45056
       22528           16          13.876       720896        90112
       22528           32          13.715      1441792       180224
       22528           64          13.315      2883584       360448
       22528          128          13.906      5767168       720896
       22528          256          14.507     11534336      1441792
       22528          512          15.670     23068672      2883584
       22528         1024          18.184     46137344      5767168
       22528         2048          22.652     92274688     11534336
       22528         4096          32.180    184549376     23068672
       22528         8192          51.165    369098752     46137344
       22528        16384          91.832    738197504     92274688
       22528        32768        5156.080   1476395008    184549376
       24576            1          24.496        49152         6144
       24576            2          13.345        98304        12288
       24576            4          13.806       196608        24576
       24576            8          13.204       393216        49152
       24576           16          14.216       786432        98304
       24576           32          13.646      1572864       196608
       24576           64          13.595      3145728       393216
       24576          128          14.467      6291456       786432
       24576          256          14.427     12582912      1572864
       24576          512          15.599     25165824      3145728
       24576         1024          17.924     50331648      6291456
       24576         2048          23.224    100663296     12582912
       24576         4096          34.134    201326592     25165824
       24576         8192          55.704    402653184     50331648
       24576        16384         100.528    805306368    100663296
       24576        32768        5096.840   1610612736    201326592
       26624            1          34.815        53248         6656
       26624            2          14.166       106496        13312
       26624            4          13.675       212992        26624
       26624            8          13.806       425984        53248
       26624           16          14.116       851968       106496
       26624           32          14.107      1703936       212992
       26624           64          14.627      3407872       425984
       26624          128          15.800      6815744       851968
       26624          256          14.958     13631488      1703936
       26624          512          17.062     27262976      3407872
       26624         1024          19.356     54525952      6815744
       26624         2048          27.672    109051904     13631488
       26624         4096          43.983    218103808     27262976
       26624         8192          84.899    436207616     54525952
       26624        16384         135.103    872415232    109051904
       26624        32768        5116.697   1744830464    218103808
       28672            1          35.256        57344         7168
       28672            2          13.775       114688        14336
       28672            4          13.415       229376        28672
       28672            8          13.966       458752        57344
       28672           16          14.236       917504       114688
       28672           32          15.229      1835008       229376
       28672           64          13.125      3670016       458752
       28672          128          13.946      7340032       917504
       28672          256          15.980     14680064      1835008
       28672          512          16.681     29360128      3670016
       28672         1024          19.175     58720256      7340032
       28672         2048          25.828    117440512     14680064
       28672         4096          38.382    234881024     29360128
       28672         8192          64.390    469762048     58720256
       28672        16384         118.492    939524096    117440512
       28672        32768        5160.939   1879048192    234881024
       30720            1          47.740        61440         7680
       30720            2          15.619       122880        15360
       30720            4          13.635       245760        30720
       30720            8          13.395       491520        61440
       30720           16          14.127       983040       122880
       30720           32          13.406      1966080       245760
       30720           64          13.405      3932160       491520
       30720          128          15.940      7864320       983040
       30720          256          14.908     15728640      1966080
       30720          512          16.751     31457280      3932160
       30720         1024          21.140     62914560      7864320
       30720         2048          28.604    125829120     15728640
       30720         4096          39.815    251658240     31457280
       30720         8192          78.888    503316480     62914560
       30720        16384         135.103   1006632960    125829120
       30720        32768        5162.072   2013265920    251658240
       33792            1          27.071        67584         8448
       33792            2          14.126       135168        16896
       33792            4          13.224       270336        33792
       33792            8          13.355       540672        67584
       33792           16          14.066      1081344       135168
       33792           32          14.086      2162688       270336
       33792           64          13.565      4325376       540672
       33792          128          13.615      8650752      1081344
       33792          256          14.507     17301504      2162688
       33792          512          17.132     34603008      4325376
       33792         1024          31.629     69206016      8650752
       33792         2048          28.734    138412032     17301504
       33792         4096          44.584    276824064     34603008
       33792         8192          79.438    553648128     69206016
       33792        16384         142.817   1107296256    138412032
       33792        32768        5155.739   2214592512    276824064
       36864            1          25.518        73728         9216
       36864            2          13.565       147456        18432
       36864            4          13.775       294912        36864
       36864            8          13.124       589824        73728
       36864           16          13.886      1179648       147456
       36864           32          13.325      2359296       294912
       36864           64          14.276      4718592       589824
       36864          128          14.156      9437184      1179648
       36864          256          14.798     18874368      2359296
       36864          512          16.521     37748736      4718592
       36864         1024          19.977     75497472      9437184
       36864         2048          27.702    150994944     18874368
       36864         4096          42.229    301989888     37748736
       36864         8192          72.305    603979776     75497472
       36864        16384         141.284   1207959552    150994944
       36864        32768        5200.834   2415919104    301989888
       39936            1          34.885        79872         9984
       39936            2          13.735       159744        19968
       39936            4          13.585       319488        39936
       39936            8          13.265       638976        79872
       39936           16          14.006      1277952       159744
       39936           32          13.836      2555904       319488
       39936           64          14.296      5111808       638976
       39936          128          15.529     10223616      1277952
       39936          256          14.958     20447232      2555904
       39936          512          16.722     40894464      5111808
       39936         1024          19.667     81788928     10223616
       39936         2048          28.823    163577856     20447232
       39936         4096          46.868    327155712     40894464
       39936         8192          78.868    654311424     81788928
       39936        16384         139.491   1308622848    163577856
       39936        32768        5182.269   2617245696    327155712
       43008            1          31.249        86016        10752
       43008            2          13.826       172032        21504
       43008            4          14.136       344064        43008
       43008            8          13.415       688128        86016
       43008           16          14.557      1376256       172032
       43008           32          13.575      2752512       344064
       43008           64          13.555      5505024       688128
       43008          128          13.976     11010048      1376256
       43008          256          15.479     22020096      2752512
       43008          512          16.972     44040192      5505024
       43008         1024          19.697     88080384     11010048
       43008         2048          28.383    176160768     22020096
       43008         4096          41.467    352321536     44040192
       43008         8192          68.248    704643072     88080384
       43008        16384        5125.413   1409286144    176160768
       47104            1          34.705        94208        11776
       47104            2          13.495       188416        23552
       47104            4          13.515       376832        47104
       47104            8          13.195       753664        94208
       47104           16          13.515      1507328       188416
       47104           32          13.635      3014656       376832
       47104           64          13.986      6029312       753664
       47104          128          14.117     12058624      1507328
       47104          256          16.060     24117248      3014656
       47104          512          16.601     48234496      6029312
       47104         1024          19.917     96468992     12058624
       47104         2048          27.211    192937984     24117248
       47104         4096          44.303    385875968     48234496
       47104         8192          84.788    771751936     96468992
       47104        16384        5164.536   1543503872    192937984
       51200            1          96.661       102400        12800
       51200            2          14.738       204800        25600
       51200            4          13.526       409600        51200
       51200            8          13.676       819200       102400
       51200           16          14.147      1638400       204800
       51200           32          14.056      3276800       409600
       51200           64          13.946      6553600       819200
       51200          128          14.737     13107200      1638400
       51200          256          14.968     26214400      3276800
       51200          512          16.992     52428800      6553600
       51200         1024          21.310    104857600     13107200
       51200         2048          30.007    209715200     26214400
       51200         4096          48.020    419430400     52428800
       51200         8192          87.885    838860800    104857600
       51200        16384        5174.415   1677721600    209715200
       56320            1          23.344       112640        14080
       56320            2          13.946       225280        28160
       56320            4          13.655       450560        56320
       56320            8          13.475       901120       112640
       56320           16          14.387      1802240       225280
       56320           32          14.066      3604480       450560
       56320           64          13.505      7208960       901120
       56320          128          14.327     14417920      1802240
       56320          256          14.968     28835840      3604480
       56320          512          19.706     57671680      7208960
       56320         1024          22.212    115343360     14417920
       56320         2048          29.906    230686720     28835840
       56320         4096          46.407    461373440     57671680
       56320         8192          78.576    922746880    115343360
       56320        16384        5150.550   1845493760    230686720
       61440            1          31.459       122880        15360
       61440            2          13.936       245760        30720
       61440            4          13.806       491520        61440
       61440            8          15.038       983040       122880
       61440           16          26.399      1966080       245760
       61440           32          14.567      3932160       491520
       61440           64          14.046      7864320       983040
       61440          128          14.457     15728640      1966080
       61440          256          15.749     31457280      3932160
       61440          512          17.332     62914560      7864320
       61440         1024          22.111    125829120     15728640
       61440         2048          32.641    251658240     31457280
       61440         4096          51.917    503316480     62914560
       61440         8192          93.304   1006632960    125829120
       61440        16384        5103.612   2013265920    251658240
       67584            1          38.061       135168        16896
       67584            2          14.196       270336        33792
       67584            4          13.866       540672        67584
       67584            8          13.295      1081344       135168
       67584           16          13.595      2162688       270336
       67584           32          13.766      4325376       540672
       67584           64          13.766      8650752      1081344
       67584          128          14.377     17301504      2162688
       67584          256          15.670     34603008      4325376
       67584          512          18.945     69206016      8650752
       67584         1024          22.953    138412032     17301504
       67584         2048          33.673    276824064     34603008
       67584         4096          55.323    553648128     69206016
       67584         8192          98.945   1107296256    138412032
       67584        16384        5145.060   2214592512    276824064
       73728            1          26.440       147456        18432
       73728            2          15.018       294912        36864
       73728            4          14.407       589824        73728
       73728            8          13.606      1179648       147456
       73728           16          13.735      2359296       294912
       73728           32          13.846      4718592       589824
       73728           64          13.886      9437184      1179648
       73728          128          14.978     18874368      2359296
       73728          256          16.320     37748736      4718592
       73728          512          29.495     75497472      9437184
       73728         1024          26.229    150994944     18874368
       73728         2048          38.523    301989888     37748736
       73728         4096          64.290    603979776     75497472
       73728         8192         116.548   1207959552    150994944
       73728        16384        5127.126   2415919104    301989888
       80896            1          32.881       161792        20224
       80896            2          13.826       323584        40448
       80896            4          13.335       647168        80896
       80896            8          13.856      1294336       161792
       80896           16          13.926      2588672       323584
       80896           32          15.078      5177344       647168
       80896           64          17.363     10354688      1294336
       80896          128          19.126     20709376      2588672
       80896          256          19.596     41418752      5177344
       80896          512          22.933     82837504     10354688
       80896         1024          29.476    165675008     20709376
       80896         2048          45.225    331350016     41418752
       80896         4096          60.744    662700032     82837504
       80896         8192         112.660   1325400064    165675008
       80896        16384        5166.550   2650800128    331350016
       88064            1          37.741       176128        22016
       88064            2          13.735       352256        44032
       88064            4          14.327       704512        88064
       88064            8          13.545      1409024       176128
       88064           16          14.116      2818048       352256
       88064           32          13.846      5636096       704512
       88064           64          13.956     11272192      1409024
       88064          128          16.000     22544384      2818048
       88064          256          18.966     45088768      5636096
       88064          512          19.577     90177536     11272192
       88064         1024          26.479    180355072     22544384
       88064         2048          37.420    360710144     45088768
       88064         4096          62.206    721420288     90177536
       88064         8192        5172.251   1442840576    180355072
       96256            1          35.456       192512        24064
       96256            2          13.696       385024        48128
       96256            4          13.545       770048        96256
       96256            8          13.605      1540096       192512
       96256           16          14.196      3080192       385024
       96256           32          14.047      6160384       770048
       96256           64          14.176     12320768      1540096
       96256          128          14.858     24641536      3080192
       96256          256          16.190     49283072      6160384
       96256          512          19.967     98566144     12320768
       96256         1024          26.179    197132288     24641536
       96256         2048          51.396    394264576     49283072
       96256         4096          66.254    788529152     98566144
       96256         8192        5169.195   1577058304    197132288
      105472            1          33.913       210944        26368
      105472            2          13.555       421888        52736
      105472            4          13.605       843776       105472
      105472            8          13.536      1687552       210944
      105472           16          14.507      3375104       421888
      105472           32          13.305      6750208       843776
      105472           64          14.487     13500416      1687552
      105472          128          14.758     27000832      3375104
      105472          256          16.420     54001664      6750208
      105472          512          19.887    108003328     13500416
      105472         1024          26.129    216006656     27000832
      105472         2048          40.696    432013312     54001664
      105472         4096          68.979    864026624    108003328
      105472         8192        5129.931   1728053248    216006656
      115712            1          37.430       231424        28928
      115712            2          13.496       462848        57856
      115712            4          14.037       925696       115712
      115712            8          14.287      1851392       231424
      115712           16          13.956      3702784       462848
      115712           32          15.048      7405568       925696
      115712           64          14.227     14811136      1851392
      115712          128          15.219     29622272      3702784
      115712          256          30.908     59244544      7405568
      115712          512          20.218    118489088     14811136
      115712         1024          27.812    236978176     29622272
      115712         2048          42.099    473956352     59244544
      115712         4096          73.397    947912704    118489088
      115712         8192        5128.579   1895825408    236978176
      126976            1          35.225       253952        31744
      126976            2          15.419       507904        63488
      126976            4          14.157      1015808       126976
      126976            8          15.068      2031616       253952
      126976           16          14.217      4063232       507904
      126976           32          14.046      8126464      1015808
      126976           64          14.197     16252928      2031616
      126976          128          17.082     32505856      4063232
      126976          256          17.593     65011712      8126464
      126976          512          21.821    130023424     16252928
      126976         1024          31.098    260046848     32505856
      126976         2048          48.641    520093696     65011712
      126976         4096          85.880   1040187392    130023424
      126976         8192        5159.487   2080374784    260046848
      139264            1          36.788       278528        34816
      139264            2          15.208       557056        69632
      139264            4          14.307      1114112       139264
      139264            8          13.886      2228224       278528
      139264           16          13.916      4456448       557056
      139264           32          13.795      8912896      1114112
      139264           64          15.409     17825792      2228224
      139264          128          16.461     35651584      4456448
      139264          256          17.633     71303168      8912896
      139264          512          22.322    142606336     17825792
      139264         1024          32.020    285212672     35651584
      139264         2048          51.797    570425344     71303168
      139264         4096          89.888   1140850688    142606336
      139264         8192        5146.131   2281701376    285212672
      152576            1          25.027       305152        38144
      152576            2          14.497       610304        76288
      152576            4          13.074      1220608       152576
      152576            8          15.669      2441216       305152
      152576           16          14.227      4882432       610304
      152576           32          15.189      9764864      1220608
      152576           64          15.008     19529728      2441216
      152576          128          15.259     39059456      4882432
      152576          256          19.186     78118912      9764864
      152576          512          21.921    156237824     19529728
      152576         1024          30.638    312475648     39059456
      152576         2048          48.140    624951296     78118912
      152576         4096          92.923   1249902592    156237824
      152576         8192        5209.770   2499805184    312475648
      166912            1          26.159       333824        41728
      166912            2          13.836       667648        83456
      166912            4          14.186      1335296       166912
      166912            8          13.916      2670592       333824
      166912           16          13.936      5341184       667648
      166912           32          15.810     10682368      1335296
      166912           64          14.868     21364736      2670592
      166912          128          16.892     42729472      5341184
      166912          256          20.528     85458944     10682368
      166912          512          28.393    170917888     21364736
      166912         1024          44.503    341835776     42729472
      166912         2048          74.550    683671552     85458944
      166912         4096        5063.807   1367343104    170917888
      183296            1          37.951       366592        45824
      183296            2          13.846       733184        91648
      183296            4          13.556      1466368       183296
      183296            8          14.196      2932736       366592
      183296           16          15.218      5865472       733184
      183296           32          16.681     11730944      1466368
      183296           64          16.922     23461888      2932736
      183296          128          18.935     46923776      5865472
      183296          256          22.953     93847552     11730944
      183296          512          31.118    187695104     23461888
      183296         1024          59.661    375390208     46923776
      183296         2048          86.902    750780416     93847552
      183296         4096        5109.263   1501560832    187695104
      200704            1          26.549       401408        50176
      200704            2          14.207       802816       100352
      200704            4          15.028      1605632       200704
      200704            8          15.789      3211264       401408
      200704           16          13.756      6422528       802816
      200704           32          14.337     12845056      1605632
      200704           64          14.678     25690112      3211264
      200704          128          16.261     51380224      6422528
      200704          256          19.346    102760448     12845056
      200704          512          25.017    205520896     25690112
      200704         1024          37.880    411041792     51380224
      200704         2048          63.248    822083584    102760448
      200704         4096        5202.297   1644167168    205520896
      220160            1          33.974       440320        55040
      220160            2          14.197       880640       110080
      220160            4          13.435      1761280       220160
      220160            8          14.216      3522560       440320
      220160           16          13.645      7045120       880640
      220160           32          14.066     14090240      1761280
      220160           64          16.120     28180480      3522560
      220160          128          16.460     56360960      7045120
      220160          256          29.826    112721920     14090240
      220160          512          26.139    225443840     28180480
      220160         1024          37.540    450887680     56360960
      220160         2048          61.055    901775360    112721920
      220160         4096        5104.584   1803550720    225443840
      241664            1          43.631       483328        60416
      241664            2          13.656       966656       120832
      241664            4          14.687      1933312       241664
      241664            8          14.116      3866624       483328
      241664           16          14.106      7733248       966656
      241664           32          14.287     15466496      1933312
      241664           64          15.509     30932992      3866624
      241664          128          17.122     61865984      7733248
      241664          256          20.919    123731968     15466496
      241664          512          27.792    247463936     30932992
      241664         1024          41.939    494927872     61865984
      241664         2048          71.233    989855744    123731968
      241664         4096        5138.758   1979711488    247463936
      265216            1          32.030       530432        66304
      265216            2          14.648      1060864       132608
      265216            4          15.950      2121728       265216
      265216            8          14.206      4243456       530432
      265216           16          15.569      8486912      1060864
      265216           32          15.088     16973824      2121728
      265216           64          15.008     33947648      4243456
      265216          128          17.493     67895296      8486912
      265216          256          30.888    135790592     16973824
      265216          512          27.832    271581184     33947648
      265216         1024          41.608    543162368     67895296
      265216         2048          68.468   1086324736    135790592
      265216         4096        5140.431   2172649472    271581184
      290816            1          38.603       581632        72704
      290816            2          14.096      1163264       145408
      290816            4          14.216      2326528       290816
      290816            8          13.896      4653056       581632
      290816           16          14.357      9306112      1163264
      290816           32          14.928     18612224      2326528
      290816           64          15.399     37224448      4653056
      290816          128          19.056     74448896      9306112
      290816          256          23.935    148897792     18612224
      290816          512          30.568    297795584     37224448
      290816         1024          47.849    595591168     74448896
      290816         2048          80.270   1191182336    148897792
      290816         4096        5189.182   2382364672    297795584
      319488            1          46.286       638976        79872
      319488            2          13.425      1277952       159744
      319488            4          16.782      2555904       319488
      319488            8          14.397      5111808       638976
      319488           16          14.357     10223616      1277952
      319488           32          14.877     20447232      2555904
      319488           64          15.148     40894464      5111808
      319488          128          18.775     81788928     10223616
      319488          256          23.043    163577856     20447232
      319488          512          31.169    327155712     40894464
      319488         1024          49.833    654311424     81788928
      319488         2048          87.083   1308622848    163577856
      319488         4096        5166.009   2617245696    327155712
      351232            1          36.258       702464        87808
      351232            2          13.675      1404928       175616
      351232            4          14.487      2809856       351232
      351232            8          14.498      5619712       702464
      351232           16          14.066     11239424      1404928
      351232           32          14.607     22478848      2809856
      351232           64          15.540     44957696      5619712
      351232          128          18.424     89915392     11239424
      351232          256          24.235    179830784     22478848
      351232          512          32.320    359661568     44957696
      351232         1024          50.073    719323136     89915392
      351232         2048        5161.831   1438646272    179830784
      386048            1          34.424       772096        96512
      386048            2          15.529      1544192       193024
      386048            4          14.066      3088384       386048
      386048            8          14.147      6176768       772096
      386048           16          15.098     12353536      1544192
      386048           32          16.311     24707072      3088384
      386048           64          18.475     49414144      6176768
      386048          128          21.470     98828288     12353536
      386048          256          27.071    197656576     24707072
      386048          512          38.942    395313152     49414144
      386048         1024          65.693    790626304     98828288
      386048         2048        5164.245   1581252608    197656576
      423936            1          47.369       847872       105984
      423936            2          13.495      1695744       211968
      423936            4          14.617      3391488       423936
      423936            8          14.277      6782976       847872
      423936           16          14.407     13565952      1695744
      423936           32          16.591     27131904      3391488
      423936           64          17.202     54263808      6782976
      423936          128          20.038    108527616     13565952
      423936          256          27.571    217055232     27131904
      423936          512          39.835    434110464     54263808
      423936         1024          65.232    868220928    108527616
      423936         2048        5216.403   1736441856    217055232
      465920            1          27.001       931840       116480
      465920            2          15.930      1863680       232960
      465920            4          14.016      3727360       465920
      465920            8          14.307      7454720       931840
      465920           16          14.477     14909440      1863680
      465920           32          15.188     29818880      3727360
      465920           64          17.062     59637760      7454720
      465920          128          20.528    119275520     14909440
      465920          256          29.716    238551040     29818880
      465920          512          45.114    477102080     59637760
      465920         1024          69.450    954204160    119275520
      465920         2048        5119.722   1908408320    238551040
      512000            1          33.973      1024000       128000
      512000            2          13.805      2048000       256000
      512000            4          15.859      4096000       512000
      512000            8          13.415      8192000      1024000
      512000           16          14.588     16384000      2048000
      512000           32          17.723     32768000      4096000
      512000           64          17.293     65536000      8192000
      512000          128          21.440    131072000     16384000
      512000          256          28.905    262144000     32768000
      512000          512          43.502    524288000     65536000
      512000         1024          96.941   1048576000    131072000
      512000         2048        5144.388   2097152000    262144000
      563200            1          36.639      1126400       140800
      563200            2          14.647      2252800       281600
      563200            4          14.096      4505600       563200
      563200            8          14.106      9011200      1126400
      563200           16          14.778     18022400      2252800
      563200           32          15.489     36044800      4505600
      563200           64          19.727     72089600      9011200
      563200          128          22.212    144179200     18022400
      563200          256          33.923    288358400     36044800
      563200          512          47.149    576716800     72089600
      563200         1024          79.007   1153433600    144179200
      563200         2048        5224.909   2306867200    288358400
      619520            1          36.699      1239040       154880
      619520            2          13.866      2478080       309760
      619520            4          14.678      4956160       619520
      619520            8          14.357      9912320      1239040
      619520           16          14.527     19824640      2478080
      619520           32          15.499     39649280      4956160
      619520           64          29.645     79298560      9912320
      619520          128          22.652    158597120     19824640
      619520          256          30.787    317194240     39649280
      619520          512          48.861    634388480     79298560
      619520         1024          85.459   1268776960    158597120
      619520         2048        5198.690   2537553920    317194240
      680960            1          42.589      1361920       170240
      680960            2          16.862      2723840       340480
      680960            4          15.328      5447680       680960
      680960            8          16.531     10895360      1361920
      680960           16          15.649     21790720      2723840
      680960           32          17.082     43581440      5447680
      680960           64          20.899     87162880     10895360
      680960          128          24.005    174325760     21790720
      680960          256          34.204    348651520     43581440
      680960          512          58.921    697303040     87162880
      680960         1024        5147.314   1394606080    174325760
      748544            1          35.436      1497088       187136
      748544            2          14.968      2994176       374272
      748544            4          24.967      5988352       748544
      748544            8          14.818     11976704      1497088
      748544           16          15.038     23953408      2994176
      748544           32          16.501     47906816      5988352
      748544           64          18.946     95813632     11976704
      748544          128          23.954    191627264     23953408
      748544          256          34.735    383254528     47906816
      748544          512          57.748    766509056     95813632
      748544         1024        5142.254   1533018112    191627264
      823296            1          36.889      1646592       205824
      823296            2          13.756      3293184       411648
      823296            4          14.717      6586368       823296
      823296            8          14.858     13172736      1646592
      823296           16          16.251     26345472      3293184
      823296           32          17.492     52690944      6586368
      823296           64          19.586    105381888     13172736
      823296          128          25.708    210763776     26345472
      823296          256          38.142    421527552     52690944
      823296          512          59.151    843055104    105381888
      823296         1024        5179.795   1686110208    210763776
      905216            1          41.758      1810432       226304
      905216            2          15.069      3620864       452608
      905216            4          23.403      7241728       905216
      905216            8          15.128     14483456      1810432
      905216           16          15.609     28966912      3620864
      905216           32          17.793     57933824      7241728
      905216           64          20.068    115867648     14483456
      905216          128          26.880    231735296     28966912
      905216          256          40.065    463470592     57933824
      905216          512          63.559    926941184    115867648
      905216         1024        5109.122   1853882368    231735296
      995328            1          37.059      1990656       248832
      995328            2          15.198      3981312       497664
      995328            4          14.627      7962624       995328
      995328            8          15.209     15925248      1990656
      995328           16          15.108     31850496      3981312
      995328           32          17.343     63700992      7962624
      995328           64          20.419    127401984     15925248
      995328          128          27.472    254803968     31850496
      995328          256          42.219    509607936     63700992
      995328          512          67.296   1019215872    127401984
      995328         1024        5141.072   2038431744    254803968
     1094656            1          36.318      2189312       273664
     1094656            2          13.916      4378624       547328
     1094656            4          14.457      8757248      1094656
     1094656            8          15.189     17514496      2189312
     1094656           16          16.651     35028992      4378624
     1094656           32          29.184     70057984      8757248
     1094656           64          21.570    140115968     17514496
     1094656          128          28.904    280231936     35028992
     1094656          256          43.892    560463872     70057984
     1094656          512          71.985   1120927744    140115968
     1094656         1024        5149.067   2241855488    280231936
     1203200            1          43.361      2406400       300800
     1203200            2          14.838      4812800       601600
     1203200            4          15.879      9625600      1203200
     1203200            8          15.259     19251200      2406400
     1203200           16          16.972     38502400      4812800
     1203200           32          21.300     77004800      9625600
     1203200           64          23.714    154009600     19251200
     1203200          128          35.236    308019200     38502400
     1203200          256          51.075    616038400     77004800
     1203200          512          80.621   1232076800    154009600
     1203200         1024        5151.993   2464153600    308019200
     1323008            1          42.600      2646016       330752
     1323008            2          16.030      5292032       661504
     1323008            4          26.079     10584064      1323008
     1323008            8          16.731     21168128      2646016
     1323008           16          17.964     42336256      5292032
     1323008           32          19.036     84672512     10584064
     1323008           64          23.544    169345024     21168128
     1323008          128          31.569    338690048     42336256
     1323008          256          49.051    677380096     84672512
     1323008          512          83.867   1354760192    169345024
     1323008         1024        5158.485   2709520384    338690048
     1455104            1          42.339      2910208       363776
     1455104            2          16.281      5820416       727552
     1455104            4          15.760     11640832      1455104
     1455104            8          17.733     23281664      2910208
     1455104           16          21.751     46563328      5820416
     1455104           32          33.072     93126656     11640832
     1455104           64          54.592    186253312     23281664
     1455104          128          96.621    372506624     46563328
     1455104          256         193.231    745013248     93126656
     1455104          512        5105.997   1490026496    186253312
     1600512            1          43.321      3201024       400128
     1600512            2          15.178      6402048       800256
     1600512            4          15.209     12804096      1600512
     1600512            8          16.942     25608192      3201024
     1600512           16          19.537     51216384      6402048
     1600512           32          19.506    102432768     12804096
     1600512           64          24.756    204865536     25608192
     1600512          128          36.398    409731072     51216384
     1600512          256          55.624    819462144    102432768
     1600512          512        5105.956   1638924288    204865536
     1760256            1          48.130      3520512       440064
     1760256            2          17.423      7041024       880128
     1760256            4          17.583     14082048      1760256
     1760256            8          17.032     28164096      3520512
     1760256           16          19.868     56328192      7041024
     1760256           32          22.753    112656384     14082048
     1760256           64          25.728    225312768     28164096
     1760256          128          38.262    450625536     56328192
     1760256          256          60.463    901251072    112656384
     1760256          512        5137.165   1802502144    225312768
     1935360            1          42.770      3870720       483840
     1935360            2          15.259      7741440       967680
     1935360            4          15.649     15482880      1935360
     1935360            8          16.150     30965760      3870720
     1935360           16          17.653     61931520      7741440
     1935360           32          20.739    123863040     15482880
     1935360           64          27.322    247726080     30965760
     1935360          128          39.985    495452160     61931520
     1935360          256          63.959    990904320    123863040
     1935360          512        5174.915   1981808640    247726080
     2128896            1          50.785      4257792       532224
     2128896            2          16.802      8515584      1064448
     2128896            4          16.100     17031168      2128896
     2128896            8          17.382     34062336      4257792
     2128896           16          19.096     68124672      8515584
     2128896           32          23.534    136249344     17031168
     2128896           64          33.283    272498688     34062336
     2128896          128          44.734    544997376     68124672
     2128896          256          72.466   1089994752    136249344
     2128896          512        5207.296   2179989504    272498688
     2340864            1          54.081      4681728       585216
     2340864            2          16.090      9363456      1170432
     2340864            4          16.521     18726912      2340864
     2340864            8          17.172     37453824      4681728
     2340864           16          19.286     74907648      9363456
     2340864           32          21.831    149815296     18726912
     2340864           64          29.606    299630592     37453824
     2340864          128          46.366    599261184     74907648
     2340864          256          74.599   1198522368    149815296
     2340864          512        5168.303   2397044736    299630592
     2574336            1          60.193      5148672       643584
     2574336            2          16.791     10297344      1287168
     2574336            4          16.862     20594688      2574336
     2574336            8          17.182     41189376      5148672
     2574336           16          19.987     82378752     10297344
     2574336           32          29.666    164757504     20594688
     2574336           64          33.673    329515008     41189376
     2574336          128          50.134    659030016     82378752
     2574336          256          80.220   1318060032    164757504
     2574336          512        5212.325   2636120064    329515008
     2831360            1          47.879      5662720       707840
     2831360            2          16.922     11325440      1415680
     2831360            4          16.411     22650880      2831360
     2831360            8          18.885     45301760      5662720
     2831360           16          20.258     90603520     11325440
     2831360           32          24.465    181207040     22650880
     2831360           64          37.260    362414080     45301760
     2831360          128          51.055    724828160     90603520
     2831360          256        5161.952   1449656320    181207040
     3113984            1          65.903      6227968       778496
     3113984            2          16.020     12455936      1556992
     3113984            4          18.535     24911872      3113984
     3113984            8          19.817     49823744      6227968
     3113984           16          20.789     99647488     12455936
     3113984           32          25.187    199294976     24911872
     3113984           64          35.577    398589952     49823744
     3113984          128          54.842    797179904     99647488
     3113984          256        5141.342   1594359808    199294976
     3425280            1          61.405      6850560       856320
     3425280            2          16.581     13701120      1712640
     3425280            4          18.133     27402240      3425280
     3425280            8          20.869     54804480      6850560
     3425280           16          23.715    109608960     13701120
     3425280           32          27.411    219217920     27402240
     3425280           64          37.961    438435840     54804480
     3425280          128          69.560    876871680    109608960
     3425280          256        5121.195   1753743360    219217920
     3767296            1          56.947      7534592       941824
     3767296            2          17.333     15069184      1883648
     3767296            4          18.825     30138368      3767296
     3767296            8          19.697     60276736      7534592
     3767296           16          23.123    120553472     15069184
     3767296           32          28.594    241106944     30138368
     3767296           64          39.474    482213888     60276736
     3767296          128          62.968    964427776    120553472
     3767296          256        5104.865   1928855552    241106944
     4143104            1          39.634      8286208      1035776
     4143104            2          17.382     16572416      2071552
     4143104            4          18.074     33144832      4143104
     4143104            8          19.927     66289664      8286208
     4143104           16          23.604    132579328     16572416
     4143104           32          29.455    265158656     33144832
     4143104           64          42.470    530317312     66289664
     4143104          128          69.560   1060634624    132579328
     4143104          256        5145.381   2121269248    265158656
     4556800            1          92.603      9113600      1139200
     4556800            2          17.433     18227200      2278400
     4556800            4          18.895     36454400      4556800
     4556800            8          21.089     72908800      9113600
     4556800           16          24.175    145817600     18227200
     4556800           32          31.318    291635200     36454400
     4556800           64          44.894    583270400     72908800
     4556800          128          73.387   1166540800    145817600
     4556800          256        5182.950   2333081600    291635200
     5012480            1          66.594     10024960      1253120
     5012480            2          18.204     20049920      2506240
     5012480            4          19.767     40099840      5012480
     5012480            8          21.840     80199680     10024960
     5012480           16          25.537    160399360     20049920
     5012480           32          33.202    320798720     40099840
     5012480           64          48.912    641597440     80199680
     5012480          128          80.410   1283194880    160399360
     5012480          256        5138.478   2566389760    320798720
     5513216            1          77.134     11026432      1378304
     5513216            2          20.328     22052864      2756608
     5513216            4          21.109     44105728      5513216
     5513216            8          22.993     88211456     11026432
     5513216           16          26.870    176422912     22052864
     5513216           32          34.444    352845824     44105728
     5513216           64          52.468    705691648     88211456
     5513216          128        5081.321   1411383296    176422912
     6064128            1          80.711     12128256      1516032
     6064128            2          19.176     24256512      3032064
     6064128            4          23.244     48513024      6064128
     6064128            8          22.913     97026048     12128256
     6064128           16          28.012    194052096     24256512
     6064128           32          36.478    388104192     48513024
     6064128           64          57.298    776208384     97026048
     6064128          128        5158.225   1552416768    194052096
     6670336            1          79.659     13340672      1667584
     6670336            2          20.488     26681344      3335168
     6670336            4          21.820     53362688      6670336
     6670336            8          23.133    106725376     13340672
     6670336           16          29.074    213450752     26681344
     6670336           32          38.492    426901504     53362688
     6670336           64          60.182    853803008    106725376
     6670336          128        5341.677   1707606016    213450752
     7336960            1          80.280     14673920      1834240
     7336960            2          23.033     29347840      3668480
     7336960            4          23.665     58695680      7336960
     7336960            8          25.698    117391360     14673920
     7336960           16          29.835    234782720     29347840
     7336960           32          41.538    469565440     58695680
     7336960           64          65.182    939130880    117391360
     7336960          128        5102.320   1878261760    234782720
     8070144            1          92.413     16140288      2017536
     8070144            2          21.900     32280576      4035072
     8070144            4          22.322     64561152      8070144
     8070144            8          25.618    129122304     16140288
     8070144           16          31.989    258244608     32280576
     8070144           32          43.792    516489216     64561152
     8070144           64          69.610   1032978432    129122304
     8070144          128        5115.635   2065956864    258244608
     8877056            1          99.395     17754112      2219264
     8877056            2          21.881     35508224      4438528
     8877056            4          23.043     71016448      8877056
     8877056            8          26.560    142032896     17754112
     8877056           16          47.239    284065792     35508224
     8877056           32          50.294    568131584     71016448
     8877056           64          74.039   1136263168    142032896
     8877056          128        5153.766   2272526336    284065792
     9763840            1          99.506     19527680      2440960
     9763840            2          23.313     39055360      4881920
     9763840            4          24.156     78110720      9763840
     9763840            8          28.023    156221440     19527680
     9763840           16          36.278    312442880     39055360
     9763840           32          49.914    624885760     78110720
     9763840           64          80.451   1249771520    156221440
     9763840          128        5173.002   2499543040    312442880
    10739712            1         126.156     21479424      2684928
    10739712            2          26.680     42958848      5369856
    10739712            4          25.157     85917696     10739712
    10739712            8          29.245    171835392     21479424
    10739712           16          39.033    343670784     42958848
    10739712           32          53.630    687341568     85917696
    10739712           64        5107.399   1374683136    171835392
    11812864            1         117.760     23625728      2953216
    11812864            2          24.256     47251456      5906432
    11812864            4          27.251     94502912     11812864
    11812864            8          30.627    189005824     23625728
    11812864           16          44.243    378011648     47251456
    11812864           32          71.945    756023296     94502912
    11812864           64        5103.923   1512046592    189005824
    12993536            1         116.517     25987072      3248384
    12993536            2          25.768     51974144      6496768
    12993536            4          27.521    103948288     12993536
    12993536            8          44.944    207896576     25987072
    12993536           16          43.331    415793152     51974144
    12993536           32          62.286    831586304    103948288
    12993536           64        5065.451   1663172608    207896576
    14291968            1         139.901     28583936      3572992
    14291968            2          27.592     57167872      7145984
    14291968            4          29.555    114335744     14291968
    14291968            8          35.105    228671488     28583936
    14291968           16          70.262    457342976     57167872
    14291968           32          68.609    914685952    114335744
    14291968           64        5057.907   1829371904    228671488
    15720448            1         150.191     31440896      3930112
    15720448            2          30.037     62881792      7860224
    15720448            4          32.410    125763584     15720448
    15720448            8          36.728    251527168     31440896
    15720448           16          58.660    503054336     62881792
    15720448           32          73.317   1006108672    125763584
    15720448           64        5128.388   2012217344    251527168
    17292288            1         156.964     34584576      4323072
    17292288            2          33.042     69169152      8646144
    17292288            4          32.150    138338304     17292288
    17292288            8          39.114    276676608     34584576
    17292288           16          52.308    553353216     69169152
    17292288           32          78.356   1106706432    138338304
    17292288           64        5128.800   2213412864    276676608
    19020800            1         161.883     38041600      4755200
    19020800            2          38.152     76083200      9510400
    19020800            4          35.016    152166400     19020800
    19020800            8          41.918    304332800     38041600
    19020800           16          59.772    608665600     76083200
    19020800           32          84.538   1217331200    152166400
    19020800           64        5078.526   2434662400    304332800
    20922368            1         187.561     41844736      5230592
    20922368            2          40.075     83689472     10461184
    20922368            4          36.629    167378944     20922368
    20922368            8          44.653    334757888     41844736
    20922368           16          60.393    669515776     83689472
    20922368           32          91.892   1339031552    167378944
    20922368           64        5081.711   2678063104    334757888
    23014400            1         210.474     46028800      5753600
    23014400            2          49.122     92057600     11507200
    23014400            4          40.736    184115200     23014400
    23014400            8          47.599    368230400     46028800
    23014400           16          65.162    736460800     92057600
    23014400           32        5073.776   1472921600    184115200
    25315328            1         223.578     50630656      6328832
    25315328            2          53.590    101261312     12657664
    25315328            4          41.508    202522624     25315328
    25315328            8          51.486    405045248     50630656
    25315328           16          70.121    810090496    101261312
    25315328           32        4980.211   1620180992    202522624
    27846656            1         249.867     55693312      6961664
    27846656            2          63.389    111386624     13923328
    27846656            4          48.150    222773248     27846656
    27846656            8          55.053    445546496     55693312
    27846656           16          85.209    891092992    111386624
    27846656           32        5030.155   1782185984    222773248
    30630912            1         260.457     61261824      7657728
    30630912            2          74.690    122523648     15315456
    30630912            4          50.394    245047296     30630912
    30630912            8          59.251    490094592     61261824
    30630912           16          84.989    980189184    122523648
    30630912           32        4982.435   1960378368    245047296
    33693696            1         269.064     67387392      8423424
    33693696            2          87.143    134774784     16846848
    33693696            4          51.256    269549568     33693696
    33693696            8          63.309    539099136     67387392
    33693696           16          89.487   1078198272    134774784
    33693696           32        4984.710   2156396544    269549568
    37062656            1         301.944     74125312      9265664
    37062656            2         108.944    148250624     18531328
    37062656            4          60.824    296501248     37062656
    37062656            8          69.420    593002496     74125312
    37062656           16         101.209   1186004992    148250624
    37062656           32        4981.634   2372009984    296501248
    40768512            1         336.910     81537024     10192128
    40768512            2         112.560    163074048     20384256
    40768512            4          59.080    326148096     40768512
    40768512            8          74.028    652296192     81537024
    40768512           16         115.927   1304592384    163074048
    40768512           32        5030.386   2609184768    326148096
    44845056            1         359.743     89690112     11211264
    44845056            2         117.600    179380224     22422528
    44845056            4          68.388    358760448     44845056
    44845056            8          83.346    717520896     89690112
    44845056           16        4908.187   1435041792    179380224
    49329152            1         409.425     98658304     12332288
    49329152            2         131.065    197316608     24664576
    49329152            4          88.095    394633216     49329152
    49329152            8          98.204    789266432     98658304
    49329152           16        4869.525   1578532864    197316608
    54261760            1         788.234    108523520     13565440
    54261760            2         137.146    217047040     27130880
    54261760            4          93.715    434094080     54261760
    54261760            8         137.196    868188160    108523520
    54261760           16        4920.270   1736376320    217047040
    59687936            1         482.732    119375872     14921984
    59687936            2         142.387    238751744     29843968
    59687936            4         138.208    477503488     59687936
    59687936            8         163.044    955006976    119375872
    59687936           16        4892.186   1910013952    238751744
    65655808            1         530.752    131311616     16413952
    65655808            2         157.114    262623232     32827904
    65655808            4         100.057    525246464     65655808
    65655808            8         126.125   1050492928    131311616
    65655808           16        4944.866   2100985856    262623232
    72220672            1         561.751    144441344     18055168
    72220672            2         202.208    288882688     36110336
    72220672            4         160.640    577765376     72220672
    72220672            8         190.195   1155530752    144441344
    72220672           16        4908.036   2311061504    288882688
    79441920            1         615.050    158883840     19860480
    79441920            2         181.128    317767680     39720960
    79441920            4         119.413    635535360     79441920
    79441920            8         153.867   1271070720    158883840
    79441920           16        5436.515   2542141440    317767680
    87386112            1         683.427    174772224     21846528
    87386112            2         189.474    349544448     43693056
    87386112            4         158.867    699088896     87386112
    87386112            8        4889.051   1398177792    174772224
    96123904            1         736.497    192247808     24030976
    96123904            2         250.668    384495616     48061952
    96123904            4         208.039    768991232     96123904
    96123904            8        4752.415   1537982464    192247808
   105736192            1         806.337    211472384     26434048
   105736192            2         366.224    422944768     52868096
   105736192            4         329.947    845889536    105736192
   105736192            8        4918.156   1691779072    211472384
   116308992            1         893.591    232617984     29077248
   116308992            2         392.775    465235968     58154496
   116308992            4         343.973    930471936    116308992
   116308992            8        4836.944   1860943872    232617984
   127939584            1         966.467    255879168     31984896
   127939584            2         437.588    511758336     63969792
   127939584            4         418.883   1023516672    127939584
   127939584            8        4856.701   2047033344    255879168
   140733440            1        1086.792    281466880     35183360
   140733440            2         305.381    562933760     70366720
   140733440            4         257.111   1125867520    140733440
   140733440            8        5084.166   2251735040    281466880
   154806272            1        1150.190    309612544     38701568
   154806272            2         329.235    619225088     77403136
   154806272            4         277.689   1238450176    154806272
   154806272            8        4827.997   2476900352    309612544
   170286080            1        1592.678    340572160     42571520
   170286080            2         324.807    681144320     85143040
   170286080            4        4712.691   1362288640    170286080
   187314176            1        1406.840    374628352     46828544
   187314176            2         610.511    749256704     93657088
   187314176            4        4712.782   1498513408    187314176
   206045184            1        1535.581    412090368     51511296
   206045184            2         425.175    824180736    103022592
   206045184            4        4632.140   1648361472    206045184
   226649088            1        1725.546    453298176     56662272
   226649088            2         529.871    906596352    113324544
   226649088            4        4471.090   1813192704    226649088
   249313280            1        1856.431    498626560     62328320
   249313280            2         656.237    997253120    124656640
   249313280            4        4485.858   1994506240    249313280
   274244608            1        2057.477    548489216     68561152
   274244608            2         996.063   1096978432    137122304
   274244608            4        4674.910   2193956864    274244608
   301668352            1        2271.918    603336704     75417088
   301668352            2        1613.867   1206673408    150834176
   301668352            4        5079.788   2413346816    301668352
   331834368            1        2472.302    663668736     82958592
   331834368            2        2288.619   1327337472    165917184
   331834368            4        5766.992   2654674944    331834368
   365017088            1        2719.775    730034176     91254272
   365017088            2        6542.873   1460068352    182508544
   401518592            1        2976.706    803037184    100379648
   401518592            2        6827.426   1606074368    200759296
   441669632            1        3266.317    883339264    110417408
   441669632            2        7046.305   1766678528    220834816
   485835776            1        3575.785    971671552    121458944
   485835776            2        7375.310   1943343104    242917888
   534418432            1        3944.725   1068836864    133604608
   534418432            2        7899.539   2137673728    267209216
   587859968            1        4371.653   1175719936    146964992
   587859968            2        9776.830   2351439872    293929984
   646645760            1        4780.608   1293291520    161661440
   646645760            2       12295.729   2586583040    323322880
   711310336            1        9871.918   1422620672    177827584
   782440448            1       10534.045   1564880896    195610112
   860684288            1       11172.920   1721368576    215171072
   946752512            1       11910.419   1893505024    236688128
  1041427456            1       12628.080   2082854912    260356864
  1145569280            1       13516.352   2291138560    286392320
  1260126208            1        9241.258   2520252416    315031552

META_DATA
FLOPS          2
MPI_PROCS      64
OPENMP_THREADS 2
ERT_VERSION  1.1.0
HOSTNAME  ('tcn46.local.snellius.surf.nl', [], ['172.18.56.56'])
UNAME  uname_result(system='Linux', node='tcn46.local.snellius.surf.nl', release='4.18.0-372.80.1.el8_6.x86_64', version='#1 SMP Fri Nov 3 14:30:16 EDT 2023', machine='x86_64', processor='x86_64')
TIMESTAMP_DATA  1707384860.6072805
CONFIG  {'ERT_RESULTS': ['Results.snellius.01'], 'ERT_DRIVER': ['driver1'], 'ERT_KERNEL': ['kernel1'], 'ERT_MPI': ['True'], 'ERT_MPI_CFLAGS': [], 'ERT_MPI_LDFLAGS': [], 'ERT_OPENMP': ['True'], 'ERT_OPENMP_CFLAGS': ['-fopenmp'], 'ERT_OPENMP_LDFLAGS': ['-fopenmp'], 'ERT_FLOPS': ['1,2,4,8,16'], 'ERT_ALIGN': ['32'], 'ERT_CC': ['mpic++'], 'ERT_CFLAGS': ['-Ofast', '-fargument-noalias', '-mavx2'], 'ERT_LD': ['mpic++'], 'ERT_LDFLAGS': [], 'ERT_LDLIBS': [], 'ERT_RUN': ['export', 'OMP_NUM_THREADS=ERT_OPENMP_THREADS;', 'mpirun', '-np', 'ERT_MPI_PROCS', 'ERT_CODE'], 'ERT_PROCS_THREADS': ['32,64,128'], 'ERT_MPI_PROCS': ['32,64,128'], 'ERT_OPENMP_THREADS': ['1,2,4,8'], 'ERT_NUM_EXPERIMENTS': ['5'], 'ERT_MEMORY_MAX': ['1357905920'], 'ERT_WORKING_SET_MIN': ['1'], 'ERT_TRIALS_MIN': ['1'], 'ERT_GNUPLOT': ['gnuplot'], 'ERT_GPU': [False], 'ERT_HIP': [False], 'ERT_PRECISION': ['FP64'], 'ERT_OCL': [False], 'ERT_SYCL': [False], 'ERT_WSS_MULT': [1.1]}
