fp64
        1024            1        1944.803         2048          512
        1024            2           4.328         4096         1024
        1024            4          12.824         8192         2048
        1024            8           5.080        16384         4096
        1024           16          14.127        32768         8192
        1024           32           4.288        65536        16384
        1024           64           4.518       131072        32768
        1024          128           4.960       262144        65536
        1024          256           5.320       524288       131072
        1024          512           7.013      1048576       262144
        1024         1024          11.512      2097152       524288
        1024         2048          15.359      4194304      1048576
        1024         4096          23.423      8388608      2097152
        1024         8192          44.924     16777216      4194304
        1024        16384          81.142     33554432      8388608
        1024        32768         170.990     67108864     16777216
        1024        65536         308.228    134217728     33554432
        1024       131072         627.064    268435456     67108864
        1024       262144        1234.943    536870912    134217728
        1024       524288        2470.528   1073741824    268435456
        1024      1048576        5323.613   2147483648    536870912
        2048            1          11.512         4096         1024
        2048            2           4.739         8192         2048
        2048            4           5.660        16384         4096
        2048            8          11.782        32768         8192
        2048           16          15.168        65536        16384
        2048           32           4.178       131072        32768
        2048           64           7.724       262144        65536
        2048          128          10.800       524288       131072
        2048          256           6.793      1048576       262144
        2048          512          12.824      2097152       524288
        2048         1024           9.518      4194304      1048576
        2048         2048          13.074      8388608      2097152
        2048         4096          24.526     16777216      4194304
        2048         8192          40.576     33554432      8388608
        2048        16384          81.412     67108864     16777216
        2048        32768         257.623    134217728     33554432
        2048        65536         294.993    268435456     67108864
        2048       131072         610.193    536870912    134217728
        2048       262144        1185.821   1073741824    268435456
        2048       524288        2945.628   2147483648    536870912
        3072            1          14.066         6144         1536
        3072            2           4.289        12288         3072
        3072            4           6.262        24576         6144
        3072            8           5.450        49152        12288
        3072           16           4.439        98304        24576
        3072           32           4.328       196608        49152
        3072           64           4.960       393216        98304
        3072          128           5.941       786432       196608
        3072          256           5.260      1572864       393216
        3072          512          18.074      3145728       786432
        3072         1024           8.686      6291456      1572864
        3072         2048          13.716     12582912      3145728
        3072         4096          24.546     25165824      6291456
        3072         8192          44.463     50331648     12582912
        3072        16384          80.731    100663296     25165824
        3072        32768         168.025    201326592     50331648
        3072        65536         307.947    402653184    100663296
        3072       131072         635.721    805306368    201326592
        3072       262144        1242.177   1610612736    402653184
        4096            1          12.313         8192         2048
        4096            2           5.140        16384         4096
        4096            4           7.113        32768         8192
        4096            8           4.568        65536        16384
        4096           16           6.181       131072        32768
        4096           32           4.348       262144        65536
        4096           64           6.071       524288       131072
        4096          128           4.859      1048576       262144
        4096          256           6.071      2097152       524288
        4096          512           6.141      4194304      1048576
        4096         1024           9.238      8388608      2097152
        4096         2048          14.407     16777216      4194304
        4096         4096          23.574     33554432      8388608
        4096         8192         124.834     67108864     16777216
        4096        16384          83.165    134217728     33554432
        4096        32768         161.793    268435456     67108864
        4096        65536         320.109    536870912    134217728
        4096       131072         681.296   1073741824    268435456
        4096       262144        1277.363   2147483648    536870912
        5120            1           5.069        10240         2560
        5120            2           5.210        20480         5120
        5120            4           4.819        40960        10240
        5120            8           6.512        81920        20480
        5120           16           5.140       163840        40960
        5120           32           5.260       327680        81920
        5120           64           5.059       655360       163840
        5120          128           5.080      1310720       327680
        5120          256           5.470      2621440       655360
        5120          512           6.583      5242880      1310720
        5120         1024          10.019     10485760      2621440
        5120         2048          14.437     20971520      5242880
        5120         4096          26.550     41943040     10485760
        5120         8192          43.822     83886080     20971520
        5120        16384          83.236    167772160     41943040
        5120        32768         162.485    335544320     83886080
        5120        65536         325.270    671088640    167772160
        5120       131072         642.274   1342177280    335544320
        5120       262144        1278.074   2684354560    671088640
        6144            1           6.482        12288         3072
        6144            2           4.879        24576         6144
        6144            4           7.574        49152        12288
        6144            8           5.871        98304        24576
        6144           16           5.099       196608        49152
        6144           32           5.461       393216        98304
        6144           64           4.288       786432       196608
        6144          128           7.334      1572864       393216
        6144          256           5.440      3145728       786432
        6144          512           8.195      6291456      1572864
        6144         1024           9.167     12582912      3145728
        6144         2048          14.397     25165824      6291456
        6144         4096          24.526     50331648     12582912
        6144         8192          43.962    100663296     25165824
        6144        16384          83.426    201326592     50331648
        6144        32768         166.472    402653184    100663296
        6144        65536         341.750    805306368    201326592
        6144       131072         635.731   1610612736    402653184
        7168            1          13.606        14336         3584
        7168            2           5.531        28672         7168
        7168            4           5.180        57344        14336
        7168            8           5.480       114688        28672
        7168           16           4.198       229376        57344
        7168           32           6.141       458752       114688
        7168           64           4.609       917504       229376
        7168          128           6.773      1835008       458752
        7168          256           6.021      3670016       917504
        7168          512           7.624      7340032      1835008
        7168         1024           9.828     14680064      3670016
        7168         2048          14.036     29360128      7340032
        7168         4096          24.876     58720256     14680064
        7168         8192          43.542    117440512     29360128
        7168        16384          83.386    234881024     58720256
        7168        32768         163.697    469762048    117440512
        7168        65536         340.418    939524096    234881024
        7168       131072         635.671   1879048192    469762048
        8192            1          31.289        16384         4096
        8192            2           4.789        32768         8192
        8192            4           4.558        65536        16384
        8192            8           7.805       131072        32768
        8192           16           5.590       262144        65536
        8192           32           5.650       524288       131072
        8192           64           4.147      1048576       262144
        8192          128           5.049      2097152       524288
        8192          256           6.011      4194304      1048576
        8192          512           6.893      8388608      2097152
        8192         1024          10.460     16777216      4194304
        8192         2048          14.457     33554432      8388608
        8192         4096          24.296     67108864     16777216
        8192         8192          44.753    134217728     33554432
        8192        16384          83.807    268435456     67108864
        8192        32768         195.175    536870912    134217728
        8192        65536         328.776   1073741824    268435456
        8192       131072         646.441   2147483648    536870912
        9216            1          31.829        18432         4608
        9216            2           5.911        36864         9216
        9216            4           5.050        73728        18432
        9216            8           7.134       147456        36864
        9216           16           4.368       294912        73728
        9216           32           5.340       589824       147456
        9216           64           4.809      1179648       294912
        9216          128           5.501      2359296       589824
        9216          256           5.740      4718592      1179648
        9216          512           6.893      9437184      2359296
        9216         1024          10.740     18874368      4718592
        9216         2048          14.207     37748736      9437184
        9216         4096          25.798     75497472     18874368
        9216         8192          43.983    150994944     37748736
        9216        16384          87.915    301989888     75497472
        9216        32768         164.428    603979776    150994944
        9216        65536         323.526   1207959552    301989888
        9216       131072         649.687   2415919104    603979776
       10240            1           4.398        20480         5120
       10240            2           6.642        40960        10240
       10240            4           4.328        81920        20480
       10240            8           6.782       163840        40960
       10240           16           4.809       327680        81920
       10240           32           4.358       655360       163840
       10240           64           5.901      1310720       327680
       10240          128           5.020      2621440       655360
       10240          256           6.182      5242880      1310720
       10240          512           7.023     10485760      2621440
       10240         1024          10.229     20971520      5242880
       10240         2048          15.529     41943040     10485760
       10240         4096          24.395     83886080     20971520
       10240         8192          82.725    167772160     41943040
       10240        16384          83.286    335544320     83886080
       10240        32768         162.564    671088640    167772160
       10240        65536         320.000   1342177280    335544320
       10240       131072         648.805   2684354560    671088640
       11264            1           8.055        22528         5632
       11264            2           5.570        45056        11264
       11264            4           5.821        90112        22528
       11264            8           4.749       180224        45056
       11264           16           5.490       360448        90112
       11264           32           4.658       720896       180224
       11264           64           5.240      1441792       360448
       11264          128           5.069      2883584       720896
       11264          256           5.901      5767168      1441792
       11264          512           6.803     11534336      2883584
       11264         1024           9.248     23068672      5767168
       11264         2048          14.487     46137344     11534336
       11264         4096          24.416     92274688     23068672
       11264         8192          44.543    184549376     46137344
       11264        16384         148.879    369098752     92274688
       11264        32768         168.315    738197504    184549376
       11264        65536         324.508   1476395008    369098752
       12288            1           5.059        24576         6144
       12288            2           5.280        49152        12288
       12288            4           5.140        98304        24576
       12288            8           5.390       196608        49152
       12288           16           4.989       393216        98304
       12288           32           7.875       786432       196608
       12288           64           4.719      1572864       393216
       12288          128           5.330      3145728       786432
       12288          256           5.230      6291456      1572864
       12288          512           7.144     12582912      3145728
       12288         1024          10.369     25165824      6291456
       12288         2048          14.307     50331648     12582912
       12288         4096          25.708    100663296     25165824
       12288         8192          44.413    201326592     50331648
       12288        16384          85.139    402653184    100663296
       12288        32768         166.182    805306368    201326592
       12288        65536         332.032   1610612736    402653184
       13312            1           8.476        26624         6656
       13312            2           4.929        53248        13312
       13312            4           5.229       106496        26624
       13312            8           4.869       212992        53248
       13312           16           5.490       425984       106496
       13312           32           5.109       851968       212992
       13312           64           7.544      1703936       425984
       13312          128           5.159      3407872       851968
       13312          256           5.831      6815744      1703936
       13312          512           6.663     13631488      3407872
       13312         1024           8.967     27262976      6815744
       13312         2048          14.898     54525952     13631488
       13312         4096          23.995    109051904     27262976
       13312         8192          44.824    218103808     54525952
       13312        16384          83.617    436207616    109051904
       13312        32768         162.996    872415232    218103808
       13312        65536         336.139   1744830464    436207616
       14336            1           5.109        28672         7168
       14336            2           5.079        57344        14336
       14336            4           4.768       114688        28672
       14336            8           9.077       229376        57344
       14336           16           5.390       458752       114688
       14336           32           5.391       917504       229376
       14336           64           4.889      1835008       458752
       14336          128           4.879      3670016       917504
       14336          256           5.891      7340032      1835008
       14336          512           6.302     14680064      3670016
       14336         1024          10.690     29360128      7340032
       14336         2048          14.006     58720256     14680064
       14336         4096          26.490    117440512     29360128
       14336         8192          44.323    234881024     58720256
       14336        16384         103.724    469762048    117440512
       14336        32768         166.512    939524096    234881024
       14336        65536         328.576   1879048192    469762048
       15360            1          31.759        30720         7680
       15360            2           4.729        61440        15360
       15360            4           6.603       122880        30720
       15360            8           5.280       245760        61440
       15360           16           5.520       491520       122880
       15360           32           4.699       983040       245760
       15360           64           5.340      1966080       491520
       15360          128           6.221      3932160       983040
       15360          256           5.410      7864320      1966080
       15360          512           7.925     15728640      3932160
       15360         1024           9.148     31457280      7864320
       15360         2048          15.469     62914560     15728640
       15360         4096          24.516    125829120     31457280
       15360         8192          45.826    251658240     62914560
       15360        16384          84.238    503316480    125829120
       15360        32768         164.519   1006632960    251658240
       15360        65536         886.762   2013265920    503316480
       16384            1          11.762        32768         8192
       16384            2           6.332        65536        16384
       16384            4           5.530       131072        32768
       16384            8           6.031       262144        65536
       16384           16           4.499       524288       131072
       16384           32           4.890      1048576       262144
       16384           64           5.460      2097152       524288
       16384          128           4.899      4194304      1048576
       16384          256           6.022      8388608      2097152
       16384          512           7.274     16777216      4194304
       16384         1024          11.342     33554432      8388608
       16384         2048          14.598     67108864     16777216
       16384         4096          24.255    134217728     33554432
       16384         8192          44.243    268435456     67108864
       16384        16384          86.301    536870912    134217728
       16384        32768         173.204   1073741824    268435456
       16384        65536         331.772   2147483648    536870912
       17408            1           6.502        34816         8704
       17408            2           4.769        69632        17408
       17408            4           5.891       139264        34816
       17408            8           5.230       278528        69632
       17408           16           4.779       557056       139264
       17408           32           4.758      1114112       278528
       17408           64           4.569      2228224       557056
       17408          128           7.264      4456448      1114112
       17408          256           4.619      8912896      2228224
       17408          512           8.526     17825792      4456448
       17408         1024          10.650     35651584      8912896
       17408         2048          14.877     71303168     17825792
       17408         4096          24.526    142606336     35651584
       17408         8192          44.283    285212672     71303168
       17408        16384          84.809    570425344    142606336
       17408        32768         164.919   1140850688    285212672
       17408        65536         326.091   2281701376    570425344
       18432            1         411.200        36864         9216
       18432            2           5.430        73728        18432
       18432            4           4.709       147456        36864
       18432            8           5.190       294912        73728
       18432           16           7.334       589824       147456
       18432           32           4.228      1179648       294912
       18432           64           6.172      2359296       589824
       18432          128           5.431      4718592      1179648
       18432          256           7.214      9437184      2359296
       18432          512           6.823     18874368      4718592
       18432         1024           9.258     37748736      9437184
       18432         2048          14.437     75497472     18874368
       18432         4096          24.396    150994944     37748736
       18432         8192          43.752    301989888     75497472
       18432        16384          85.541    603979776    150994944
       18432        32768         175.188   1207959552    301989888
       18432        65536         326.111   2415919104    603979776
       19456            1          12.924        38912         9728
       19456            2           4.859        77824        19456
       19456            4           4.799       155648        38912
       19456            8           5.580       311296        77824
       19456           16           4.999       622592       155648
       19456           32           6.152      1245184       311296
       19456           64           4.599      2490368       622592
       19456          128           6.191      4980736      1245184
       19456          256           5.390      9961472      2490368
       19456          512           7.524     19922944      4980736
       19456         1024          10.089     39845888      9961472
       19456         2048          14.517     79691776     19922944
       19456         4096          24.957    159383552     39845888
       19456         8192          44.443    318767104     79691776
       19456        16384          86.252    637534208    159383552
       19456        32768         165.681   1275068416    318767104
       19456        65536         327.954   2550136832    637534208
       20480            1           7.795        40960        10240
       20480            2           5.290        81920        20480
       20480            4           4.528       163840        40960
       20480            8           4.749       327680        81920
       20480           16           7.053       655360       163840
       20480           32           4.819      1310720       327680
       20480           64           6.392      2621440       655360
       20480          128           5.030      5242880      1310720
       20480          256           5.410     10485760      2621440
       20480          512           7.324     20971520      5242880
       20480         1024          10.079     41943040     10485760
       20480         2048          14.958     83886080     20971520
       20480         4096          24.315    167772160     41943040
       20480         8192          45.425    335544320     83886080
       20480        16384          84.709    671088640    167772160
       20480        32768         167.704   1342177280    335544320
       20480        65536         650.509   2684354560    671088640
       22528            1          10.249        45056        11264
       22528            2           5.490        90112        22528
       22528            4           4.749       180224        45056
       22528            8          29.876       360448        90112
       22528           16           5.430       720896       180224
       22528           32           6.091      1441792       360448
       22528           64           5.280      2883584       720896
       22528          128           5.210      5767168      1441792
       22528          256           5.460     11534336      2883584
       22528          512           7.695     23068672      5767168
       22528         1024          10.900     46137344     11534336
       22528         2048          16.231     92274688     23068672
       22528         4096          29.015    184549376     46137344
       22528         8192          52.709    369098752     92274688
       22528        16384         101.721    738197504    184549376
       22528        32768         204.614   1476395008    369098752
       24576            1          12.854        49152        12288
       24576            2           5.129        98304        24576
       24576            4          27.361       196608        49152
       24576            8           9.618       393216        98304
       24576           16           4.809       786432       196608
       24576           32           6.632      1572864       393216
       24576           64           4.729      3145728       786432
       24576          128           5.420      6291456      1572864
       24576          256           6.192     12582912      3145728
       24576          512           7.785     25165824      6291456
       24576         1024          10.560     50331648     12582912
       24576         2048          14.547    100663296     25165824
       24576         4096          25.638    201326592     50331648
       24576         8192          45.195    402653184    100663296
       24576        16384          87.734    805306368    201326592
       24576        32768         169.999   1610612736    402653184
       26624            1          16.411        53248        13312
       26624            2           5.050       106496        26624
       26624            4           5.119       212992        53248
       26624            8           5.721       425984       106496
       26624           16           5.050       851968       212992
       26624           32           6.783      1703936       425984
       26624           64           5.250      3407872       851968
       26624          128           5.340      6815744      1703936
       26624          256           6.322     13631488      3407872
       26624          512           7.324     27262976      6815744
       26624         1024           9.928     54525952     13631488
       26624         2048          14.547    109051904     27262976
       26624         4096          26.159    218103808     54525952
       26624         8192          45.405    436207616    109051904
       26624        16384          89.047    872415232    218103808
       26624        32768         172.473   1744830464    436207616
       28672            1          10.620        57344        14336
       28672            2           4.839       114688        28672
       28672            4           4.979       229376        57344
       28672            8           4.108       458752       114688
       28672           16           5.590       917504       229376
       28672           32           7.174      1835008       458752
       28672           64           4.488      3670016       917504
       28672          128           5.079      7340032      1835008
       28672          256           6.061     14680064      3670016
       28672          512           7.304     29360128      7340032
       28672         1024          10.269     58720256     14680064
       28672         2048          15.139    117440512     29360128
       28672         4096          25.317    234881024     58720256
       28672         8192          48.050    469762048    117440512
       28672        16384          95.199    939524096    234881024
       28672        32768         170.339   1879048192    469762048
       30720            1           7.614        61440        15360
       30720            2           5.410       122880        30720
       30720            4           5.250       245760        61440
       30720            8           7.053       491520       122880
       30720           16           4.769       983040       245760
       30720           32           6.503      1966080       491520
       30720           64           5.491      3932160       983040
       30720          128           5.570      7864320      1966080
       30720          256           6.082     15728640      3932160
       30720          512           7.273     31457280      7864320
       30720         1024           9.578     62914560     15728640
       30720         2048          16.110    125829120     31457280
       30720         4096          29.164    251658240     62914560
       30720         8192          48.331    503316480    125829120
       30720        16384          92.212   1006632960    251658240
       30720        32768         180.668   2013265920    503316480
       33792            1           6.702        67584        16896
       33792            2           5.220       135168        33792
       33792            4           4.699       270336        67584
       33792            8           6.111       540672       135168
       33792           16           4.609      1081344       270336
       33792           32           6.432      2162688       540672
       33792           64           5.050      4325376      1081344
       33792          128           5.270      8650752      2162688
       33792          256           5.550     17301504      4325376
       33792          512           7.163     34603008      8650752
       33792         1024          10.119     69206016     17301504
       33792         2048          17.753    138412032     34603008
       33792         4096          29.285    276824064     69206016
       33792         8192          53.060    553648128    138412032
       33792        16384         111.238   1107296256    276824064
       33792        32768         187.421   2214592512    553648128
       36864            1          33.573        73728        18432
       36864            2           4.959       147456        36864
       36864            4           5.441       294912        73728
       36864            8           6.703       589824       147456
       36864           16           4.639      1179648       294912
       36864           32           7.514      2359296       589824
       36864           64           5.029      4718592      1179648
       36864          128           5.691      9437184      2359296
       36864          256           5.891     18874368      4718592
       36864          512           7.173     37748736      9437184
       36864         1024          10.079     75497472     18874368
       36864         2048          15.439    150994944     37748736
       36864         4096          27.762    301989888     75497472
       36864         8192          49.623    603979776    150994944
       36864        16384          95.408   1207959552    301989888
       36864        32768         186.349   2415919104    603979776
       39936            1           6.973        79872        19968
       39936            2           5.169       159744        39936
       39936            4           4.769       319488        79872
       39936            8           6.031       638976       159744
       39936           16           4.638      1277952       319488
       39936           32           6.061      2555904       638976
       39936           64           4.759      5111808      1277952
       39936          128           5.871     10223616      2555904
       39936          256           6.842     20447232      5111808
       39936          512           7.824     40894464     10223616
       39936         1024          11.571     81788928     20447232
       39936         2048          19.136    163577856     40894464
       39936         4096          33.262    327155712     81788928
       39936         8192          63.188    654311424    163577856
       39936        16384         123.822   1308622848    327155712
       39936        32768         237.665   2617245696    654311424
       43008            1           5.581        86016        21504
       43008            2           5.611       172032        43008
       43008            4           5.260       344064        86016
       43008            8           7.053       688128       172032
       43008           16           4.529      1376256       344064
       43008           32           6.302      2752512       688128
       43008           64           5.510      5505024      1376256
       43008          128           5.902     11010048      2752512
       43008          256           5.731     22020096      5505024
       43008          512           7.434     44040192     11010048
       43008         1024          11.451     88080384     22020096
       43008         2048          19.116    176160768     44040192
       43008         4096          34.905    352321536     88080384
       43008         8192          95.208    704643072    176160768
       43008        16384         132.278   1409286144    352321536
       47104            1          10.119        94208        23552
       47104            2           5.891       188416        47104
       47104            4           6.342       376832        94208
       47104            8           4.859       753664       188416
       47104           16           6.321      1507328       376832
       47104           32           4.819      3014656       753664
       47104           64           5.972      6029312      1507328
       47104          128           4.809     12058624      3014656
       47104          256           6.562     24117248      6029312
       47104          512           8.015     48234496     12058624
       47104         1024          12.032     96468992     24117248
       47104         2048          20.258    192937984     48234496
       47104         4096          36.738    385875968     96468992
       47104         8192          71.074    771751936    192937984
       47104        16384         152.326   1543503872    385875968
       51200            1           6.662       102400        25600
       51200            2           4.559       204800        51200
       51200            4           7.734       409600       102400
       51200            8           7.374       819200       204800
       51200           16           4.950      1638400       409600
       51200           32           5.581      3276800       819200
       51200           64           4.979      6553600      1638400
       51200          128           8.045     13107200      3276800
       51200          256           6.462     26214400      6553600
       51200          512           8.375     52428800     13107200
       51200         1024          11.973    104857600     26214400
       51200         2048          20.398    209715200     52428800
       51200         4096          37.410    419430400    104857600
       51200         8192          80.521    838860800    209715200
       51200        16384         141.575   1677721600    419430400
       56320            1          23.695       112640        28160
       56320            2           9.468       225280        56320
       56320            4           6.272       450560       112640
       56320            8           6.332       901120       225280
       56320           16           6.963      1802240       450560
       56320           32           4.859      3604480       901120
       56320           64           8.867      7208960      1802240
       56320          128           5.069     14417920      3604480
       56320          256           8.807     28835840      7208960
       56320          512           7.995     57671680     14417920
       56320         1024          12.563    115343360     28835840
       56320         2048          21.280    230686720     57671680
       56320         4096          40.005    461373440    115343360
       56320         8192          76.894    922746880    230686720
       56320        16384         472.876   1845493760    461373440
       61440            1          42.230       122880        30720
       61440            2           5.560       245760        61440
       61440            4           7.084       491520       122880
       61440            8           5.220       983040       245760
       61440           16           4.779      1966080       491520
       61440           32           4.628      3932160       983040
       61440           64           4.599      7864320      1966080
       61440          128           6.322     15728640      3932160
       61440          256           6.272     31457280      7864320
       61440          512           9.498     62914560     15728640
       61440         1024          12.824    125829120     31457280
       61440         2048          22.582    251658240     62914560
       61440         4096          41.428    503316480    125829120
       61440         8192          80.271   1006632960    251658240
       61440        16384         162.895   2013265920    503316480
       67584            1           5.470       135168        33792
       67584            2           6.723       270336        67584
       67584            4           4.779       540672       135168
       67584            8           6.773      1081344       270336
       67584           16           5.120      2162688       540672
       67584           32          27.381      4325376      1081344
       67584           64           6.201      8650752      2162688
       67584          128           5.510     17301504      4325376
       67584          256           7.043     34603008      8650752
       67584          512           9.378     69206016     17301504
       67584         1024          16.200    138412032     34603008
       67584         2048          23.704    276824064     69206016
       67584         4096          44.894    553648128    138412032
       67584         8192          84.759   1107296256    276824064
       67584        16384         167.213   2214592512    553648128
       73728            1          19.807       147456        36864
       73728            2          25.939       294912        73728
       73728            4           7.464       589824       147456
       73728            8           5.480      1179648       294912
       73728           16           5.430      2359296       589824
       73728           32           5.179      4718592      1179648
       73728           64           5.380      9437184      2359296
       73728          128           5.270     18874368      4718592
       73728          256           6.482     37748736      9437184
       73728          512           9.798     75497472     18874368
       73728         1024          13.906    150994944     37748736
       73728         2048          24.366    301989888     75497472
       73728         4096          46.147    603979776    150994944
       73728         8192          89.998   1207959552    301989888
       73728        16384         176.260   2415919104    603979776
       80896            1          38.853       161792        40448
       80896            2           5.620       323584        80896
       80896            4           5.410       647168       161792
       80896            8           6.743      1294336       323584
       80896           16           4.779      2588672       647168
       80896           32           6.282      5177344      1294336
       80896           64           5.570     10354688      2588672
       80896          128           6.261     20709376      5177344
       80896          256           7.023     41418752     10354688
       80896          512           9.889     82837504     20709376
       80896         1024          16.651    165675008     41418752
       80896         2048          26.931    331350016     82837504
       80896         4096          52.899    662700032    165675008
       80896         8192          96.721   1325400064    331350016
       80896        16384         189.766   2650800128    662700032
       88064            1          27.882       176128        44032
       88064            2           4.569       352256        88064
       88064            4           5.570       704512       176128
       88064            8           5.381      1409024       352256
       88064           16           6.552      2818048       704512
       88064           32           4.658      5636096      1409024
       88064           64           7.344     11272192      2818048
       88064          128           6.512     22544384      5636096
       88064          256           7.374     45088768     11272192
       88064          512          10.429     90177536     22544384
       88064         1024          16.711    180355072     45088768
       88064         2048          29.866    360710144     90177536
       88064         4096          55.384    721420288    180355072
       88064         8192         107.001   1442840576    360710144
       96256            1           9.268       192512        48128
       96256            2           5.430       385024        96256
       96256            4           3.536       770048       192512
       96256            8           5.480      1540096       385024
       96256           16           4.639      3080192       770048
       96256           32           4.899      6160384      1540096
       96256           64           6.683     12320768      3080192
       96256          128           6.382     24641536      6160384
       96256          256           8.737     49283072     12320768
       96256          512          10.830     98566144     24641536
       96256         1024          18.314    197132288     49283072
       96256         2048          33.002    394264576     98566144
       96256         4096          59.892    788529152    197132288
       96256         8192         115.958   1577058304    394264576
      105472            1          15.810       210944        52736
      105472            2           9.699       421888       105472
      105472            4           4.749       843776       210944
      105472            8           6.552      1687552       421888
      105472           16           4.809      3375104       843776
      105472           32           5.169      6750208      1687552
      105472           64           4.949     13500416      3375104
      105472          128           6.141     27000832      6750208
      105472          256           9.508     54001664     13500416
      105472          512          11.872    108003328     27000832
      105472         1024          20.659    216006656     54001664
      105472         2048          32.230    432013312    108003328
      105472         4096          60.283    864026624    216006656
      105472         8192         116.148   1728053248    432013312
      115712            1          11.141       231424        57856
      115712            2           6.151       462848       115712
      115712            4           5.300       925696       231424
      115712            8           7.263      1851392       462848
      115712           16           4.970      3702784       925696
      115712           32           5.170      7405568      1851392
      115712           64           5.550     14811136      3702784
      115712          128           6.092     29622272      7405568
      115712          256           7.884     59244544     14811136
      115712          512          11.492    118489088     29622272
      115712         1024          19.517    236978176     59244544
      115712         2048          33.974    473956352    118489088
      115712         4096          65.292    947912704    236978176
      115712         8192         127.449   1895825408    473956352
      126976            1          39.995       253952        63488
      126976            2           4.398       507904       126976
      126976            4           4.509      1015808       253952
      126976            8           7.033      2031616       507904
      126976           16           4.749      4063232      1015808
      126976           32           6.472      8126464      2031616
      126976           64           5.691     16252928      4063232
      126976          128           5.951     32505856      8126464
      126976          256           7.825     65011712     16252928
      126976          512          11.682    130023424     32505856
      126976         1024          19.426    260046848     65011712
      126976         2048          34.725    520093696    130023424
      126976         4096          66.775   1040187392    260046848
      126976         8192         130.554   2080374784    520093696
      139264            1          11.702       278528        69632
      139264            2           4.608       557056       139264
      139264            4           4.789      1114112       278528
      139264            8           6.091      2228224       557056
      139264           16           4.498      4456448      1114112
      139264           32           6.402      8912896      2228224
      139264           64           5.250     17825792      4456448
      139264          128           7.825     35651584      8912896
      139264          256           8.637     71303168     17825792
      139264          512          13.575    142606336     35651584
      139264         1024          21.050    285212672     71303168
      139264         2048          37.811    570425344    142606336
      139264         4096          71.674   1140850688    285212672
      139264         8192         140.103   2281701376    570425344
      152576            1          14.638       305152        76288
      152576            2           9.608       610304       152576
      152576            4           6.893      1220608       305152
      152576            8          10.079      2441216       610304
      152576           16           6.352      4882432      1220608
      152576           32           5.821      9764864      2441216
      152576           64           9.358     19529728      4882432
      152576          128           7.334     39059456      9764864
      152576          256           8.586     78118912     19529728
      152576          512          14.928    156237824     39059456
      152576         1024          23.584    312475648     78118912
      152576         2048          41.878    624951296    156237824
      152576         4096          77.044   1249902592    312475648
      152576         8192         151.533   2499805184    624951296
      166912            1        1401.365       333824        83456
      166912            2           4.719       667648       166912
      166912            4           7.674      1335296       333824
      166912            8           6.843      2670592       667648
      166912           16           6.192      5341184      1335296
      166912           32           5.510     10682368      2670592
      166912           64           5.600     21364736      5341184
      166912          128           7.053     42729472     10682368
      166912          256          47.449     85458944     21364736
      166912          512          19.407    170917888     42729472
      166912         1024          36.669    341835776     85458944
      166912         2048          43.732    683671552    170917888
      166912         4096         135.073   1367343104    341835776
      183296            1          11.612       366592        91648
      183296            2           4.178       733184       183296
      183296            4           5.500      1466368       366592
      183296            8           5.410      2932736       733184
      183296           16           4.689      5865472      1466368
      183296           32           5.881     11730944      2932736
      183296           64           5.650     23461888      5865472
      183296          128           8.435     46923776     11730944
      183296          256           9.618     93847552     23461888
      183296          512          15.198    187695104     46923776
      183296         1024          25.528    375390208     93847552
      183296         2048          46.858    750780416    187695104
      183296         4096          91.512   1501560832    375390208
      200704            1          13.796       401408       100352
      200704            2           6.332       802816       200704
      200704            4           4.890      1605632       401408
      200704            8           6.643      3211264       802816
      200704           16           5.851      6422528      1605632
      200704           32           5.139     12845056      3211264
      200704           64           5.249     25690112      6422528
      200704          128           6.973     51380224     12845056
      200704          256          10.961    102760448     25690112
      200704          512          15.829    205520896     51380224
      200704         1024          28.594    411041792    102760448
      200704         2048          49.513    822083584    205520896
      200704         4096          97.042   1644167168    411041792
      220160            1          19.316       440320       110080
      220160            2           4.438       880640       220160
      220160            4           9.057      1761280       440320
      220160            8           4.659      3522560       880640
      220160           16           7.174      7045120      1761280
      220160           32           5.380     14090240      3522560
      220160           64           6.102     28180480      7045120
      220160          128           7.765     56360960     14090240
      220160          256          11.090    112721920     28180480
      220160          512          17.953    225443840     56360960
      220160         1024          30.627    450887680    112721920
      220160         2048          57.328    901775360    225443840
      220160         4096         109.856   1803550720    450887680
      241664            1          16.450       483328       120832
      241664            2           4.909       966656       241664
      241664            4           5.130      1933312       483328
      241664            8           5.029      3866624       966656
      241664           16           4.999      7733248      1933312
      241664           32           6.402     15466496      3866624
      241664           64           6.041     30932992      7733248
      241664          128           9.888     61865984     15466496
      241664          256          12.062    123731968     30932992
      241664          512          20.638    247463936     61865984
      241664         1024          34.855    494927872    123731968
      241664         2048          66.064    989855744    247463936
      241664         4096         127.289   1979711488    494927872
      265216            1          11.461       530432       132608
      265216            2           6.752      1060864       265216
      265216            4           4.799      2121728       530432
      265216            8           8.245      4243456      1060864
      265216           16           5.570      8486912      2121728
      265216           32           5.741     16973824      4243456
      265216           64           6.542     33947648      8486912
      265216          128           8.025     67895296     16973824
      265216          256          13.876    135790592     33947648
      265216          512          19.376    271581184     67895296
      265216         1024          36.579    543162368    135790592
      265216         2048          64.450   1086324736    271581184
      265216         4096         125.024   2172649472    543162368
      290816            1          10.119       581632       145408
      290816            2          15.810      1163264       290816
      290816            4          14.146      2326528       581632
      290816            8          50.935      4653056      1163264
      290816           16           8.085      9306112      2326528
      290816           32          10.901     18612224      4653056
      290816           64           7.694     37224448      9306112
      290816          128           9.237     74448896     18612224
      290816          256          12.844    148897792     37224448
      290816          512          20.579    297795584     74448896
      290816         1024          35.917    595591168    148897792
      290816         2048          71.493   1191182336    297795584
      290816         4096         132.068   2382364672    595591168
      319488            1           4.449       638976       159744
      319488            2          14.847      1277952       319488
      319488            4           5.731      2555904       638976
      319488            8           5.440      5111808      1277952
      319488           16           8.436     10223616      2555904
      319488           32          16.731     20447232      5111808
      319488           64          14.387     40894464     10223616
      319488          128         365.755     81788928     20447232
      319488          256          13.375    163577856     40894464
      319488          512          23.023    327155712     81788928
      319488         1024          40.295    654311424    163577856
      319488         2048          74.590   1308622848    327155712
      319488         4096         145.222   2617245696    654311424
      351232            1          18.685       702464       175616
      351232            2           7.103      1404928       351232
      351232            4           5.210      2809856       702464
      351232            8           8.206      5619712      1404928
      351232           16           6.252     11239424      2809856
      351232           32           6.161     22478848      5619712
      351232           64           7.535     44957696     11239424
      351232          128          14.818     89915392     22478848
      351232          256          14.668    179830784     44957696
      351232          512          23.885    359661568     89915392
      351232         1024          47.078    719323136    179830784
      351232         2048          83.717   1438646272    359661568
      386048            1          10.029       772096       193024
      386048            2          10.960      1544192       386048
      386048            4          12.273      3088384       772096
      386048            8          14.878      6176768      1544192
      386048           16          57.458     12353536      3088384
      386048           32          12.033     24707072      6176768
      386048           64          13.045     49414144     12353536
      386048          128          16.411     98828288     24707072
      386048          256          20.789    197656576     49414144
      386048          512          28.924    395313152     98828288
      386048         1024          52.699    790626304    197656576
      386048         2048         102.862   1581252608    395313152
      423936            1          12.193       847872       211968
      423936            2           5.020      1695744       423936
      423936            4          19.447      3391488       847872
      423936            8           7.885      6782976      1695744
      423936           16          20.227     13565952      3391488
      423936           32           6.282     27131904      6782976
      423936           64          10.179     54263808     13565952
      423936          128          20.598    108527616     27131904
      423936          256          31.069    217055232     54263808
      423936          512          91.221    434110464    108527616
      423936         1024          59.772    868220928    217055232
      423936         2048         107.391   1736441856    434110464
      465920            1           8.927       931840       232960
      465920            2          14.327      1863680       465920
      465920            4           5.551      3727360       931840
      465920            8           5.240      7454720      1863680
      465920           16           7.153     14909440      3727360
      465920           32           6.472     29818880      7454720
      465920           64          21.941     59637760     14909440
      465920          128          15.379    119275520     29818880
      465920          256          30.287    238551040     59637760
      465920          512          44.994    477102080    119275520
      465920         1024          92.103    954204160    238551040
      465920         2048         117.670   1908408320    477102080
      512000            1           8.877      1024000       256000
      512000            2           6.272      2048000       512000
      512000            4           5.220      4096000      1024000
      512000            8           8.316      8192000      2048000
      512000           16           5.460     16384000      4096000
      512000           32           6.772     32768000      8192000
      512000           64           8.215     65536000     16384000
      512000          128          11.893    131072000     32768000
      512000          256          28.674    262144000     65536000
      512000          512          43.201    524288000    131072000
      512000         1024          68.187   1048576000    262144000
      512000         2048         149.230   2097152000    524288000
      563200            1           9.318      1126400       281600
      563200            2           4.288      2252800       563200
      563200            4           6.482      4505600      1126400
      563200            8           6.843      9011200      2252800
      563200           16           5.771     18022400      4505600
      563200           32           7.985     36044800      9011200
      563200           64           8.827     72089600     18022400
      563200          128          21.040    144179200     36044800
      563200          256          21.230    288358400     72089600
      563200          512          39.674    576716800    144179200
      563200         1024          74.079   1153433600    288358400
      563200         2048         145.082   2306867200    576716800
      619520            1           9.517      1239040       309760
      619520            2           5.130      2478080       619520
      619520            4           8.495      4956160      1239040
      619520            8          10.230      9912320      2478080
      619520           16           6.422     19824640      4956160
      619520           32           7.644     39649280      9912320
      619520           64           8.977     79298560     19824640
      619520          128          13.456    158597120     39649280
      619520          256          22.202    317194240     79298560
      619520          512          40.556    634388480    158597120
      619520         1024          75.381   1268776960    317194240
      619520         2048         149.700   2537553920    634388480
      680960            1          11.732      1361920       340480
      680960            2          11.161      2723840       680960
      680960            4           8.876      5447680      1361920
      680960            8           7.734     10895360      2723840
      680960           16          10.049     21790720      5447680
      680960           32           6.632     43581440     10895360
      680960           64          15.489     87162880     21790720
      680960          128          14.177    174325760     43581440
      680960          256          27.081    348651520     87162880
      680960          512          43.872    697303040    174325760
      680960         1024          82.825   1394606080    348651520
      748544            1          14.928      1497088       374272
      748544            2          34.435      2994176       748544
      748544            4          15.058      5988352      1497088
      748544            8          17.493     11976704      2994176
      748544           16          13.115     23953408      5988352
      748544           32          13.055     47906816     11976704
      748544           64          14.386     95813632     23953408
      748544          128          21.160    191627264     47906816
      748544          256          29.435    383254528     95813632
      748544          512          50.685    766509056    191627264
      748544         1024          91.170   1533018112    383254528
      823296            1          94.928      1646592       411648
      823296            2           4.829      3293184       823296
      823296            4           6.002      6586368      1646592
      823296            8           6.091     13172736      3293184
      823296           16           6.211     26345472      6586368
      823296           32           8.085     52690944     13172736
      823296           64          10.319    105381888     26345472
      823296          128          16.942    210763776     52690944
      823296          256          27.342    421527552    105381888
      823296          512          51.496    843055104    210763776
      823296         1024          96.831   1686110208    421527552
      905216            1          15.679      1810432       452608
      905216            2           5.120      3620864       905216
      905216            4           5.490      7241728      1810432
      905216            8           7.184     14483456      3620864
      905216           16           6.392     28966912      7241728
      905216           32           8.967     57933824     14483456
      905216           64          10.940    115867648     28966912
      905216          128          18.284    231735296     57933824
      905216          256          29.515    463470592    115867648
      905216          512          55.644    926941184    231735296
      905216         1024         106.460   1853882368    463470592
      995328            1          32.962      1990656       497664
      995328            2           6.843      3981312       995328
      995328            4           5.500      7962624      1990656
      995328            8           8.346     15925248      3981312
      995328           16           6.562     31850496      7962624
      995328           32           8.597     63700992     15925248
      995328           64          11.752    127401984     31850496
      995328          128          18.475    254803968     63700992
      995328          256          32.431    509607936    127401984
      995328          512          60.614   1019215872    254803968
      995328         1024         620.683   2038431744    509607936
     1094656            1          56.505      2189312       547328
     1094656            2           7.464      4378624      1094656
     1094656            4           6.141      8757248      2189312
     1094656            8           8.196     17514496      4378624
     1094656           16           7.104     35028992      8757248
     1094656           32           8.606     70057984     17514496
     1094656           64          13.505    140115968     35028992
     1094656          128          20.278    280231936     70057984
     1094656          256          36.378    560463872    140115968
     1094656          512          65.803   1120927744    280231936
     1094656         1024         128.281   2241855488    560463872
     1203200            1         382.597      2406400       601600
     1203200            2           5.410      4812800      1203200
     1203200            4           5.400      9625600      2406400
     1203200            8           6.212     19251200      4812800
     1203200           16           9.698     38502400      9625600
     1203200           32           9.478     77004800     19251200
     1203200           64          15.369    154009600     38502400
     1203200          128          22.222    308019200     77004800
     1203200          256          40.947    616038400    154009600
     1203200          512          76.243   1232076800    308019200
     1203200         1024         149.770   2464153600    616038400
     1323008            1          19.747      2646016       661504
     1323008            2         526.527      5292032      1323008
     1323008            4          10.029     10584064      2646016
     1323008            8           6.482     21168128      5292032
     1323008           16           7.975     42336256     10584064
     1323008           32          10.289     84672512     21168128
     1323008           64          16.010    169345024     42336256
     1323008          128          25.848    338690048     84672512
     1323008          256          48.431    677380096    169345024
     1323008          512          93.385   1354760192    338690048
     1323008         1024         182.622   2709520384    677380096
     1455104            1          41.267      2910208       727552
     1455104            2           5.500      5820416      1455104
     1455104            4           6.813     11640832      2910208
     1455104            8           7.764     23281664      5820416
     1455104           16           6.973     46563328     11640832
     1455104           32          10.579     93126656     23281664
     1455104           64          14.698    186253312     46563328
     1455104          128          26.399    372506624     93126656
     1455104          256          45.345    745013248    186253312
     1455104          512         102.472   1490026496    372506624
     1600512            1           6.983      3201024       800256
     1600512            2           5.029      6402048      1600512
     1600512            4           6.131     12804096      3201024
     1600512            8           6.632     25608192      6402048
     1600512           16          11.531     51216384     12804096
     1600512           32          10.520    102432768     25608192
     1600512           64          18.925    204865536     51216384
     1600512          128          27.161    409731072    102432768
     1600512          256          49.944    819462144    204865536
     1600512          512         102.823   1638924288    409731072
     1760256            1          25.128      3520512       880128
     1760256            2           5.921      7041024      1760256
     1760256            4           6.592     14082048      3520512
     1760256            8           9.027     28164096      7041024
     1760256           16           8.196     56328192     14082048
     1760256           32          11.201    112656384     28164096
     1760256           64          17.283    225312768     56328192
     1760256          128          29.335    450625536    112656384
     1760256          256          54.242    901251072    225312768
     1760256          512         102.663   1802502144    450625536
     1935360            1          50.976      3870720       967680
     1935360            2           5.119      7741440      1935360
     1935360            4           8.246     15482880      3870720
     1935360            8           7.314     30965760      7741440
     1935360           16           8.857     61931520     15482880
     1935360           32          12.073    123863040     30965760
     1935360           64          17.873    247726080     61931520
     1935360          128          32.030    495452160    123863040
     1935360          256          58.460    990904320    247726080
     1935360          512         114.344   1981808640    495452160
     2128896            1          23.575      4257792      1064448
     2128896            2           5.841      8515584      2128896
     2128896            4           5.882     17031168      4257792
     2128896            8           8.095     34062336      8515584
     2128896           16           9.368     68124672     17031168
     2128896           32          11.892    136249344     34062336
     2128896           64          21.380    272498688     68124672
     2128896          128          34.565    544997376    136249344
     2128896          256          65.473   1089994752    272498688
     2128896          512         732.392   2179989504    544997376
     2340864            1         222.477      4681728      1170432
     2340864            2           6.753      9363456      2340864
     2340864            4           6.051     18726912      4681728
     2340864            8           8.445     37453824      9363456
     2340864           16           9.157     74907648     18726912
     2340864           32          15.279    149815296     37453824
     2340864           64          21.089    299630592     74907648
     2340864          128          37.510    599261184    149815296
     2340864          256         238.447   1198522368    299630592
     2340864          512         145.823   2397044736    599261184
     2574336            1          21.411      5148672      1287168
     2574336            2           5.420     10297344      2574336
     2574336            4           8.085     20594688      5148672
     2574336            8           7.033     41189376     10297344
     2574336           16           9.989     82378752     20594688
     2574336           32          13.546    164757504     41189376
     2574336           64          22.632    329515008     82378752
     2574336          128          41.117    659030016    164757504
     2574336          256          76.744   1318060032    329515008
     2574336          512         149.149   2636120064    659030016
     2831360            1          29.956      5662720      1415680
     2831360            2           7.534     11325440      2831360
     2831360            4           7.273     22650880      5662720
     2831360            8           8.316     45301760     11325440
     2831360           16          10.339     90603520     22650880
     2831360           32          14.918    181207040     45301760
     2831360           64          24.637    362414080     90603520
     2831360          128          44.233    724828160    181207040
     2831360          256         116.177   1449656320    362414080
     3113984            1          27.301      6227968      1556992
     3113984            2           8.466     12455936      3113984
     3113984            4           6.892     24911872      6227968
     3113984            8           8.436     49823744     12455936
     3113984           16          11.662     99647488     24911872
     3113984           32          15.539    199294976     49823744
     3113984           64          27.471    398589952     99647488
     3113984          128          48.281    797179904    199294976
     3113984          256         180.198   1594359808    398589952
     3425280            1          44.554      6850560      1712640
     3425280            2           6.432     13701120      3425280
     3425280            4           7.504     27402240      6850560
     3425280            8           8.636     54804480     13701120
     3425280           16          12.413    109608960     27402240
     3425280           32          16.932    219217920     54804480
     3425280           64          30.657    438435840    109608960
     3425280          128          52.930    876871680    219217920
     3425280          256         589.986   1753743360    438435840
     3767296            1         495.478      7534592      1883648
     3767296            2           6.802     15069184      3767296
     3767296            4           8.035     30138368      7534592
     3767296            8           9.067     60276736     15069184
     3767296           16          13.355    120553472     30138368
     3767296           32          18.435    241106944     60276736
     3767296           64          33.793    482213888    120553472
     3767296          128          57.728    964427776    241106944
     3767296          256         110.096   1928855552    482213888
     4143104            1          46.216      8286208      2071552
     4143104            2           6.242     16572416      4143104
     4143104            4           8.837     33144832      8286208
     4143104            8          10.570     66289664     16572416
     4143104           16          14.667    132579328     33144832
     4143104           32          20.319    265158656     66289664
     4143104           64          35.537    530317312    132579328
     4143104          128          62.277   1060634624    265158656
     4143104          256         135.294   2121269248    530317312
     4556800            1          51.276      9113600      2278400
     4556800            2           7.484     18227200      4556800
     4556800            4          10.069     36454400      9113600
     4556800            8          10.950     72908800     18227200
     4556800           16          17.783    145817600     36454400
     4556800           32          31.389    291635200     72908800
     4556800           64          58.660    583270400    145817600
     4556800          128         112.941   1166540800    291635200
     4556800          256         220.573   2333081600    583270400
     5012480            1          48.110     10024960      2506240
     5012480            2           7.474     20049920      5012480
     5012480            4          10.109     40099840     10024960
     5012480            8          10.840     80199680     20049920
     5012480           16          18.775    160399360     40099840
     5012480           32          29.946    320798720     80199680
     5012480           64          53.821    641597440    160399360
     5012480          128         100.758   1283194880    320798720
     5012480          256         515.196   2566389760    641597440
     5513216            1          98.725     11026432      2756608
     5513216            2           8.046     22052864      5513216
     5513216            4          10.800     44105728     11026432
     5513216            8          12.494     88211456     22052864
     5513216           16          20.389    176422912     44105728
     5513216           32          32.491    352845824     88211456
     5513216           64          57.497    705691648    176422912
     5513216          128         109.615   1411383296    352845824
     6064128            1          47.669     12128256      3032064
     6064128            2          10.590     24256512      6064128
     6064128            4          14.146     48513024     12128256
     6064128            8          16.260     97026048     24256512
     6064128           16          20.599    194052096     48513024
     6064128           32          40.737    388104192     97026048
     6064128           64          89.066    776208384    194052096
     6064128          128         119.154   1552416768    388104192
     6670336            1          61.886     13340672      3335168
     6670336            2          14.186     26681344      6670336
     6670336            4          14.197     53362688     13340672
     6670336            8          14.086    106725376     26681344
     6670336           16          22.061    213450752     53362688
     6670336           32          38.312    426901504    106725376
     6670336           64          71.123    853803008    213450752
     6670336          128         147.797   1707606016    426901504
     7336960            1          57.327     14673920      3668480
     7336960            2          14.407     29347840      7336960
     7336960            4          14.457     58695680     14673920
     7336960            8          15.890    117391360     29347840
     7336960           16          23.734    234782720     58695680
     7336960           32          38.943    469565440    117391360
     7336960           64          78.126    939130880    234782720
     7336960          128         144.952   1878261760    469565440
     8070144            1          59.702     16140288      4035072
     8070144            2          10.049     32280576      8070144
     8070144            4          13.956     64561152     16140288
     8070144            8          15.239    129122304     32280576
     8070144           16          31.058    258244608     64561152
     8070144           32          46.357    516489216    129122304
     8070144           64          93.455   1032978432    258244608
     8070144          128         164.588   2065956864    516489216
     8877056            1          63.740     17754112      4438528
     8877056            2          11.652     35508224      8877056
     8877056            4          14.107     71016448     17754112
     8877056            8          18.705    142032896     35508224
     8877056           16          28.013    284065792     71016448
     8877056           32          48.621    568131584    142032896
     8877056           64          93.415   1136263168    284065792
     8877056          128         181.681   2272526336    568131584
     9763840            1          78.277     19527680      4881920
     9763840            2          10.440     39055360      9763840
     9763840            4          14.166     78110720     19527680
     9763840            8          19.707    156221440     39055360
     9763840           16          31.369    312442880     78110720
     9763840           32          53.901    624885760    156221440
     9763840           64          98.304   1249771520    312442880
     9763840          128         188.924   2499543040    624885760
    10739712            1          78.537     21479424      5369856
    10739712            2          12.212     42958848     10739712
    10739712            4          16.031     85917696     21479424
    10739712            8          21.861    171835392     42958848
    10739712           16          31.640    343670784     85917696
    10739712           32          59.051    687341568    171835392
    10739712           64         108.002   1374683136    343670784
    11812864            1         114.525     23625728      5906432
    11812864            2          16.661     47251456     11812864
    11812864            4          18.415     94502912     23625728
    11812864            8          25.518    189005824     47251456
    11812864           16          38.592    378011648     94502912
    11812864           32          61.886    756023296    189005824
    11812864           64         118.141   1512046592    378011648
    12993536            1         103.845     25987072      6496768
    12993536            2          13.355     51974144     12993536
    12993536            4          16.270    103948288     25987072
    12993536            8          22.311    207896576     51974144
    12993536           16          64.601    415793152    103948288
    12993536           32          72.165    831586304    207896576
    12993536           64         129.132   1663172608    415793152
    14291968            1         107.932     28583936      7145984
    14291968            2          28.384     57167872     14291968
    14291968            4          17.613    114335744     28583936
    14291968            8          26.660    228671488     57167872
    14291968           16          53.951    457342976    114335744
    14291968           32          77.235    914685952    228671488
    14291968           64         173.795   1829371904    457342976
    15720448            1         106.680     31440896      7860224
    15720448            2          14.007     62881792     15720448
    15720448            4          18.034    125763584     31440896
    15720448            8          26.790    251527168     62881792
    15720448           16          60.283    503054336    125763584
    15720448           32          83.587   1006108672    251527168
    15720448           64         156.393   2012217344    503054336
    17292288            1         138.610     34584576      8646144
    17292288            2          15.479     69169152     17292288
    17292288            4          30.026    138338304     34584576
    17292288            8          30.457    276676608     69169152
    17292288           16          56.776    553353216    138338304
    17292288           32          87.765   1106706432    276676608
    17292288           64        2366.112   2213412864    553353216
    19020800            1         138.850     38041600      9510400
    19020800            2          16.692     76083200     19020800
    19020800            4          23.234    152166400     38041600
    19020800            8          32.461    304332800     76083200
    19020800           16          55.264    608665600    152166400
    19020800           32         134.142   1217331200    304332800
    19020800           64         189.735   2434662400    608665600
    20922368            1         156.954     41844736     10461184
    20922368            2          17.523     83689472     20922368
    20922368            4          23.814    167378944     41844736
    20922368            8          35.035    334757888     83689472
    20922368           16          59.491    669515776    167378944
    20922368           32         464.460   1339031552    334757888
    20922368           64         207.068   2678063104    669515776
    23014400            1         209.903     46028800     11507200
    23014400            2          17.974     92057600     23014400
    23014400            4          27.622    184115200     46028800
    23014400            8          38.171    368230400     92057600
    23014400           16          65.112    736460800    184115200
    23014400           32         118.312   1472921600    368230400
    25315328            1         197.780     50630656     12657664
    25315328            2          20.018    101261312     25315328
    25315328            4          60.052    202522624     50630656
    25315328            8          43.411    405045248    101261312
    25315328           16          71.905    810090496    202522624
    25315328           32         132.248   1620180992    405045248
    27846656            1         202.619     55693312     13923328
    27846656            2          24.937    111386624     27846656
    27846656            4          36.679    222773248     55693312
    27846656            8          60.925    445546496    111386624
    27846656           16         108.583    891092992    222773248
    27846656           32         211.025   1782185984    445546496
    30630912            1         221.886     61261824     15315456
    30630912            2          23.113    122523648     30630912
    30630912            4          32.461    245047296     61261824
    30630912            8          50.204    490094592    122523648
    30630912           16          88.396    980189184    245047296
    30630912           32         157.225   1960378368    490094592
    33693696            1         263.443     67387392     16846848
    33693696            2          27.551    134774784     33693696
    33693696            4          34.564    269549568     67387392
    33693696            8          57.988    539099136    134774784
    33693696           16          93.966   1078198272    269549568
    33693696           32         171.691   2156396544    539099136
    37062656            1         269.024     74125312     18531328
    37062656            2          36.027    148250624     37062656
    37062656            4          40.255    296501248     74125312
    37062656            8          59.582    593002496    148250624
    37062656           16         102.742   1186004992    296501248
    37062656           32         188.673   2372009984    593002496
    40768512            1         297.056     81537024     20384256
    40768512            2          46.768    163074048     40768512
    40768512            4          40.906    326148096     81537024
    40768512            8          64.631    652296192    163074048
    40768512           16         112.170   1304592384    326148096
    40768512           32         215.263   2609184768    652296192
    44845056            1         348.954     89690112     22422528
    44845056            2          50.405    179380224     44845056
    44845056            4          44.192    358760448     89690112
    44845056            8          70.923    717520896    179380224
    44845056           16         126.116   1435041792    358760448
    49329152            1         373.389     98658304     24664576
    49329152            2          53.370    197316608     49329152
    49329152            4          49.212    394633216     98658304
    49329152            8          87.073    789266432    197316608
    49329152           16         138.760   1578532864    394633216
    54261760            1         418.183    108523520     27130880
    54261760            2          67.056    217047040     54261760
    54261760            4          57.047    434094080    108523520
    54261760            8          95.189    868188160    217047040
    54261760           16         152.476   1736376320    434094080
    59687936            1         437.390    119375872     29843968
    59687936            2          76.243    238751744     59687936
    59687936            4          72.726    477503488    119375872
    59687936            8         100.118    955006976    238751744
    59687936           16         175.829   1910013952    477503488
    65655808            1         885.308    131311616     32827904
    65655808            2          94.447    262623232     65655808
    65655808            4          69.801    525246464    131311616
    65655808            8         110.918   1050492928    262623232
    65655808           16         230.702   2100985856    525246464
    72220672            1         557.464    144441344     36110336
    72220672            2         110.857    288882688     72220672
    72220672            4          84.689    577765376    144441344
    72220672            8         136.576   1155530752    288882688
    72220672           16         522.729   2311061504    577765376
    79441920            1         826.378    158883840     39720960
    79441920            2         134.863    317767680     79441920
    79441920            4         114.956    635535360    158883840
    79441920            8         193.843   1271070720    317767680
    79441920           16         330.839   2542141440    635535360
    87386112            1         605.996    174772224     43693056
    87386112            2         164.939    349544448     87386112
    87386112            4         456.986    699088896    174772224
    87386112            8         227.607   1398177792    349544448
    96123904            1         660.597    192247808     48061952
    96123904            2         199.834    384495616     96123904
    96123904            4         177.372    768991232    192247808
    96123904            8         292.427   1537982464    384495616
   105736192            1         746.227    211472384     52868096
   105736192            2         210.324    422944768    105736192
   105736192            4         207.799    845889536    211472384
   105736192            8         339.556   1691779072    422944768
   116308992            1         826.458    232617984     58154496
   116308992            2         226.264    465235968    116308992
   116308992            4         238.086    930471936    232617984
   116308992            8         393.087   1860943872    465235968
   127939584            1         903.883    255879168     63969792
   127939584            2         274.754    511758336    127939584
   127939584            4         269.955   1023516672    255879168
   127939584            8         437.560   2047033344    511758336
   140733440            1         988.341    281466880     70366720
   140733440            2         297.518    562933760    140733440
   140733440            4         317.174   1125867520    281466880
   140733440            8         496.330   2251735040    562933760
   154806272            1        1084.020    309612544     77403136
   154806272            2         315.591    619225088    154806272
   154806272            4         302.366   1238450176    309612544
   154806272            8         485.900   2476900352    619225088
   170286080            1        1210.988    340572160     85143040
   170286080            2         326.752    681144320    170286080
   170286080            4         377.096   1362288640    340572160
   187314176            1        1309.683    374628352     93657088
   187314176            2         397.014    749256704    187314176
   187314176            4         363.831   1498513408    374628352
   206045184            1        1424.198    412090368    103022592
   206045184            2         373.119    824180736    206045184
   206045184            4         396.373   1648361472    412090368
   226649088            1        1585.080    453298176    113324544
   226649088            2         393.157    906596352    226649088
   226649088            4         471.744   1813192704    453298176
   249313280            1        1737.545    498626560    124656640
   249313280            2         434.614    997253120    249313280
   249313280            4         534.681   1994506240    498626560
   274244608            1        1922.151    548489216    137122304
   274244608            2         684.683   1096978432    274244608
   274244608            4         551.503   2193956864    548489216
   301668352            1        2115.442    603336704    150834176
   301668352            2         519.583   1206673408    301668352
   301668352            4         632.114   2413346816    603336704
   331834368            1        2334.894    663668736    165917184
   331834368            2         549.079   1327337472    331834368
   331834368            4         731.300   2654674944    663668736
   365017088            1        2549.636    730034176    182508544
   365017088            2         619.129   1460068352    365017088
   401518592            1        2839.680    803037184    200759296
   401518592            2         974.966   1606074368    401518592
   441669632            1        3275.245    883339264    220834816
   441669632            2         787.405   1766678528    441669632
   485835776            1        3437.990    971671552    242917888
   485835776            2        1019.961   1943343104    485835776
   534418432            1        3930.473   1068836864    267209216
   534418432            2        1701.497   2137673728    534418432
   587859968            1        4128.563   1175719936    293929984
   587859968            2        2912.836   2351439872    587859968
   646645760            1        4544.914   1293291520    323322880
   646645760            2        5578.270   2586583040    646645760
   711310336            1        4961.444   1422620672    355655168
   782440448            1        5554.505   1564880896    391220224
   860684288            1        6016.721   1721368576    430342144
   946752512            1        6651.760   1893505024    473376256
  1041427456            1        7263.787   2082854912    520713728
  1145569280            1        8011.608   2291138560    572784640
  1260126208            1        8778.424   2520252416    630063104

META_DATA
FLOPS          4
MPI_PROCS      128
ERT_VERSION  1.1.0
HOSTNAME  ('tcn299.local.snellius.surf.nl', [], ['172.18.57.53'])
UNAME  uname_result(system='Linux', node='tcn299.local.snellius.surf.nl', release='4.18.0-372.80.1.el8_6.x86_64', version='#1 SMP Fri Nov 3 14:30:16 EDT 2023', machine='x86_64', processor='x86_64')
TIMESTAMP_DATA  1707397419.602432
CONFIG  {'ERT_RESULTS': ['Results.snellius.01'], 'ERT_DRIVER': ['driver1'], 'ERT_KERNEL': ['kernel1'], 'ERT_MPI': ['True'], 'ERT_MPI_CFLAGS': [], 'ERT_MPI_LDFLAGS': [], 'ERT_OPENMP': ['False'], 'ERT_OPENMP_CFLAGS': ['-fopenmp'], 'ERT_OPENMP_LDFLAGS': ['-fopenmp'], 'ERT_FLOPS': ['1,2,4,8,16,32'], 'ERT_ALIGN': ['32'], 'ERT_CC': ['mpic++'], 'ERT_CFLAGS': ['-Ofast', '-fargument-noalias', '-mavx2'], 'ERT_LD': ['mpic++'], 'ERT_LDFLAGS': [], 'ERT_LDLIBS': [], 'ERT_RUN': ['export', 'OMP_NUM_THREADS=ERT_OPENMP_THREADS;', 'mpirun', '-np', 'ERT_MPI_PROCS', 'ERT_CODE'], 'ERT_PROCS_THREADS': ['32,64,128'], 'ERT_MPI_PROCS': ['32,64,128'], 'ERT_OPENMP_THREADS': [], 'ERT_NUM_EXPERIMENTS': ['5'], 'ERT_MEMORY_MAX': ['1357905920'], 'ERT_WORKING_SET_MIN': ['1'], 'ERT_TRIALS_MIN': ['1'], 'ERT_GNUPLOT': ['gnuplot'], 'ERT_GPU': [False], 'ERT_HIP': [False], 'ERT_PRECISION': ['FP64'], 'ERT_OCL': [False], 'ERT_SYCL': [False], 'ERT_WSS_MULT': [1.1]}
