fp64
        1024            1        1067.700         2048          512
        1024            2           4.348         4096         1024
        1024            4          10.240         8192         2048
        1024            8           6.001        16384         4096
        1024           16           8.977        32768         8192
        1024           32           4.228        65536        16384
        1024           64           4.448       131072        32768
        1024          128           4.789       262144        65536
        1024          256           9.689       524288       131072
        1024          512          13.766      1048576       262144
        1024         1024           8.977      2097152       524288
        1024         2048          14.497      4194304      1048576
        1024         4096          23.274      8388608      2097152
        1024         8192          45.936     16777216      4194304
        1024        16384          80.291     33554432      8388608
        1024        32768         173.675     67108864     16777216
        1024        65536         312.666    134217728     33554432
        1024       131072         632.235    268435456     67108864
        1024       262144        1258.097    536870912    134217728
        1024       524288        2509.932   1073741824    268435456
        1024      1048576        5200.452   2147483648    536870912
        2048            1          16.621         4096         1024
        2048            2           4.629         8192         2048
        2048            4           5.971        16384         4096
        2048            8           4.929        32768         8192
        2048           16           5.260        65536        16384
        2048           32           4.829       131072        32768
        2048           64          18.014       262144        65536
        2048          128           5.040       524288       131072
        2048          256           5.140      1048576       262144
        2048          512           6.331      2097152       524288
        2048         1024           9.117      4194304      1048576
        2048         2048          14.176      8388608      2097152
        2048         4096          22.382     16777216      4194304
        2048         8192          40.936     33554432      8388608
        2048        16384          81.322     67108864     16777216
        2048        32768         228.147    134217728     33554432
        2048        65536         300.423    268435456     67108864
        2048       131072         709.650    536870912    134217728
        2048       262144        1182.515   1073741824    268435456
        2048       524288        2954.845   2147483648    536870912
        3072            1           7.754         6144         1536
        3072            2           4.318        12288         3072
        3072            4           6.252        24576         6144
        3072            8           4.849        49152        12288
        3072           16           6.082        98304        24576
        3072           32           4.568       196608        49152
        3072           64           4.799       393216        98304
        3072          128           5.700       786432       196608
        3072          256           5.119      1572864       393216
        3072          512           7.694      3145728       786432
        3072         1024           8.827      6291456      1572864
        3072         2048          14.287     12582912      3145728
        3072         4096          23.524     25165824      6291456
        3072         8192          42.339     50331648     12582912
        3072        16384          79.740    100663296     25165824
        3072        32768         177.132    201326592     50331648
        3072        65536         313.287    402653184    100663296
        3072       131072         621.114    805306368    201326592
        3072       262144        1237.078   1610612736    402653184
        4096            1           7.113         8192         2048
        4096            2          35.407        16384         4096
        4096            4           5.180        32768         8192
        4096            8           4.919        65536        16384
        4096           16           4.839       131072        32768
        4096           32           4.468       262144        65536
        4096           64           5.620       524288       131072
        4096          128           5.009      1048576       262144
        4096          256           5.942      2097152       524288
        4096          512           6.692      4194304      1048576
        4096         1024           9.097      8388608      2097152
        4096         2048          14.628     16777216      4194304
        4096         4096          23.624     33554432      8388608
        4096         8192          43.982     67108864     16777216
        4096        16384          84.709    134217728     33554432
        4096        32768         161.443    268435456     67108864
        4096        65536         319.038    536870912    134217728
        4096       131072         690.423   1073741824    268435456
        4096       262144        1274.307   2147483648    536870912
        5120            1          31.499        10240         2560
        5120            2           5.460        20480         5120
        5120            4           4.649        40960        10240
        5120            8           7.494        81920        20480
        5120           16           4.890       163840        40960
        5120           32           4.428       327680        81920
        5120           64           4.238       655360       163840
        5120          128           5.069      1310720       327680
        5120          256           5.260      2621440       655360
        5120          512           6.743      5242880      1310720
        5120         1024          10.129     10485760      2621440
        5120         2048          13.656     20971520      5242880
        5120         4096          25.237     41943040     10485760
        5120         8192          43.201     83886080     20971520
        5120        16384          83.156    167772160     41943040
        5120        32768         161.643    335544320     83886080
        5120        65536         330.148    671088640    167772160
        5120       131072         635.029   1342177280    335544320
        5120       262144        1842.802   2684354560    671088640
        6144            1           9.247        12288         3072
        6144            2           4.859        24576         6144
        6144            4           7.684        49152        12288
        6144            8           5.150        98304        24576
        6144           16           4.920       196608        49152
        6144           32           5.450       393216        98304
        6144           64           4.588       786432       196608
        6144          128           5.741      1572864       393216
        6144          256           5.560      3145728       786432
        6144          512           7.885      6291456      1572864
        6144         1024           8.776     12582912      3145728
        6144         2048          43.692     25165824      6291456
        6144         4096          23.324     50331648     12582912
        6144         8192          43.872    100663296     25165824
        6144        16384          83.797    201326592     50331648
        6144        32768         212.227    402653184    100663296
        6144        65536         424.405    805306368    201326592
        6144       131072         642.995   1610612736    402653184
        7168            1          24.606        14336         3584
        7168            2           4.338        28672         7168
        7168            4           6.913        57344        14336
        7168            8           5.069       114688        28672
        7168           16           4.658       229376        57344
        7168           32           4.689       458752       114688
        7168           64           5.129       917504       229376
        7168          128           7.584      1835008       458752
        7168          256           5.390      3670016       917504
        7168          512           7.735      7340032      1835008
        7168         1024           9.628     14680064      3670016
        7168         2048          13.926     29360128      7340032
        7168         4096          23.333     58720256     14680064
        7168         8192          43.241    117440512     29360128
        7168        16384          85.550    234881024     58720256
        7168        32768         161.773    469762048    117440512
        7168        65536         346.058    939524096    234881024
        7168       131072         634.809   1879048192    469762048
        8192            1           4.218        16384         4096
        8192            2           5.220        32768         8192
        8192            4           5.029        65536        16384
        8192            8           6.713       131072        32768
        8192           16           4.328       262144        65536
        8192           32           6.101       524288       131072
        8192           64           4.328      1048576       262144
        8192          128           6.092      2097152       524288
        8192          256           5.520      4194304      1048576
        8192          512           6.843      8388608      2097152
        8192         1024          10.419     16777216      4194304
        8192         2048          14.427     33554432      8388608
        8192         4096          25.217     67108864     16777216
        8192         8192          43.742    134217728     33554432
        8192        16384          83.417    268435456     67108864
        8192        32768         161.883    536870912    134217728
        8192        65536         336.771   1073741824    268435456
        8192       131072         640.049   2147483648    536870912
        9216            1          11.582        18432         4608
        9216            2           5.731        36864         9216
        9216            4           4.639        73728        18432
        9216            8           7.804       147456        36864
        9216           16           4.648       294912        73728
        9216           32           6.081       589824       147456
        9216           64           5.580      1179648       294912
        9216          128           4.889      2359296       589824
        9216          256           6.212      4718592      1179648
        9216          512           7.053      9437184      2359296
        9216         1024          10.269     18874368      4718592
        9216         2048          13.996     37748736      9437184
        9216         4096          26.450     75497472     18874368
        9216         8192          44.363    150994944     37748736
        9216        16384          84.599    301989888     75497472
        9216        32768         163.566    603979776    150994944
        9216        65536         373.630   1207959552    301989888
        9216       131072         677.509   2415919104    603979776
       10240            1           6.182        20480         5120
       10240            2           7.594        40960        10240
       10240            4           5.771        81920        20480
       10240            8           5.761       163840        40960
       10240           16           5.911       327680        81920
       10240           32           4.598       655360       163840
       10240           64           5.711      1310720       327680
       10240          128           4.798      2621440       655360
       10240          256           6.482      5242880      1310720
       10240          512           7.143     10485760      2621440
       10240         1024           9.858     20971520      5242880
       10240         2048          14.347     41943040     10485760
       10240         4096          24.416     83886080     20971520
       10240         8192          44.413    167772160     41943040
       10240        16384          84.909    335544320     83886080
       10240        32768         162.174    671088640    167772160
       10240        65536         351.148   1342177280    335544320
       10240       131072         640.911   2684354560    671088640
       11264            1          24.796        22528         5632
       11264            2           5.641        45056        11264
       11264            4           4.879        90112        22528
       11264            8           5.631       180224        45056
       11264           16           6.442       360448        90112
       11264           32           4.919       720896       180224
       11264           64           5.971      1441792       360448
       11264          128           5.020      2883584       720896
       11264          256           6.281      5767168      1441792
       11264          512           6.843     11534336      2883584
       11264         1024           9.428     23068672      5767168
       11264         2048          15.059     46137344     11534336
       11264         4096          23.834     92274688     23068672
       11264         8192          45.976    184549376     46137344
       11264        16384          83.817    369098752     92274688
       11264        32768         163.526    738197504    184549376
       11264        65536         330.670   1476395008    369098752
       12288            1           9.698        24576         6144
       12288            2           4.479        49152        12288
       12288            4           5.450        98304        24576
       12288            8           5.410       196608        49152
       12288           16           5.370       393216        98304
       12288           32           7.384       786432       196608
       12288           64           4.718      1572864       393216
       12288          128           6.182      3145728       786432
       12288          256           5.560      6291456      1572864
       12288          512           7.023     12582912      3145728
       12288         1024           8.606     25165824      6291456
       12288         2048          14.377     50331648     12582912
       12288         4096          24.837    100663296     25165824
       12288         8192          44.313    201326592     50331648
       12288        16384          84.408    402653184    100663296
       12288        32768         188.884    805306368    201326592
       12288        65536         332.724   1610612736    402653184
       13312            1           8.385        26624         6656
       13312            2           4.879        53248        13312
       13312            4           7.855       106496        26624
       13312            8           5.461       212992        53248
       13312           16           6.733       425984       106496
       13312           32           4.769       851968       212992
       13312           64          17.613      1703936       425984
       13312          128           5.210      3407872       851968
       13312          256           5.781      6815744      1703936
       13312          512           7.013     13631488      3407872
       13312         1024           9.368     27262976      6815744
       13312         2048          14.297     54525952     13631488
       13312         4096          24.516    109051904     27262976
       13312         8192          45.035    218103808     54525952
       13312        16384          84.208    436207616    109051904
       13312        32768         162.775    872415232    218103808
       13312        65536         323.115   1744830464    436207616
       14336            1          12.733        28672         7168
       14336            2           5.691        57344        14336
       14336            4           5.029       114688        28672
       14336            8           6.572       229376        57344
       14336           16           4.939       458752       114688
       14336           32           5.410       917504       229376
       14336           64           4.879      1835008       458752
       14336          128           5.350      3670016       917504
       14336          256           6.191      7340032      1835008
       14336          512           6.602     14680064      3670016
       14336         1024          11.672     29360128      7340032
       14336         2048          16.150     58720256     14680064
       14336         4096          25.148    117440512     29360128
       14336         8192          44.063    234881024     58720256
       14336        16384          84.508    469762048    117440512
       14336        32768         198.882    939524096    234881024
       14336        65536         325.159   1879048192    469762048
       15360            1          12.092        30720         7680
       15360            2           4.618        61440        15360
       15360            4           8.556       122880        30720
       15360            8           5.550       245760        61440
       15360           16           6.302       491520       122880
       15360           32           4.158       983040       245760
       15360           64           5.150      1966080       491520
       15360          128           5.129      3932160       983040
       15360          256          23.654      7864320      1966080
       15360          512           7.894     15728640      3932160
       15360         1024           9.187     31457280      7864320
       15360         2048          15.890     62914560     15728640
       15360         4096          23.914    125829120     31457280
       15360         8192          44.583    251658240     62914560
       15360        16384          84.318    503316480    125829120
       15360        32768         163.977   1006632960    251658240
       15360        65536         325.279   2013265920    503316480
       16384            1           5.780        32768         8192
       16384            2           7.063        65536        16384
       16384            4           5.430       131072        32768
       16384            8           5.410       262144        65536
       16384           16           4.117       524288       131072
       16384           32           5.430      1048576       262144
       16384           64           5.471      2097152       524288
       16384          128           4.779      4194304      1048576
       16384          256           6.482      8388608      2097152
       16384          512           6.672     16777216      4194304
       16384         1024          10.770     33554432      8388608
       16384         2048          14.437     67108864     16777216
       16384         4096          24.997    134217728     33554432
       16384         8192          48.621    268435456     67108864
       16384        16384          87.343    536870912    134217728
       16384        32768         166.482   1073741824    268435456
       16384        65536         331.120   2147483648    536870912
       17408            1           7.554        34816         8704
       17408            2           4.128        69632        17408
       17408            4           7.414       139264        34816
       17408            8           5.540       278528        69632
       17408           16           5.029       557056       139264
       17408           32           4.639      1114112       278528
       17408           64           4.488      2228224       557056
       17408          128           6.512      4456448      1114112
       17408          256           5.540      8912896      2228224
       17408          512           8.346     17825792      4456448
       17408         1024           9.367     35651584      8912896
       17408         2048          16.260     71303168     17825792
       17408         4096          24.485    142606336     35651584
       17408         8192          44.654    285212672     71303168
       17408        16384          84.548    570425344    142606336
       17408        32768         173.134   1140850688    285212672
       17408        65536         325.751   2281701376    570425344
       18432            1           7.223        36864         9216
       18432            2           7.675        73728        18432
       18432            4           5.971       147456        36864
       18432            8           5.130       294912        73728
       18432           16           5.230       589824       147456
       18432           32           4.498      1179648       294912
       18432           64           7.053      2359296       589824
       18432          128           4.699      4718592      1179648
       18432          256           7.394      9437184      2359296
       18432          512           6.192     18874368      4718592
       18432         1024           9.959     37748736      9437184
       18432         2048          15.089     75497472     18874368
       18432         4096          24.976    150994944     37748736
       18432         8192          63.660    301989888     75497472
       18432        16384          84.859    603979776    150994944
       18432        32768         165.269   1207959552    301989888
       18432        65536         331.851   2415919104    603979776
       19456            1           9.107        38912         9728
       19456            2           4.348        77824        19456
       19456            4           5.381       155648        38912
       19456            8           5.400       311296        77824
       19456           16           4.598       622592       155648
       19456           32           5.781      1245184       311296
       19456           64           4.689      2490368       622592
       19456          128           6.722      4980736      1245184
       19456          256           5.621      9961472      2490368
       19456          512           7.374     19922944      4980736
       19456         1024           9.718     39845888      9961472
       19456         2048          14.838     79691776     19922944
       19456         4096          24.486    159383552     39845888
       19456         8192          45.174    318767104     79691776
       19456        16384          85.701    637534208    159383552
       19456        32768         170.309   1275068416    318767104
       19456        65536         331.792   2550136832    637534208
       20480            1           4.108        40960        10240
       20480            2           5.050        81920        20480
       20480            4           5.981       163840        40960
       20480            8           4.980       327680        81920
       20480           16           6.062       655360       163840
       20480           32           4.489      1310720       327680
       20480           64           6.512      2621440       655360
       20480          128           4.959      5242880      1310720
       20480          256           5.841     10485760      2621440
       20480          512           7.724     20971520      5242880
       20480         1024           9.227     41943040     10485760
       20480         2048          14.327     83886080     20971520
       20480         4096          24.475    167772160     41943040
       20480         8192          49.071    335544320     83886080
       20480        16384          84.679    671088640    167772160
       20480        32768         193.563   1342177280    335544320
       20480        65536         370.915   2684354560    671088640
       22528            1         376.024        45056        11264
       22528            2           5.611        90112        22528
       22528            4           5.140       180224        45056
       22528            8           6.703       360448        90112
       22528           16           4.799       720896       180224
       22528           32           5.671      1441792       360448
       22528           64           4.969      2883584       720896
       22528          128           5.190      5767168      1441792
       22528          256           6.623     11534336      2883584
       22528          512           7.354     23068672      5767168
       22528         1024          10.731     46137344     11534336
       22528         2048          15.509     92274688     23068672
       22528         4096          25.327    184549376     46137344
       22528         8192          49.563    369098752     92274688
       22528        16384          89.718    738197504    184549376
       22528        32768         173.705   1476395008    369098752
       24576            1           6.302        49152        12288
       24576            2           5.731        98304        24576
       24576            4           4.799       196608        49152
       24576            8           6.873       393216        98304
       24576           16           4.729       786432       196608
       24576           32           6.873      1572864       393216
       24576           64           4.548      3145728       786432
       24576          128           5.150      6291456      1572864
       24576          256           6.402     12582912      3145728
       24576          512           7.084     25165824      6291456
       24576         1024           9.878     50331648     12582912
       24576         2048          14.738    100663296     25165824
       24576         4096          28.203    201326592     50331648
       24576         8192          45.375    402653184    100663296
       24576        16384          87.214    805306368    201326592
       24576        32768         168.075   1610612736    402653184
       26624            1           3.286        53248        13312
       26624            2           5.039       106496        26624
       26624            4           4.779       212992        53248
       26624            8           6.803       425984       106496
       26624           16           4.658       851968       212992
       26624           32           7.003      1703936       425984
       26624           64           5.000      3407872       851968
       26624          128           5.861      6815744      1703936
       26624          256           6.502     13631488      3407872
       26624          512           7.073     27262976      6815744
       26624         1024           9.708     54525952     13631488
       26624         2048          14.427    109051904     27262976
       26624         4096          25.658    218103808     54525952
       26624         8192          49.442    436207616    109051904
       26624        16384          87.955    872415232    218103808
       26624        32768         168.606   1744830464    436207616
       28672            1         390.401        57344        14336
       28672            2           5.029       114688        28672
       28672            4           4.488       229376        57344
       28672            8           6.933       458752       114688
       28672           16           4.949       917504       229376
       28672           32           5.781      1835008       458752
       28672           64           4.769      3670016       917504
       28672          128           5.501      7340032      1835008
       28672          256           6.492     14680064      3670016
       28672          512           7.414     29360128      7340032
       28672         1024           9.718     58720256     14680064
       28672         2048          14.888    117440512     29360128
       28672         4096          26.379    234881024     58720256
       28672         8192          44.914    469762048    117440512
       28672        16384          86.452    939524096    234881024
       28672        32768         170.179   1879048192    469762048
       30720            1          27.121        61440        15360
       30720            2           5.270       122880        30720
       30720            4           5.290       245760        61440
       30720            8           6.853       491520       122880
       30720           16           5.440       983040       245760
       30720           32           6.121      1966080       491520
       30720           64           4.729      3932160       983040
       30720          128           5.230      7864320      1966080
       30720          256           5.480     15728640      3932160
       30720          512           7.214     31457280      7864320
       30720         1024          10.139     62914560     15728640
       30720         2048          17.042    125829120     31457280
       30720         4096         125.695    251658240     62914560
       30720         8192          52.689    503316480    125829120
       30720        16384          98.314   1006632960    251658240
       30720        32768         198.511   2013265920    503316480
       33792            1           4.479        67584        16896
       33792            2           5.420       135168        33792
       33792            4           4.819       270336        67584
       33792            8           5.570       540672       135168
       33792           16           4.990      1081344       270336
       33792           32           6.061      2162688       540672
       33792           64         650.979      4325376      1081344
       33792          128           5.691      8650752      2162688
       33792          256           6.412     17301504      4325376
       33792          512           7.234     34603008      8650752
       33792         1024          10.800     69206016     17301504
       33792         2048          15.859    138412032     34603008
       33792         4096          28.162    276824064     69206016
       33792         8192          50.194    553648128    138412032
       33792        16384          96.019   1107296256    276824064
       33792        32768         198.832   2214592512    553648128
       36864            1          15.179        73728        18432
       36864            2           5.641       147456        36864
       36864            4           4.508       294912        73728
       36864            8           7.144       589824       147456
       36864           16           4.859      1179648       294912
       36864           32           6.392      2359296       589824
       36864           64           5.450      4718592      1179648
       36864          128           5.280      9437184      2359296
       36864          256           6.081     18874368      4718592
       36864          512           7.094     37748736      9437184
       36864         1024          10.450     75497472     18874368
       36864         2048          15.599    150994944     37748736
       36864         4096          27.682    301989888     75497472
       36864         8192          50.444    603979776    150994944
       36864        16384          95.489   1207959552    301989888
       36864        32768         196.798   2415919104    603979776
       39936            1          12.223        79872        19968
       39936            2           4.649       159744        39936
       39936            4           5.470       319488        79872
       39936            8           6.542       638976       159744
       39936           16           4.609      1277952       319488
       39936           32           6.533      2555904       638976
       39936           64           4.649      5111808      1277952
       39936          128           5.460     10223616      2555904
       39936          256           6.152     20447232      5111808
       39936          512           7.745     40894464     10223616
       39936         1024          11.612     81788928     20447232
       39936         2048          19.165    163577856     40894464
       39936         4096          40.486    327155712     81788928
       39936         8192          64.221    654311424    163577856
       39936        16384         123.752   1308622848    327155712
       39936        32768         258.434   2617245696    654311424
       43008            1          18.816        86016        21504
       43008            2           5.480       172032        43008
       43008            4           6.262       344064        86016
       43008            8           6.843       688128       172032
       43008           16           4.989      1376256       344064
       43008           32           7.294      2752512       688128
       43008           64           4.879      5505024      1376256
       43008          128           5.651     11010048      2752512
       43008          256           5.631     22020096      5505024
       43008          512           7.895     44040192     11010048
       43008         1024          11.171     88080384     22020096
       43008         2048          16.972    176160768     44040192
       43008         4096          29.946    352321536     88080384
       43008         8192          56.296    704643072    176160768
       43008        16384         108.734   1409286144    352321536
       47104            1          10.179        94208        23552
       47104            2           4.919       188416        47104
       47104            4           6.102       376832        94208
       47104            8           5.110       753664       188416
       47104           16           6.072      1507328       376832
       47104           32           5.451      3014656       753664
       47104           64           7.154      6029312      1507328
       47104          128           5.571     12058624      3014656
       47104          256          41.718     24117248      6029312
       47104          512           8.355     48234496     12058624
       47104         1024          11.101     96468992     24117248
       47104         2048          21.090    192937984     48234496
       47104         4096          32.230    385875968     96468992
       47104         8192          60.764    771751936    192937984
       47104        16384         115.025   1543503872    385875968
       51200            1           8.256       102400        25600
       51200            2          13.295       204800        51200
       51200            4          17.533       409600       102400
       51200            8           8.696       819200       204800
       51200           16          14.668      1638400       409600
       51200           32          13.034      3276800       819200
       51200           64           7.194      6553600      1638400
       51200          128           6.933     13107200      3276800
       51200          256           9.578     26214400      6553600
       51200          512          12.994     52428800     13107200
       51200         1024          11.001    104857600     26214400
       51200         2048          18.845    209715200     52428800
       51200         4096          33.483    419430400    104857600
       51200         8192          77.906    838860800    209715200
       51200        16384         120.606   1677721600    419430400
       56320            1          25.327       112640        28160
       56320            2           8.015       225280        56320
       56320            4           6.051       450560       112640
       56320            8           5.330       901120       225280
       56320           16           4.478      1802240       450560
       56320           32           4.809      3604480       901120
       56320           64           6.062      7208960      1802240
       56320          128           5.480     14417920      3604480
       56320          256           9.428     28835840      7208960
       56320          512           9.047     57671680     14417920
       56320         1024          12.443    115343360     28835840
       56320         2048          20.659    230686720     57671680
       56320         4096          37.240    461373440    115343360
       56320         8192          72.565    922746880    230686720
       56320        16384         142.056   1845493760    461373440
       61440            1          16.090       122880        30720
       61440            2           4.869       245760        61440
       61440            4           6.652       491520       122880
       61440            8           4.929       983040       245760
       61440           16           5.721      1966080       491520
       61440           32           5.100      3932160       983040
       61440           64           5.040      7864320      1966080
       61440          128           6.452     15728640      3932160
       61440          256          11.682     31457280      7864320
       61440          512           9.838     62914560     15728640
       61440         1024          11.461    125829120     31457280
       61440         2048          19.566    251658240     62914560
       61440         4096          33.483    503316480    125829120
       61440         8192          62.316   1006632960    251658240
       61440        16384         123.852   2013265920    503316480
       67584            1          11.191       135168        33792
       67584            2           6.552       270336        67584
       67584            4           8.737       540672       135168
       67584            8           6.682      1081344       270336
       67584           16           5.019      2162688       540672
       67584           32           4.618      4325376      1081344
       67584           64           4.990      8650752      2162688
       67584          128           6.172     17301504      4325376
       67584          256           7.874     34603008      8650752
       67584          512         282.879     69206016     17301504
       67584         1024          16.952    138412032     34603008
       67584         2048          23.454    276824064     69206016
       67584         4096          43.040    553648128    138412032
       67584         8192          80.280   1107296256    276824064
       67584        16384         153.808   2214592512    553648128
       73728            1          31.629       147456        36864
       73728            2           4.569       294912        73728
       73728            4           7.204       589824       147456
       73728            8           5.560      1179648       294912
       73728           16           6.793      2359296       589824
       73728           32           4.859      4718592      1179648
       73728           64           5.540      9437184      2359296
       73728          128           5.801     18874368      4718592
       73728          256           6.793     37748736      9437184
       73728          512          10.499     75497472     18874368
       73728         1024          12.704    150994944     37748736
       73728         2048          22.452    301989888     75497472
       73728         4096          37.070    603979776    150994944
       73728         8192          70.262   1207959552    301989888
       73728        16384         135.915   2415919104    603979776
       80896            1          10.260       161792        40448
       80896            2           4.719       323584        80896
       80896            4           6.282       647168       161792
       80896            8           7.865      1294336       323584
       80896           16           4.879      2588672       647168
       80896           32           5.821      5177344      1294336
       80896           64           5.310     10354688      2588672
       80896          128           5.871     20709376      5177344
       80896          256           7.564     41418752     10354688
       80896          512          12.794     82837504     20709376
       80896         1024          90.509    165675008     41418752
       80896         2048          27.141    331350016     82837504
       80896         4096          50.575    662700032    165675008
       80896         8192          96.070   1325400064    331350016
       80896        16384         188.774   2650800128    662700032
       88064            1          10.880       176128        44032
       88064            2           5.200       352256        88064
       88064            4           5.510       704512       176128
       88064            8           5.119      1409024       352256
       88064           16           7.865      2818048       704512
       88064           32           4.548      5636096      1409024
       88064           64           6.022     11272192      2818048
       88064          128           6.011     22544384      5636096
       88064          256           7.674     45088768     11272192
       88064          512          11.021     90177536     22544384
       88064         1024          16.821    180355072     45088768
       88064         2048          30.717    360710144     90177536
       88064         4096          55.805    721420288    180355072
       88064         8192         107.992   1442840576    360710144
       96256            1          16.612       192512        48128
       96256            2           5.811       385024        96256
       96256            4           7.333       770048       192512
       96256            8           4.188      1540096       385024
       96256           16           5.931      3080192       770048
       96256           32           4.418      6160384      1540096
       96256           64           7.023     12320768      3080192
       96256          128           6.522     24641536      6160384
       96256          256           8.506     49283072     12320768
       96256          512          11.211     98566144     24641536
       96256         1024          18.394    197132288     49283072
       96256         2048          31.429    394264576     98566144
       96256         4096          59.962    788529152    197132288
       96256         8192         115.787   1577058304    394264576
      105472            1          17.794       210944        52736
      105472            2           7.273       421888       105472
      105472            4           5.130       843776       210944
      105472            8           4.980      1687552       421888
      105472           16           4.458      3375104       843776
      105472           32           5.129      6750208      1687552
      105472           64           5.540     13500416      3375104
      105472          128           6.603     27000832      6750208
      105472          256           8.506     54001664     13500416
      105472          512          12.734    108003328     27000832
      105472         1024          23.313    216006656     54001664
      105472         2048          39.163    432013312    108003328
      105472         4096          74.991    864026624    216006656
      105472         8192         151.584   1728053248    432013312
      115712            1          18.274       231424        57856
      115712            2           5.790       462848       115712
      115712            4           5.220       925696       231424
      115712            8           7.925      1851392       462848
      115712           16           4.288      3702784       925696
      115712           32           5.280      7405568      1851392
      115712           64           5.360     14811136      3702784
      115712          128           6.262     29622272      7405568
      115712          256           7.644     59244544     14811136
      115712          512          11.892    118489088     29622272
      115712         1024          19.216    236978176     59244544
      115712         2048          31.839    473956352    118489088
      115712         4096          75.621    947912704    236978176
      115712         8192         115.897   1895825408    473956352
      126976            1          12.784       253952        63488
      126976            2           4.489       507904       126976
      126976            4           5.079      1015808       253952
      126976            8           6.632      2031616       507904
      126976           16           4.979      4063232      1015808
      126976           32           6.532      8126464      2031616
      126976           64           5.400     16252928      4063232
      126976          128           6.873     32505856      8126464
      126976          256           7.985     65011712     16252928
      126976          512          11.452    130023424     32505856
      126976         1024          18.114    260046848     65011712
      126976         2048          35.336    520093696    130023424
      126976         4096          61.024   1040187392    260046848
      126976         8192         120.496   2080374784    520093696
      139264            1          19.276       278528        69632
      139264            2          10.490       557056       139264
      139264            4          25.208      1114112       278528
      139264            8          13.775      2228224       557056
      139264           16           3.646      4456448      1114112
      139264           32           6.101      8912896      2228224
      139264           64           5.190     17825792      4456448
      139264          128          10.479     35651584      8912896
      139264          256          11.482     71303168     17825792
      139264          512          12.072    142606336     35651584
      139264         1024          19.667    285212672     71303168
      139264         2048          34.705    570425344    142606336
      139264         4096          65.843   1140850688    285212672
      139264         8192         126.236   2281701376    570425344
      152576            1           9.779       305152        76288
      152576            2          14.887       610304       152576
      152576            4          12.563      1220608       305152
      152576            8           8.135      2441216       610304
      152576           16          14.597      4882432      1220608
      152576           32          24.887      9764864      2441216
      152576           64          19.015     19529728      4882432
      152576          128           7.955     39059456      9764864
      152576          256          13.916     78118912     19529728
      152576          512          14.738    156237824     39059456
      152576         1024          20.930    312475648     78118912
      152576         2048          38.823    624951296    156237824
      152576         4096          73.688   1249902592    312475648
      152576         8192         145.522   2499805184    624951296
      166912            1           8.155       333824        83456
      166912            2           6.973       667648       166912
      166912            4          13.916      1335296       333824
      166912            8          24.616      2670592       667648
      166912           16          11.822      5341184      1335296
      166912           32           4.058     10682368      2670592
      166912           64          14.978     21364736      5341184
      166912          128          20.097     42729472     10682368
      166912          256          11.622     85458944     21364736
      166912          512          16.491    170917888     42729472
      166912         1024          24.085    341835776     85458944
      166912         2048          45.976    683671552    170917888
      166912         4096          83.817   1367343104    341835776
      183296            1           8.185       366592        91648
      183296            2           4.869       733184       183296
      183296            4           4.999      1466368       366592
      183296            8           8.035      2932736       733184
      183296           16           6.132      5865472      1466368
      183296           32           7.404     11730944      2932736
      183296           64           5.851     23461888      5865472
      183296          128          19.457     46923776     11730944
      183296          256          13.335     93847552     23461888
      183296          512          26.309    187695104     46923776
      183296         1024          33.923    375390208     93847552
      183296         2048          71.514    750780416    187695104
      183296         4096          96.470   1501560832    375390208
      200704            1           6.041       401408       100352
      200704            2           7.273       802816       200704
      200704            4          24.826      1605632       401408
      200704            8           5.811      3211264       802816
      200704           16           5.460      6422528      1605632
      200704           32           5.330     12845056      3211264
      200704           64           6.202     25690112      6422528
      200704          128           7.745     51380224     12845056
      200704          256          10.851    102760448     25690112
      200704          512          15.970    205520896     51380224
      200704         1024          29.696    411041792    102760448
      200704         2048          50.094    822083584    205520896
      200704         4096         101.110   1644167168    411041792
      220160            1           9.438       440320       110080
      220160            2           4.709       880640       220160
      220160            4           6.773      1761280       440320
      220160            8           5.420      3522560       880640
      220160           16           8.997      7045120      1761280
      220160           32           5.300     14090240      3522560
      220160           64           7.554     28180480      7045120
      220160          128          11.491     56360960     14090240
      220160          256          10.851    112721920     28180480
      220160          512          17.092    225443840     56360960
      220160         1024          29.355    450887680    112721920
      220160         2048          75.211    901775360    225443840
      220160         4096         105.187   1803550720    450887680
      241664            1          12.544       483328       120832
      241664            2           7.705       966656       241664
      241664            4           6.643      1933312       483328
      241664            8          11.491      3866624       966656
      241664           16          12.864      7733248      1933312
      241664           32           8.135     15466496      3866624
      241664           64          13.065     30932992      7733248
      241664          128          10.981     61865984     15466496
      241664          256          11.121    123731968     30932992
      241664          512          17.853    247463936     61865984
      241664         1024          31.418    494927872    123731968
      241664         2048          58.049    989855744    247463936
      241664         4096         114.314   1979711488    494927872
      265216            1          10.570       530432       132608
      265216            2          13.034      1060864       265216
      265216            4           8.205      2121728       530432
      265216            8          11.501      4243456      1060864
      265216           16          17.753      8486912      2121728
      265216           32           4.608     16973824      4243456
      265216           64          14.086     33947648      8486912
      265216          128          19.447     67895296     16973824
      265216          256          17.803    135790592     33947648
      265216          512          27.031    271581184     67895296
      265216         1024          40.526    543162368    135790592
      265216         2048          68.508   1086324736    271581184
      265216         4096         126.647   2172649472    543162368
      290816            1          16.831       581632       145408
      290816            2          14.357      1163264       290816
      290816            4          16.701      2326528       581632
      290816            8          11.311      4653056      1163264
      290816           16           6.312      9306112      2326528
      290816           32           8.846     18612224      4653056
      290816           64          17.452     37224448      9306112
      290816          128           6.893     74448896     18612224
      290816          256          22.252    148897792     37224448
      290816          512          30.367    297795584     74448896
      290816         1024          45.114    595591168    148897792
      290816         2048          73.488   1191182336    297795584
      290816         4096         137.958   2382364672    595591168
      319488            1           7.774       638976       159744
      319488            2          13.896      1277952       319488
      319488            4          14.277      2555904       638976
      319488            8           5.811      5111808      1277952
      319488           16           6.122     10223616      2555904
      319488           32           8.086     20447232      5111808
      319488           64          14.497     40894464     10223616
      319488          128          15.389     81788928     20447232
      319488          256          22.622    163577856     40894464
      319488          512          30.337    327155712     81788928
      319488         1024          48.891    654311424    163577856
      319488         2048          80.160   1308622848    327155712
      319488         4096         147.045   2617245696    654311424
      351232            1          14.277       702464       175616
      351232            2          16.311      1404928       351232
      351232            4          16.070      2809856       702464
      351232            8          11.351      5619712      1404928
      351232           16           5.310     11239424      2809856
      351232           32           6.492     22478848      5619712
      351232           64          19.998     44957696     11239424
      351232          128          16.561     89915392     22478848
      351232          256          21.120    179830784     44957696
      351232          512          26.199    359661568     89915392
      351232         1024          56.876    719323136    179830784
      351232         2048          87.003   1438646272    359661568
      386048            1          15.419       772096       193024
      386048            2           4.678      1544192       386048
      386048            4           5.982      3088384       772096
      386048            8          15.840      6176768      1544192
      386048           16          15.719     12353536      3088384
      386048           32          14.407     24707072      6176768
      386048           64           7.935     49414144     12353536
      386048          128          16.050     98828288     24707072
      386048          256          19.968    197656576     49414144
      386048          512          35.727    395313152     98828288
      386048         1024          71.254    790626304    197656576
      386048         2048         109.375   1581252608    395313152
      423936            1           8.516       847872       211968
      423936            2           6.181      1695744       423936
      423936            4          10.860      3391488       847872
      423936            8           5.420      6782976      1695744
      423936           16           9.578     13565952      3391488
      423936           32           7.303     27131904      6782976
      423936           64          19.787     54263808     13565952
      423936          128          10.570    108527616     27131904
      423936          256          20.628    217055232     54263808
      423936          512          41.668    434110464    108527616
      423936         1024          63.268    868220928    217055232
      423936         2048         111.989   1736441856    434110464
      465920            1          27.171       931840       232960
      465920            2           6.322      1863680       465920
      465920            4           6.242      3727360       931840
      465920            8           6.652      7454720      1863680
      465920           16           8.285     14909440      3727360
      465920           32           6.683     29818880      7454720
      465920           64          13.024     59637760     14909440
      465920          128          12.083    119275520     29818880
      465920          256          20.338    238551040     59637760
      465920          512          36.959    477102080    119275520
      465920         1024          65.573    954204160    238551040
      465920         2048         121.317   1908408320    477102080
      512000            1          20.839      1024000       256000
      512000            2           9.869      2048000       512000
      512000            4           8.827      4096000      1024000
      512000            8           9.107      8192000      2048000
      512000           16           5.601     16384000      4096000
      512000           32           8.386     32768000      8192000
      512000           64          15.580     65536000     16384000
      512000          128          12.043    131072000     32768000
      512000          256          26.179    262144000     65536000
      512000          512          33.744    524288000    131072000
      512000         1024          63.900   1048576000    262144000
      512000         2048         128.581   2097152000    524288000
      563200            1          25.368      1126400       281600
      563200            2          14.287      2252800       563200
      563200            4          13.886      4505600      1126400
      563200            8           4.348      9011200      2252800
      563200           16          16.782     18022400      4505600
      563200           32           9.698     36044800      9011200
      563200           64          13.635     72089600     18022400
      563200          128          15.720    144179200     36044800
      563200          256          29.716    288358400     72089600
      563200          512          60.784    576716800    144179200
      563200         1024          73.718   1153433600    288358400
      563200         2048         139.331   2306867200    576716800
      619520            1          14.588      1239040       309760
      619520            2           7.143      2478080       619520
      619520            4          17.262      4956160      1239040
      619520            8           5.620      9912320      2478080
      619520           16          15.699     19824640      4956160
      619520           32           6.221     39649280      9912320
      619520           64          20.829     79298560     19824640
      619520          128          26.229    158597120     39649280
      619520          256          26.910    317194240     79298560
      619520          512          41.548    634388480    158597120
      619520         1024         366.687   1268776960    317194240
      619520         2048         149.070   2537553920    634388480
      680960            1          12.644      1361920       340480
      680960            2           5.741      2723840       680960
      680960            4          10.350      5447680      1361920
      680960            8           5.410     10895360      2723840
      680960           16           6.652     21790720      5447680
      680960           32          13.886     43581440     10895360
      680960           64          11.852     87162880     21790720
      680960          128          14.948    174325760     43581440
      680960          256          24.466    348651520     87162880
      680960          512          43.130    697303040    174325760
      680960         1024          87.654   1394606080    348651520
      748544            1          11.281      1497088       374272
      748544            2          10.549      2994176       748544
      748544            4          11.311      5988352      1497088
      748544            8          17.853     11976704      2994176
      748544           16          24.486     23953408      5988352
      748544           32          18.053     47906816     11976704
      748544           64          19.587     95813632     23953408
      748544          128          25.668    191627264     47906816
      748544          256          38.001    383254528     95813632
      748544          512          52.419    766509056    191627264
      748544         1024         111.469   1533018112    383254528
      823296            1          10.489      1646592       411648
      823296            2           4.889      3293184       823296
      823296            4           7.695      6586368      1646592
      823296            8          13.876     13172736      3293184
      823296           16           7.124     26345472      6586368
      823296           32           7.214     52690944     13172736
      823296           64          10.299    105381888     26345472
      823296          128          25.989    210763776     52690944
      823296          256          39.353    421527552    105381888
      823296          512          61.756    843055104    210763776
      823296         1024         105.898   1686110208    421527552
      905216            1          17.333      1810432       452608
      905216            2           9.248      3620864       905216
      905216            4           5.670      7241728      1810432
      905216            8           6.321     14483456      3620864
      905216           16           6.562     28966912      7241728
      905216           32          11.101     57933824     14483456
      905216           64          10.810    115867648     28966912
      905216          128          18.655    231735296     57933824
      905216          256          29.856    463470592    115867648
      905216          512          57.097    926941184    231735296
      905216         1024         119.033   1853882368    463470592
      995328            1          25.869      1990656       497664
      995328            2           6.713      3981312       995328
      995328            4           9.528      7962624      1990656
      995328            8           8.435     15925248      3981312
      995328           16           6.903     31850496      7962624
      995328           32          11.281     63700992     15925248
      995328           64          11.502    127401984     31850496
      995328          128          19.096    254803968     63700992
      995328          256          33.272    509607936    127401984
      995328          512          64.200   1019215872    254803968
      995328         1024         119.914   2038431744    509607936
     1094656            1         540.622      2189312       547328
     1094656            2           8.937      4378624      1094656
     1094656            4           5.340      8757248      2189312
     1094656            8           6.813     17514496      4378624
     1094656           16           7.464     35028992      8757248
     1094656           32           9.357     70057984     17514496
     1094656           64          13.295    140115968     35028992
     1094656          128          20.188    280231936     70057984
     1094656          256          37.069    560463872    140115968
     1094656          512          66.494   1120927744    280231936
     1094656         1024         597.869   2241855488    560463872
     1203200            1          22.582      2406400       601600
     1203200            2           5.630      4812800      1203200
     1203200            4           7.223      9625600      2406400
     1203200            8           6.693     19251200      4812800
     1203200           16           8.095     38502400      9625600
     1203200           32           8.877     77004800     19251200
     1203200           64          14.727    154009600     38502400
     1203200          128          21.671    308019200     77004800
     1203200          256          38.903    616038400    154009600
     1203200          512          73.397   1232076800    308019200
     1203200         1024         143.248   2464153600    616038400
     1323008            1          34.074      2646016       661504
     1323008            2           5.069      5292032      1323008
     1323008            4           6.372     10584064      2646016
     1323008            8           5.521     21168128      5292032
     1323008           16           7.303     42336256     10584064
     1323008           32           9.838     84672512     21168128
     1323008           64          13.956    169345024     42336256
     1323008          128          23.374    338690048     84672512
     1323008          256          41.498    677380096    169345024
     1323008          512          78.407   1354760192    338690048
     1323008         1024         151.694   2709520384    677380096
     1455104            1          26.620      2910208       727552
     1455104            2           5.470      5820416      1455104
     1455104            4           6.583     11640832      2910208
     1455104            8           7.103     23281664      5820416
     1455104           16           7.855     46563328     11640832
     1455104           32          11.001     93126656     23281664
     1455104           64          14.898    186253312     46563328
     1455104          128          26.630    372506624     93126656
     1455104          256          45.205    745013248    186253312
     1455104          512          91.170   1490026496    372506624
     1600512            1          38.702      3201024       800256
     1600512            2           5.491      6402048      1600512
     1600512            4           7.474     12804096      3201024
     1600512            8           6.462     25608192      6402048
     1600512           16           9.808     51216384     12804096
     1600512           32          10.519    102432768     25608192
     1600512           64          17.252    204865536     51216384
     1600512          128          28.533    409731072    102432768
     1600512          256          59.562    819462144    204865536
     1600512          512          99.817   1638924288    409731072
     1760256            1         496.600      3520512       880128
     1760256            2           6.322      7041024      1760256
     1760256            4           6.021     14082048      3520512
     1760256            8           8.506     28164096      7041024
     1760256           16           8.025     56328192     14082048
     1760256           32          11.361    112656384     28164096
     1760256           64          17.853    225312768     56328192
     1760256          128          29.004    450625536    112656384
     1760256          256          56.666    901251072    225312768
     1760256          512         105.247   1802502144    450625536
     1935360            1          28.443      3870720       967680
     1935360            2           5.961      7741440      1935360
     1935360            4           8.436     15482880      3870720
     1935360            8           6.592     30965760      7741440
     1935360           16           8.927     61931520     15482880
     1935360           32          12.042    123863040     30965760
     1935360           64          17.943    247726080     61931520
     1935360          128          33.031    495452160    123863040
     1935360          256          58.810    990904320    247726080
     1935360          512         114.634   1981808640    495452160
     2128896            1          22.522      4257792      1064448
     2128896            2           8.045      8515584      2128896
     2128896            4          10.389     17031168      4257792
     2128896            8           7.665     34062336      8515584
     2128896           16           9.027     68124672     17031168
     2128896           32          12.293    136249344     34062336
     2128896           64          23.003    272498688     68124672
     2128896          128          34.996    544997376    136249344
     2128896          256          97.052   1089994752    272498688
     2128896          512         123.412   2179989504    544997376
     2340864            1          37.480      4681728      1170432
     2340864            2           8.325      9363456      2340864
     2340864            4           7.474     18726912      4681728
     2340864            8           8.626     37453824      9363456
     2340864           16          10.319     74907648     18726912
     2340864           32          14.517    149815296     37453824
     2340864           64          21.170    299630592     74907648
     2340864          128          38.192    599261184    149815296
     2340864          256          69.941   1198522368    299630592
     2340864          512         157.565   2397044736    599261184
     2574336            1          46.156      5148672      1287168
     2574336            2           5.510     10297344      2574336
     2574336            4           8.275     20594688      5148672
     2574336            8           7.404     41189376     10297344
     2574336           16         529.762     82378752     20594688
     2574336           32          15.288    164757504     41189376
     2574336           64          23.314    329515008     82378752
     2574336          128          40.445    659030016    164757504
     2574336          256          77.215   1318060032    329515008
     2574336          512         150.302   2636120064    659030016
     2831360            1          32.251      5662720      1415680
     2831360            2           7.384     11325440      2831360
     2831360            4           6.842     22650880      5662720
     2831360            8           8.206     45301760     11325440
     2831360           16          10.239     90603520     22650880
     2831360           32          14.658    181207040     45301760
     2831360           64          25.658    362414080     90603520
     2831360          128          44.763    724828160    181207040
     2831360          256          85.460   1449656320    362414080
     3113984            1          49.684      6227968      1556992
     3113984            2           9.648     12455936      3113984
     3113984            4           7.334     24911872      6227968
     3113984            8           9.448     49823744     12455936
     3113984           16          11.532     99647488     24911872
     3113984           32          15.739    199294976     49823744
     3113984           64          27.772    398589952     99647488
     3113984          128          48.842    797179904    199294976
     3113984          256          92.654   1594359808    398589952
     3425280            1          35.747      6850560      1712640
     3425280            2           6.662     13701120      3425280
     3425280            4           6.783     27402240      6850560
     3425280            8           8.456     54804480     13701120
     3425280           16          11.381    109608960     27402240
     3425280           32          17.072    219217920     54804480
     3425280           64          30.507    438435840    109608960
     3425280          128          53.250    876871680    219217920
     3425280          256         101.831   1753743360    438435840
     3767296            1          50.424      7534592      1883648
     3767296            2           8.285     15069184      3767296
     3767296            4           8.897     30138368      7534592
     3767296            8           9.268     60276736     15069184
     3767296           16          13.615    120553472     30138368
     3767296           32          17.803    241106944     60276736
     3767296           64          33.683    482213888    120553472
     3767296          128         637.163    964427776    241106944
     3767296          256         111.038   1928855552    482213888
     4143104            1          49.132      8286208      2071552
     4143104            2           7.113     16572416      4143104
     4143104            4           7.784     33144832      8286208
     4143104            8           9.227     66289664     16572416
     4143104           16          14.507    132579328     33144832
     4143104           32          20.068    265158656     66289664
     4143104           64          40.346    530317312    132579328
     4143104          128          64.571   1060634624    265158656
     4143104          256         123.691   2121269248    530317312
     4556800            1          42.299      9113600      2278400
     4556800            2           8.516     18227200      4556800
     4556800            4          11.091     36454400      9113600
     4556800            8          10.880     72908800     18227200
     4556800           16          17.262    145817600     36454400
     4556800           32          26.640    291635200     72908800
     4556800           64          48.671    583270400    145817600
     4556800          128          88.316   1166540800    291635200
     4556800          256         170.569   2333081600    583270400
     5012480            1          39.524     10024960      2506240
     5012480            2           7.705     20049920      5012480
     5012480            4          10.469     40099840     10024960
     5012480            8          11.612     80199680     20049920
     5012480           16          18.675    160399360     40099840
     5012480           32          29.245    320798720     80199680
     5012480           64          54.592    641597440    160399360
     5012480          128         567.223   1283194880    320798720
     5012480          256         201.878   2566389760    641597440
     5513216            1          78.467     11026432      2756608
     5513216            2           7.915     22052864      5513216
     5513216            4          10.550     44105728     11026432
     5513216            8          12.814     88211456     22052864
     5513216           16          20.117    176422912     44105728
     5513216           32          31.820    352845824     88211456
     5513216           64          57.628    705691648    176422912
     5513216          128         114.695   1411383296    352845824
     6064128            1          48.991     12128256      3032064
     6064128            2          11.742     24256512      6064128
     6064128            4          10.159     48513024     12128256
     6064128            8          16.421     97026048     24256512
     6064128           16          20.399    194052096     48513024
     6064128           32          34.795    388104192     97026048
     6064128           64          67.868    776208384    194052096
     6064128          128         133.891   1552416768    388104192
     6670336            1          51.486     13340672      3335168
     6670336            2           8.286     26681344      6670336
     6670336            4          11.962     53362688     13340672
     6670336            8          14.417    106725376     26681344
     6670336           16          23.774    213450752     53362688
     6670336           32          37.289    426901504    106725376
     6670336           64          68.698    853803008    213450752
     6670336          128         132.478   1707606016    426901504
     7336960            1          59.842     14673920      3668480
     7336960            2           9.828     29347840      7336960
     7336960            4          11.100     58695680     14673920
     7336960            8          19.757    117391360     29347840
     7336960           16          25.047    234782720     58695680
     7336960           32          42.249    469565440    117391360
     7336960           64          75.100    939130880    234782720
     7336960          128         155.331   1878261760    469565440
     8070144            1          69.680     16140288      4035072
     8070144            2          12.182     32280576      8070144
     8070144            4          14.597     64561152     16140288
     8070144            8          17.202    129122304     32280576
     8070144           16          26.118    258244608     64561152
     8070144           32          47.830    516489216    129122304
     8070144           64          83.096   1032978432    258244608
     8070144          128         171.100   2065956864    516489216
     8877056            1          82.875     17754112      4438528
     8877056            2          12.173     35508224      8877056
     8877056            4          14.697     71016448     17754112
     8877056            8          20.899    142032896     35508224
     8877056           16          28.433    284065792     71016448
     8877056           32          48.430    568131584    142032896
     8877056           64          88.536   1136263168    284065792
     8877056          128         174.126   2272526336    568131584
     9763840            1         109.605     19527680      4881920
     9763840            2          11.231     39055360      9763840
     9763840            4          15.339     78110720     19527680
     9763840            8          19.216    156221440     39055360
     9763840           16          33.853    312442880     78110720
     9763840           32          54.852    624885760    156221440
     9763840           64         101.601   1249771520    312442880
     9763840          128         197.099   2499543040    624885760
    10739712            1          82.685     21479424      5369856
    10739712            2          12.493     42958848     10739712
    10739712            4          14.016     85917696     21479424
    10739712            8          23.043    171835392     42958848
    10739712           16          32.291    343670784     85917696
    10739712           32          57.688    687341568    171835392
    10739712           64         122.339   1374683136    343670784
    11812864            1          93.094     23625728      5906432
    11812864            2          11.912     47251456     11812864
    11812864            4          15.379     94502912     23625728
    11812864            8          23.534    189005824     47251456
    11812864           16          35.557    378011648     94502912
    11812864           32          62.958    756023296    189005824
    11812864           64         118.011   1512046592    378011648
    12993536            1         108.232     25987072      6496768
    12993536            2          13.485     51974144     12993536
    12993536            4          16.000    103948288     25987072
    12993536            8          24.787    207896576     51974144
    12993536           16          37.470    415793152    103948288
    12993536           32          75.101    831586304    207896576
    12993536           64         148.107   1663172608    415793152
    14291968            1         126.627     28583936      7145984
    14291968            2          17.683     57167872     14291968
    14291968            4          20.388    114335744     28583936
    14291968            8          30.077    228671488     57167872
    14291968           16          41.928    457342976    114335744
    14291968           32          75.291    914685952    228671488
    14291968           64         141.015   1829371904    457342976
    15720448            1         114.354     31440896      7860224
    15720448            2          15.860     62881792     15720448
    15720448            4          19.076    125763584     31440896
    15720448            8          27.642    251527168     62881792
    15720448           16          56.826    503054336    125763584
    15720448           32          85.280   1006108672    251527168
    15720448           64         156.023   2012217344    503054336
    17292288            1         124.523     34584576      8646144
    17292288            2          14.437     69169152     17292288
    17292288            4          20.879    138338304     34584576
    17292288            8          28.683    276676608     69169152
    17292288           16          53.861    553353216    138338304
    17292288           32          94.427   1106706432    276676608
    17292288           64         174.837   2213412864    553353216
    19020800            1         161.403     38041600      9510400
    19020800            2          17.092     76083200     19020800
    19020800            4          24.095    152166400     38041600
    19020800            8          32.481    304332800     76083200
    19020800           16          54.812    608665600    152166400
    19020800           32         105.778   1217331200    304332800
    19020800           64         187.842   2434662400    608665600
    20922368            1         119.574     41844736     10461184
    20922368            2          17.512     83689472     20922368
    20922368            4          26.039    167378944     41844736
    20922368            8          35.236    334757888     83689472
    20922368           16          63.359    669515776    167378944
    20922368           32         110.948   1339031552    334757888
    20922368           64         213.780   2678063104    669515776
    23014400            1         185.347     46028800     11507200
    23014400            2          21.190     92057600     23014400
    23014400            4          26.870    184115200     46028800
    23014400            8          38.953    368230400     92057600
    23014400           16          67.226    736460800    184115200
    23014400           32         120.375   1472921600    368230400
    25315328            1         191.168     50630656     12657664
    25315328            2          21.030    101261312     25315328
    25315328            4          94.577    202522624     50630656
    25315328            8          43.992    405045248    101261312
    25315328           16          71.454    810090496    202522624
    25315328           32         132.398   1620180992    405045248
    27846656            1         209.242     55693312     13923328
    27846656            2          23.414    111386624     27846656
    27846656            4          30.778    222773248     55693312
    27846656            8          49.012    445546496    111386624
    27846656           16         176.441    891092992    222773248
    27846656           32         143.589   1782185984    445546496
    30630912            1         228.398     61261824     15315456
    30630912            2          24.376    122523648     30630912
    30630912            4          32.350    245047296     61261824
    30630912            8          49.483    490094592    122523648
    30630912           16         102.291    980189184    245047296
    30630912           32         156.503   1960378368    490094592
    33693696            1         246.031     67387392     16846848
    33693696            2          30.276    134774784     33693696
    33693696            4          31.880    269549568     67387392
    33693696            8          54.582    539099136    134774784
    33693696           16          92.714   1078198272    269549568
    33693696           32         191.769   2156396544    539099136
    37062656            1         263.544     74125312     18531328
    37062656            2          44.704    148250624     37062656
    37062656            4          49.803    296501248     74125312
    37062656            8          59.742    593002496    148250624
    37062656           16         102.813   1186004992    296501248
    37062656           32         205.626   2372009984    593002496
    40768512            1         293.310     81537024     20384256
    40768512            2          41.157    163074048     40768512
    40768512            4          55.664    326148096     81537024
    40768512            8          66.375    652296192    163074048
    40768512           16         112.461   1304592384    326148096
    40768512           32         229.209   2609184768    652296192
    44845056            1         323.877     89690112     22422528
    44845056            2          47.108    179380224     44845056
    44845056            4          66.444    358760448     89690112
    44845056            8          75.501    717520896    179380224
    44845056           16         138.469   1435041792    358760448
    49329152            1         349.063     98658304     24664576
    49329152            2          49.844    197316608     49329152
    49329152            4          48.611    394633216     98658304
    49329152            8          82.825    789266432    197316608
    49329152           16         405.139   1578532864    394633216
    54261760            1         392.445    108523520     27130880
    54261760            2          59.642    217047040     54261760
    54261760            4          53.310    434094080    108523520
    54261760            8         102.993    868188160    217047040
    54261760           16         163.006   1736376320    434094080
    59687936            1         432.931    119375872     29843968
    59687936            2          68.458    238751744     59687936
    59687936            4          70.282    477503488    119375872
    59687936            8          96.330    955006976    238751744
    59687936           16         177.082   1910013952    477503488
    65655808            1         469.790    131311616     32827904
    65655808            2          85.991    262623232     65655808
    65655808            4          76.403    525246464    131311616
    65655808            8         123.411   1050492928    262623232
    65655808           16         226.995   2100985856    525246464
    72220672            1         522.940    144441344     36110336
    72220672            2         103.534    288882688     72220672
    72220672            4          85.571    577765376    144441344
    72220672            8         146.755   1155530752    288882688
    72220672           16         263.744   2311061504    577765376
    79441920            1         582.571    158883840     39720960
    79441920            2         128.872    317767680     79441920
    79441920            4         108.303    635535360    158883840
    79441920            8         191.819   1271070720    317767680
    79441920           16         316.523   2542141440    635535360
    87386112            1         606.516    174772224     43693056
    87386112            2         160.811    349544448     87386112
    87386112            4         161.883    699088896    174772224
    87386112            8         239.538   1398177792    349544448
    96123904            1         664.335    192247808     48061952
    96123904            2         175.359    384495616     96123904
    96123904            4         184.295    768991232    192247808
    96123904            8         281.808   1537982464    384495616
   105736192            1         733.854    211472384     52868096
   105736192            2         205.175    422944768    105736192
   105736192            4         202.780    845889536    211472384
   105736192            8         328.215   1691779072    422944768
   116308992            1         808.815    232617984     58154496
   116308992            2         253.004    465235968    116308992
   116308992            4         237.424    930471936    232617984
   116308992            8         352.220   1860943872    465235968
   127939584            1         898.643    255879168     63969792
   127939584            2         262.351    511758336    127939584
   127939584            4         284.352   1023516672    255879168
   127939584            8         453.790   2047033344    511758336
   140733440            1        1156.557    281466880     70366720
   140733440            2         278.081    562933760    140733440
   140733440            4         304.099   1125867520    281466880
   140733440            8         450.885   2251735040    562933760
   154806272            1        1323.690    309612544     77403136
   154806272            2         299.641    619225088    154806272
   154806272            4         322.183   1238450176    309612544
   154806272            8         588.652   2476900352    619225088
   170286080            1        1438.816    340572160     85143040
   170286080            2         307.466    681144320    170286080
   170286080            4         355.747   1362288640    340572160
   187314176            1        1333.658    374628352     93657088
   187314176            2         570.980    749256704    187314176
   187314176            4         376.025   1498513408    374628352
   206045184            1        1472.949    412090368    103022592
   206045184            2         363.541    824180736    206045184
   206045184            4         399.368   1648361472    412090368
   226649088            1        1611.569    453298176    113324544
   226649088            2         378.780    906596352    226649088
   226649088            4         455.473   1813192704    453298176
   249313280            1        1747.193    498626560    124656640
   249313280            2         425.838    997253120    249313280
   249313280            4         475.421   1994506240    498626560
   274244608            1        1955.022    548489216    137122304
   274244608            2         442.008   1096978432    274244608
   274244608            4         532.448   2193956864    548489216
   301668352            1        2144.437    603336704    150834176
   301668352            2         508.923   1206673408    301668352
   301668352            4         592.130   2413346816    603336704
   331834368            1        2343.550    663668736    165917184
   331834368            2         554.539   1327337472    331834368
   331834368            4         696.986   2654674944    663668736
   365017088            1        2545.248    730034176    182508544
   365017088            2         605.634   1460068352    365017088
   401518592            1        2853.405    803037184    200759296
   401518592            2         651.761   1606074368    401518592
   441669632            1        3123.712    883339264    220834816
   441669632            2         801.812   1766678528    441669632
   485835776            1        3454.381    971671552    242917888
   485835776            2        1038.285   1943343104    485835776
   534418432            1        3735.307   1068836864    267209216
   534418432            2        1705.826   2137673728    534418432
   587859968            1        4091.033   1175719936    293929984
   587859968            2        2977.859   2351439872    587859968
   646645760            1        4558.900   1293291520    323322880
   646645760            2        5394.455   2586583040    646645760
   711310336            1        4947.818   1422620672    355655168
   782440448            1        5479.305   1564880896    391220224
   860684288            1        5979.761   1721368576    430342144
   946752512            1        9252.081   1893505024    473376256
  1041427456            1        7200.278   2082854912    520713728
  1145569280            1        7929.324   2291138560    572784640
  1260126208            1        8706.259   2520252416    630063104

META_DATA
FLOPS          4
MPI_PROCS      128
ERT_VERSION  1.1.0
HOSTNAME  ('tcn299.local.snellius.surf.nl', [], ['172.18.57.53'])
UNAME  uname_result(system='Linux', node='tcn299.local.snellius.surf.nl', release='4.18.0-372.80.1.el8_6.x86_64', version='#1 SMP Fri Nov 3 14:30:16 EDT 2023', machine='x86_64', processor='x86_64')
TIMESTAMP_DATA  1707397446.8879929
CONFIG  {'ERT_RESULTS': ['Results.snellius.01'], 'ERT_DRIVER': ['driver1'], 'ERT_KERNEL': ['kernel1'], 'ERT_MPI': ['True'], 'ERT_MPI_CFLAGS': [], 'ERT_MPI_LDFLAGS': [], 'ERT_OPENMP': ['False'], 'ERT_OPENMP_CFLAGS': ['-fopenmp'], 'ERT_OPENMP_LDFLAGS': ['-fopenmp'], 'ERT_FLOPS': ['1,2,4,8,16,32'], 'ERT_ALIGN': ['32'], 'ERT_CC': ['mpic++'], 'ERT_CFLAGS': ['-Ofast', '-fargument-noalias', '-mavx2'], 'ERT_LD': ['mpic++'], 'ERT_LDFLAGS': [], 'ERT_LDLIBS': [], 'ERT_RUN': ['export', 'OMP_NUM_THREADS=ERT_OPENMP_THREADS;', 'mpirun', '-np', 'ERT_MPI_PROCS', 'ERT_CODE'], 'ERT_PROCS_THREADS': ['32,64,128'], 'ERT_MPI_PROCS': ['32,64,128'], 'ERT_OPENMP_THREADS': [], 'ERT_NUM_EXPERIMENTS': ['5'], 'ERT_MEMORY_MAX': ['1357905920'], 'ERT_WORKING_SET_MIN': ['1'], 'ERT_TRIALS_MIN': ['1'], 'ERT_GNUPLOT': ['gnuplot'], 'ERT_GPU': [False], 'ERT_HIP': [False], 'ERT_PRECISION': ['FP64'], 'ERT_OCL': [False], 'ERT_SYCL': [False], 'ERT_WSS_MULT': [1.1]}
