fp64
        1024            1           4.278         2048          512
        1024            2           3.697         4096         1024
        1024            4          12.403         8192         2048
        1024            8           4.859        16384         4096
        1024           16           8.536        32768         8192
        1024           32           4.959        65536        16384
        1024           64           4.900       131072        32768
        1024          128           5.570       262144        65536
        1024          256           5.821       524288       131072
        1024          512           7.183      1048576       262144
        1024         1024           8.906      2097152       524288
        1024         2048          14.377      4194304      1048576
        1024         4096          23.283      8388608      2097152
        1024         8192          47.268     16777216      4194304
        1024        16384          79.559     33554432      8388608
        1024        32768         156.794     67108864     16777216
        1024        65536         321.162    134217728     33554432
        1024       131072         615.082    268435456     67108864
        1024       262144        1239.302    536870912    134217728
        1024       524288        3022.592   1073741824    268435456
        1024      1048576      109578.267   2147483648    536870912
        2048            1           8.726         4096         1024
        2048            2           5.260         8192         2048
        2048            4           5.961        16384         4096
        2048            8          36.719        32768         8192
        2048           16           4.578        65536        16384
        2048           32           4.618       131072        32768
        2048           64           7.313       262144        65536
        2048          128           4.528       524288       131072
        2048          256           5.690      1048576       262144
        2048          512           7.414      2097152       524288
        2048         1024          10.129      4194304      1048576
        2048         2048          14.938      8388608      2097152
        2048         4096          22.252     16777216      4194304
        2048         8192          41.127     33554432      8388608
        2048        16384          76.824     67108864     16777216
        2048        32768         152.045    134217728     33554432
        2048        65536         298.860    268435456     67108864
        2048       131072         611.205    536870912    134217728
        2048       262144        1635.153   1073741824    268435456
        2048       524288        2975.914   2147483648    536870912
        3072            1          26.530         6144         1536
        3072            2           4.489        12288         3072
        3072            4           5.711        24576         6144
        3072            8           4.809        49152        12288
        3072           16           5.981        98304        24576
        3072           32           4.920       196608        49152
        3072           64           4.969       393216        98304
        3072          128           4.318       786432       196608
        3072          256           5.400      1572864       393216
        3072          512           7.595      3145728       786432
        3072         1024          10.199      6291456      1572864
        3072         2048          14.517     12582912      3145728
        3072         4096          24.376     25165824      6291456
        3072         8192          46.718     50331648     12582912
        3072        16384         136.476    100663296     25165824
        3072        32768         156.103    201326592     50331648
        3072        65536         312.566    402653184    100663296
        3072       131072         623.649    805306368    201326592
        3072       262144        1232.929   1610612736    402653184
        4096            1           7.474         8192         2048
        4096            2           4.779        16384         4096
        4096            4           5.831        32768         8192
        4096            8           4.959        65536        16384
        4096           16           5.901       131072        32768
        4096           32           4.488       262144        65536
        4096           64           5.490       524288       131072
        4096          128           5.180      1048576       262144
        4096          256           7.865      2097152       524288
        4096          512          72.536      4194304      1048576
        4096         1024          10.860      8388608      2097152
        4096         2048          15.799     16777216      4194304
        4096         4096          24.055     33554432      8388608
        4096         8192          44.653     67108864     16777216
        4096        16384          82.915    134217728     33554432
        4096        32768         165.791    268435456     67108864
        4096        65536         319.228    536870912    134217728
        4096       131072         647.152   1073741824    268435456
        4096       262144        1272.854   2147483648    536870912
        5120            1           5.400        10240         2560
        5120            2           5.500        20480         5120
        5120            4           5.450        40960        10240
        5120            8           6.262        81920        20480
        5120           16           5.049       163840        40960
        5120           32           5.019       327680        81920
        5120           64           5.691       655360       163840
        5120          128           5.240      1310720       327680
        5120          256           5.200      2621440       655360
        5120          512           6.622      5242880      1310720
        5120         1024          11.231     10485760      2621440
        5120         2048          13.716     20971520      5242880
        5120         4096          25.177     41943040     10485760
        5120         8192          44.243     83886080     20971520
        5120        16384          84.528    167772160     41943040
        5120        32768         160.921    335544320     83886080
        5120        65536         319.899    671088640    167772160
        5120       131072         639.167   1342177280    335544320
        5120       262144        1272.144   2684354560    671088640
        6144            1           8.135        12288         3072
        6144            2           4.829        24576         6144
        6144            4           6.131        49152        12288
        6144            8           4.689        98304        24576
        6144           16           4.258       196608        49152
        6144           32           5.531       393216        98304
        6144           64           5.010       786432       196608
        6144          128           6.372      1572864       393216
        6144          256           5.500      3145728       786432
        6144          512           8.005      6291456      1572864
        6144         1024           9.097     12582912      3145728
        6144         2048          14.187     25165824      6291456
        6144         4096          23.634     50331648     12582912
        6144         8192          43.111    100663296     25165824
        6144        16384          82.304    201326592     50331648
        6144        32768         161.262    402653184    100663296
        6144        65536         328.215    805306368    201326592
        6144       131072         639.879   1610612736    402653184
        7168            1          12.544        14336         3584
        7168            2           4.699        28672         7168
        7168            4           5.811        57344        14336
        7168            8           5.119       114688        28672
        7168           16           4.900       229376        57344
        7168           32           5.230       458752       114688
        7168           64           4.609       917504       229376
        7168          128           8.106      1835008       458752
        7168          256           5.801      3670016       917504
        7168          512           7.334      7340032      1835008
        7168         1024          10.419     14680064      3670016
        7168         2048          14.447     29360128      7340032
        7168         4096          23.935     58720256     14680064
        7168         8192          43.372    117440512     29360128
        7168        16384          82.074    234881024     58720256
        7168        32768         161.502    469762048    117440512
        7168        65536         406.011    939524096    234881024
        7168       131072         635.220   1879048192    469762048
        8192            1         415.348        16384         4096
        8192            2           5.711        32768         8192
        8192            4           4.869        65536        16384
        8192            8           7.965       131072        32768
        8192           16           4.659       262144        65536
        8192           32           5.210       524288       131072
        8192           64           4.558      1048576       262144
        8192          128           5.951      2097152       524288
        8192          256           5.921      4194304      1048576
        8192          512           7.104      8388608      2097152
        8192         1024           9.428     16777216      4194304
        8192         2048          14.146     33554432      8388608
        8192         4096          26.760     67108864     16777216
        8192         8192          44.364    134217728     33554432
        8192        16384          85.951    268435456     67108864
        8192        32768         170.279    536870912    134217728
        8192        65536         326.201   1073741824    268435456
        8192       131072         641.322   2147483648    536870912
        9216            1           8.756        18432         4608
        9216            2           6.061        36864         9216
        9216            4           4.920        73728        18432
        9216            8           8.135       147456        36864
        9216           16           4.689       294912        73728
        9216           32           5.410       589824       147456
        9216           64           6.062      1179648       294912
        9216          128           5.109      2359296       589824
        9216          256           5.781      4718592      1179648
        9216          512           7.144      9437184      2359296
        9216         1024          10.380     18874368      4718592
        9216         2048          14.477     37748736      9437184
        9216         4096          24.546     75497472     18874368
        9216         8192          43.922    150994944     37748736
        9216        16384         103.404    301989888     75497472
        9216        32768         209.322    603979776    150994944
        9216        65536         328.886   1207959552    301989888
        9216       131072         726.942   2415919104    603979776
       10240            1           8.566        20480         5120
       10240            2           9.207        40960        10240
       10240            4           5.009        81920        20480
       10240            8           5.320       163840        40960
       10240           16           6.642       327680        81920
       10240           32           4.769       655360       163840
       10240           64           5.470      1310720       327680
       10240          128           5.049      2621440       655360
       10240          256           5.731      5242880      1310720
       10240          512           6.883     10485760      2621440
       10240         1024           9.758     20971520      5242880
       10240         2048          14.207     41943040     10485760
       10240         4096          24.206     83886080     20971520
       10240         8192          72.175    167772160     41943040
       10240        16384          83.336    335544320     83886080
       10240        32768         167.894    671088640    167772160
       10240        65536         324.638   1342177280    335544320
       10240       131072         656.730   2684354560    671088640
       11264            1          27.852        22528         5632
       11264            2           5.310        45056        11264
       11264            4           5.680        90112        22528
       11264            8           4.980       180224        45056
       11264           16           5.961       360448        90112
       11264           32           4.779       720896       180224
       11264           64           5.961      1441792       360448
       11264          128           5.320      2883584       720896
       11264          256           6.832      5767168      1441792
       11264          512           7.403     11534336      2883584
       11264         1024           9.327     23068672      5767168
       11264         2048          14.097     46137344     11534336
       11264         4096          26.500     92274688     23068672
       11264         8192          44.043    184549376     46137344
       11264        16384          85.530    369098752     92274688
       11264        32768         164.979    738197504    184549376
       11264        65536         324.778   1476395008    369098752
       12288            1          14.096        24576         6144
       12288            2           4.358        49152        12288
       12288            4           4.629        98304        24576
       12288            8           4.969       196608        49152
       12288           16           4.499       393216        98304
       12288           32           6.322       786432       196608
       12288           64           5.240      1572864       393216
       12288          128           5.511      3145728       786432
       12288          256           5.400      6291456      1572864
       12288          512           6.823     12582912      3145728
       12288         1024          10.249     25165824      6291456
       12288         2048          13.976     50331648     12582912
       12288         4096          25.007    100663296     25165824
       12288         8192          44.223    201326592     50331648
       12288        16384          84.368    402653184    100663296
       12288        32768         175.228    805306368    201326592
       12288        65536         327.794   1610612736    402653184
       13312            1           8.766        26624         6656
       13312            2           4.679        53248        13312
       13312            4           7.023       106496        26624
       13312            8           5.199       212992        53248
       13312           16           7.544       425984       106496
       13312           32           4.659       851968       212992
       13312           64           6.583      1703936       425984
       13312          128           4.869      3407872       851968
       13312          256         374.322      6815744      1703936
       13312          512           7.754     13631488      3407872
       13312         1024           9.127     27262976      6815744
       13312         2048          15.008     54525952     13631488
       13312         4096          24.015    109051904     27262976
       13312         8192          48.440    218103808     54525952
       13312        16384          84.258    436207616    109051904
       13312        32768         163.296    872415232    218103808
       13312        65536         369.211   1744830464    436207616
       14336            1          23.764        28672         7168
       14336            2          84.658        57344        14336
       14336            4           5.410       114688        28672
       14336            8           6.753       229376        57344
       14336           16           5.441       458752       114688
       14336           32           5.580       917504       229376
       14336           64           5.070      1835008       458752
       14336          128           5.009      3670016       917504
       14336          256           4.939      7340032      1835008
       14336          512           6.633     14680064      3670016
       14336         1024          10.049     29360128      7340032
       14336         2048          14.407     58720256     14680064
       14336         4096          26.740    117440512     29360128
       14336         8192         367.909    234881024     58720256
       14336        16384          83.676    469762048    117440512
       14336        32768         165.010    939524096    234881024
       14336        65536         325.310   1879048192    469762048
       15360            1          21.400        30720         7680
       15360            2           4.468        61440        15360
       15360            4           7.103       122880        30720
       15360            8           4.699       245760        61440
       15360           16           5.591       491520       122880
       15360           32           4.449       983040       245760
       15360           64           4.869      1966080       491520
       15360          128           5.501      3932160       983040
       15360          256           5.851      7864320      1966080
       15360          512           9.247     15728640      3932160
       15360         1024           9.147     31457280      7864320
       15360         2048          15.900     62914560     15728640
       15360         4096          24.266    125829120     31457280
       15360         8192          44.644    251658240     62914560
       15360        16384          84.458    503316480    125829120
       15360        32768         515.275   1006632960    251658240
       15360        65536         323.185   2013265920    503316480
       16384            1          12.223        32768         8192
       16384            2           5.771        65536        16384
       16384            4           5.120       131072        32768
       16384            8           7.474       262144        65536
       16384           16           5.249       524288       131072
       16384           32           5.490      1048576       262144
       16384           64           4.960      2097152       524288
       16384          128           5.280      4194304      1048576
       16384          256           6.753      8388608      2097152
       16384          512           6.803     16777216      4194304
       16384         1024          11.041     33554432      8388608
       16384         2048          14.738     67108864     16777216
       16384         4096          24.656    134217728     33554432
       16384         8192          44.313    268435456     67108864
       16384        16384         115.596    536870912    134217728
       16384        32768         167.554   1073741824    268435456
       16384        65536         664.625   2147483648    536870912
       17408            1           9.948        34816         8704
       17408            2           4.398        69632        17408
       17408            4           8.376       139264        34816
       17408            8           4.378       278528        69632
       17408           16           4.628       557056       139264
       17408           32           4.388      1114112       278528
       17408           64           4.669      2228224       557056
       17408          128           5.810      4456448      1114112
       17408          256           5.280      8912896      2228224
       17408          512           8.195     17825792      4456448
       17408         1024           9.668     35651584      8912896
       17408         2048          14.737     71303168     17825792
       17408         4096          24.606    142606336     35651584
       17408         8192          67.757    285212672     71303168
       17408        16384          84.258    570425344    142606336
       17408        32768         179.486   1140850688    285212672
       17408        65536         330.328   2281701376    570425344
       18432            1           8.596        36864         9216
       18432            2           6.412        73728        18432
       18432            4           4.168       147456        36864
       18432            8           5.310       294912        73728
       18432           16           5.701       589824       147456
       18432           32           4.308      1179648       294912
       18432           64           5.571      2359296       589824
       18432          128           4.679      4718592      1179648
       18432          256           7.885      9437184      2359296
       18432          512           6.883     18874368      4718592
       18432         1024           9.648     37748736      9437184
       18432         2048          16.752     75497472     18874368
       18432         4096          26.600    150994944     37748736
       18432         8192          48.080    301989888     75497472
       18432        16384          84.648    603979776    150994944
       18432        32768         189.335   1207959552    301989888
       18432        65536         334.947   2415919104    603979776
       19456            1          13.916        38912         9728
       19456            2           4.779        77824        19456
       19456            4           5.450       155648        38912
       19456            8           4.759       311296        77824
       19456           16           5.039       622592       155648
       19456           32           5.921      1245184       311296
       19456           64           4.498      2490368       622592
       19456          128           6.813      4980736      1245184
       19456          256           5.741      9961472      2490368
       19456          512           7.484     19922944      4980736
       19456         1024           9.488     39845888      9961472
       19456         2048          15.369     79691776     19922944
       19456         4096          24.907    159383552     39845888
       19456         8192          45.345    318767104     79691776
       19456        16384          87.714    637534208    159383552
       19456        32768         218.259   1275068416    318767104
       19456        65536         332.913   2550136832    637534208
       20480            1          14.177        40960        10240
       20480            2           4.598        81920        20480
       20480            4           4.258       163840        40960
       20480            8           4.849       327680        81920
       20480           16           6.703       655360       163840
       20480           32           4.889      1310720       327680
       20480           64           7.834      2621440       655360
       20480          128           5.009      5242880      1310720
       20480          256           5.831     10485760      2621440
       20480          512           7.835     20971520      5242880
       20480         1024           9.598     41943040     10485760
       20480         2048          14.477     83886080     20971520
       20480         4096          24.115    167772160     41943040
       20480         8192          45.896    335544320     83886080
       20480        16384          84.639    671088640    167772160
       20480        32768         167.073   1342177280    335544320
       20480        65536         333.936   2684354560    671088640
       22528            1           4.859        45056        11264
       22528            2           5.129        90112        22528
       22528            4           4.638       180224        45056
       22528            8           5.240       360448        90112
       22528           16           5.320       720896       180224
       22528           32           7.033      1441792       360448
       22528           64           4.739      2883584       720896
       22528          128           5.570      5767168      1441792
       22528          256           6.001     11534336      2883584
       22528          512           6.863     23068672      5767168
       22528         1024           9.948     46137344     11534336
       22528         2048          14.568     92274688     23068672
       22528         4096          26.239    184549376     46137344
       22528         8192          47.309    369098752     92274688
       22528        16384          92.534    738197504    184549376
       22528        32768         812.722   1476395008    369098752
       24576            1          41.147        49152        12288
       24576            2           4.469        98304        24576
       24576            4           4.789       196608        49152
       24576            8           7.254       393216        98304
       24576           16           3.847       786432       196608
       24576           32           6.462      1572864       393216
       24576           64           5.260      3145728       786432
       24576          128           5.180      6291456      1572864
       24576          256           5.781     12582912      3145728
       24576          512           7.534     25165824      6291456
       24576         1024          10.370     50331648     12582912
       24576         2048          14.267    100663296     25165824
       24576         4096          25.709    201326592     50331648
       24576         8192          45.265    402653184    100663296
       24576        16384          88.135    805306368    201326592
       24576        32768         168.726   1610612736    402653184
       26624            1           8.916        53248        13312
       26624            2           5.430       106496        26624
       26624            4           5.600       212992        53248
       26624            8           8.005       425984       106496
       26624           16           4.930       851968       212992
       26624           32           5.400      1703936       425984
       26624           64           4.589      3407872       851968
       26624          128           5.490      6815744      1703936
       26624          256           6.312     13631488      3407872
       26624          512           6.903     27262976      6815744
       26624         1024          10.249     54525952     13631488
       26624         2048          14.787    109051904     27262976
       26624         4096          25.538    218103808     54525952
       26624         8192          45.334    436207616    109051904
       26624        16384          88.736    872415232    218103808
       26624        32768         168.757   1744830464    436207616
       28672            1           9.097        57344        14336
       28672            2           4.218       114688        28672
       28672            4           4.598       229376        57344
       28672            8           8.075       458752       114688
       28672           16           5.420       917504       229376
       28672           32           7.164      1835008       458752
       28672           64           4.598      3670016       917504
       28672          128           5.090      7340032      1835008
       28672          256           5.791     14680064      3670016
       28672          512           6.762     29360128      7340032
       28672         1024          10.149     58720256     14680064
       28672         2048          14.657    117440512     29360128
       28672         4096          27.041    234881024     58720256
       28672         8192          45.686    469762048    117440512
       28672        16384          93.435    939524096    234881024
       28672        32768         169.799   1879048192    469762048
       30720            1           6.292        61440        15360
       30720            2           9.438       122880        30720
       30720            4           5.350       245760        61440
       30720            8           6.802       491520       122880
       30720           16           4.498       983040       245760
       30720           32           7.714      1966080       491520
       30720           64           5.531      3932160       983040
       30720          128           5.651      7864320      1966080
       30720          256           6.181     15728640      3932160
       30720          512           8.055     31457280      7864320
       30720         1024          10.239     62914560     15728640
       30720         2048          16.691    125829120     31457280
       30720         4096          30.217    251658240     62914560
       30720         8192          56.807    503316480    125829120
       30720        16384         106.039   1006632960    251658240
       30720        32768         210.585   2013265920    503316480
       33792            1           5.410        67584        16896
       33792            2           4.598       135168        33792
       33792            4           4.749       270336        67584
       33792            8           6.913       540672       135168
       33792           16           4.338      1081344       270336
       33792           32           7.424      2162688       540672
       33792           64           5.029      4325376      1081344
       33792          128           5.250      8650752      2162688
       33792          256           8.386     17301504      4325376
       33792          512           7.584     34603008      8650752
       33792         1024           9.899     69206016     17301504
       33792         2048          16.030    138412032     34603008
       33792         4096          27.040    276824064     69206016
       33792         8192          49.903    553648128    138412032
       33792        16384          99.457   1107296256    276824064
       33792        32768         202.650   2214592512    553648128
       36864            1           8.646        73728        18432
       36864            2           5.671       147456        36864
       36864            4           4.458       294912        73728
       36864            8           7.083       589824       147456
       36864           16           4.799      1179648       294912
       36864           32           6.492      2359296       589824
       36864           64           5.440      4718592      1179648
       36864          128           5.791      9437184      2359296
       36864          256           6.663     18874368      4718592
       36864          512           7.514     37748736      9437184
       36864         1024           9.899     75497472     18874368
       36864         2048          15.669    150994944     37748736
       36864         4096          28.193    301989888     75497472
       36864         8192          51.206    603979776    150994944
       36864        16384         112.852   1207959552    301989888
       36864        32768         225.532   2415919104    603979776
       39936            1           9.087        79872        19968
       39936            2           5.129       159744        39936
       39936            4           5.360       319488        79872
       39936            8           6.562       638976       159744
       39936           16           4.769      1277952       319488
       39936           32           6.692      2555904       638976
       39936           64           4.529      5111808      1277952
       39936          128           5.279     10223616      2555904
       39936          256           6.492     20447232      5111808
       39936          512           8.385     40894464     10223616
       39936         1024          11.161     81788928     20447232
       39936         2048          18.885    163577856     40894464
       39936         4096          33.994    327155712     81788928
       39936         8192          65.723    654311424    163577856
       39936        16384         129.482   1308622848    327155712
       39936        32768         255.368   2617245696    654311424
       43008            1           9.868        86016        21504
       43008            2           4.920       172032        43008
       43008            4           4.649       344064        86016
       43008            8           6.171       688128       172032
       43008           16           4.839      1376256       344064
       43008           32           6.181      2752512       688128
       43008           64           4.709      5505024      1376256
       43008          128           5.441     11010048      2752512
       43008          256           5.731     22020096      5505024
       43008          512           7.374     44040192     11010048
       43008         1024          10.930     88080384     22020096
       43008         2048          17.302    176160768     44040192
       43008         4096          30.767    352321536     88080384
       43008         8192          57.418    704643072    176160768
       43008        16384         114.284   1409286144    352321536
       47104            1           9.077        94208        23552
       47104            2          12.093       188416        47104
       47104            4          10.249       376832        94208
       47104            8           7.113       753664       188416
       47104           16           8.045      1507328       376832
       47104           32           4.458      3014656       753664
       47104           64           6.682      6029312      1507328
       47104          128           7.164     12058624      3014656
       47104          256           6.752     24117248      6029312
       47104          512           7.734     48234496     12058624
       47104         1024          11.812     96468992     24117248
       47104         2048          19.627    192937984     48234496
       47104         4096          33.874    385875968     96468992
       47104         8192          66.714    771751936    192937984
       47104        16384         127.299   1543503872    385875968
       51200            1          12.043       102400        25600
       51200            2           4.689       204800        51200
       51200            4           4.929       409600       102400
       51200            8           6.091       819200       204800
       51200           16           4.758      1638400       409600
       51200           32           4.469      3276800       819200
       51200           64           4.389      6553600      1638400
       51200          128          19.297     13107200      3276800
       51200          256           6.121     26214400      6553600
       51200          512           8.225     52428800     13107200
       51200         1024          11.241    104857600     26214400
       51200         2048          18.906    209715200     52428800
       51200         4096          32.982    419430400    104857600
       51200         8192          62.057    838860800    209715200
       51200        16384         121.287   1677721600    419430400
       56320            1          13.886       112640        28160
       56320            2           6.562       225280        56320
       56320            4           6.112       450560       112640
       56320            8           5.290       901120       225280
       56320           16           5.760      1802240       450560
       56320           32           4.609      3604480       901120
       56320           64           6.001      7208960      1802240
       56320          128           3.476     14417920      3604480
       56320          256           8.396     28835840      7208960
       56320          512           8.265     57671680     14417920
       56320         1024          13.415    115343360     28835840
       56320         2048          19.838    230686720     57671680
       56320         4096          60.072    461373440    115343360
       56320         8192          66.755    922746880    230686720
       56320        16384         126.557   1845493760    461373440
       61440            1          15.589       122880        30720
       61440            2           8.306       245760        61440
       61440            4           8.005       491520       122880
       61440            8           7.915       983040       245760
       61440           16           4.688      1966080       491520
       61440           32           5.360      3932160       983040
       61440           64           4.849      7864320      1966080
       61440          128          11.301     15728640      3932160
       61440          256           6.122     31457280      7864320
       61440          512           9.939     62914560     15728640
       61440         1024          11.782    125829120     31457280
       61440         2048          19.817    251658240     62914560
       61440         4096          36.438    503316480    125829120
       61440         8192          67.066   1006632960    251658240
       61440        16384         227.075   2013265920    503316480
       67584            1           9.417       135168        33792
       67584            2           6.202       270336        67584
       67584            4           9.488       540672       135168
       67584            8           8.015      1081344       270336
       67584           16           8.947      2162688       540672
       67584           32           7.745      4325376      1081344
       67584           64           5.520      8650752      2162688
       67584          128           5.180     17301504      4325376
       67584          256           7.243     34603008      8650752
       67584          512           8.216     69206016     17301504
       67584         1024          16.181    138412032     34603008
       67584         2048          24.395    276824064     69206016
       67584         4096          43.662    553648128    138412032
       67584         8192         103.254   1107296256    276824064
       67584        16384         161.543   2214592512    553648128
       73728            1           9.828       147456        36864
       73728            2           4.559       294912        73728
       73728            4           7.304       589824       147456
       73728            8           5.370      1179648       294912
       73728           16           7.183      2359296       589824
       73728           32           4.729      4718592      1179648
       73728           64           5.150      9437184      2359296
       73728          128           5.450     18874368      4718592
       73728          256          10.770     37748736      9437184
       73728          512           9.267     75497472     18874368
       73728         1024          12.453    150994944     37748736
       73728         2048          22.602    301989888     75497472
       73728         4096         119.694    603979776    150994944
       73728         8192          70.622   1207959552    301989888
       73728        16384         135.043   2415919104    603979776
       80896            1           4.839       161792        40448
       80896            2           4.839       323584        80896
       80896            4           6.372       647168       161792
       80896            8           8.075      1294336       323584
       80896           16           8.065      2588672       647168
       80896           32           6.523      5177344      1294336
       80896           64           5.660     10354688      2588672
       80896          128           6.211     20709376      5177344
       80896          256           7.344     41418752     10354688
       80896          512           9.929     82837504     20709376
       80896         1024          16.501    165675008     41418752
       80896         2048          27.371    331350016     82837504
       80896         4096          51.697    662700032    165675008
       80896         8192         442.709   1325400064    331350016
       80896        16384         191.889   2650800128    662700032
       88064            1           8.136       176128        44032
       88064            2           5.150       352256        88064
       88064            4           5.680       704512       176128
       88064            8           5.150      1409024       352256
       88064           16           6.752      2818048       704512
       88064           32           4.869      5636096      1409024
       88064           64           6.853     11272192      2818048
       88064          128           6.472     22544384      5636096
       88064          256           8.075     45088768     11272192
       88064          512          10.309     90177536     22544384
       88064         1024          17.293    180355072     45088768
       88064         2048          30.457    360710144     90177536
       88064         4096          55.644    721420288    180355072
       88064         8192         108.634   1442840576    360710144
       96256            1          11.822       192512        48128
       96256            2           5.129       385024        96256
       96256            4           6.091       770048       192512
       96256            8           5.150      1540096       385024
       96256           16           5.270      3080192       770048
       96256           32           4.989      6160384      1540096
       96256           64           7.825     12320768      3080192
       96256          128           6.722     24641536      6160384
       96256          256           9.087     49283072     12320768
       96256          512          11.382     98566144     24641536
       96256         1024          18.715    197132288     49283072
       96256         2048          31.559    394264576     98566144
       96256         4096          59.922    788529152    197132288
       96256         8192         116.268   1577058304    394264576
      105472            1          19.707       210944        52736
      105472            2           7.825       421888       105472
      105472            4           5.340       843776       210944
      105472            8           5.911      1687552       421888
      105472           16           5.491      3375104       843776
      105472           32           5.170      6750208      1687552
      105472           64           4.609     13500416      3375104
      105472          128           5.761     27000832      6750208
      105472          256           9.277     54001664     13500416
      105472          512          11.532    108003328     27000832
      105472         1024          18.835    216006656     54001664
      105472         2048          31.549    432013312    108003328
      105472         4096          60.313    864026624    216006656
      105472         8192         116.529   1728053248    432013312
      115712            1          14.307       231424        57856
      115712            2           6.622       462848       115712
      115712            4           4.628       925696       231424
      115712            8           8.175      1851392       462848
      115712           16           5.120      3702784       925696
      115712           32           5.179      7405568      1851392
      115712           64           5.159     14811136      3702784
      115712          128           6.653     29622272      7405568
      115712          256           7.704     59244544     14811136
      115712          512          11.322    118489088     29622272
      115712         1024          18.194    236978176     59244544
      115712         2048          31.489    473956352    118489088
      115712         4096          59.772    947912704    236978176
      115712         8192         113.232   1895825408    473956352
      126976            1          46.777       253952        63488
      126976            2           5.110       507904       126976
      126976            4           5.240      1015808       253952
      126976            8           8.426      2031616       507904
      126976           16           4.949      4063232      1015808
      126976           32           7.524      8126464      2031616
      126976           64           6.652     16252928      4063232
      126976          128           6.352     32505856      8126464
      126976          256           8.586     65011712     16252928
      126976          512          13.204    130023424     32505856
      126976         1024          19.396    260046848     65011712
      126976         2048          31.999    520093696    130023424
      126976         4096          61.365   1040187392    260046848
      126976         8192         128.140   2080374784    520093696
      139264            1          35.978       278528        69632
      139264            2           4.428       557056       139264
      139264            4           5.100      1114112       278528
      139264            8           4.719      2228224       557056
      139264           16           5.050      4456448      1114112
      139264           32           6.502      8912896      2228224
      139264           64           5.410     17825792      4456448
      139264          128           8.105     35651584      8912896
      139264          256           8.636     71303168     17825792
      139264          512          12.454    142606336     35651584
      139264         1024          19.507    285212672     71303168
      139264         2048          34.816    570425344    142606336
      139264         4096          73.307   1140850688    285212672
      139264         8192         126.467   2281701376    570425344
      152576            1          41.137       305152        76288
      152576            2           4.699       610304       152576
      152576            4           8.075      1220608       305152
      152576            8           5.009      2441216       610304
      152576           16           5.640      4882432      1220608
      152576           32           5.170      9764864      2441216
      152576           64           6.983     19529728      4882432
      152576          128           8.516     39059456      9764864
      152576          256           9.248     78118912     19529728
      152576          512          16.431    156237824     39059456
      152576         1024          23.374    312475648     78118912
      152576         2048          39.034    624951296    156237824
      152576         4096          73.848   1249902592    312475648
      152576         8192         142.547   2499805184    624951296
      166912            1          20.198       333824        83456
      166912            2           4.478       667648       166912
      166912            4           7.725      1335296       333824
      166912            8           5.340      2670592       667648
      166912           16           7.544      5341184      1335296
      166912           32           5.330     10682368      2670592
      166912           64           5.761     21364736      5341184
      166912          128           6.512     42729472     10682368
      166912          256           9.898     85458944     21364736
      166912          512          14.437    170917888     42729472
      166912         1024          23.665    341835776     85458944
      166912         2048          43.472    683671552    170917888
      166912         4096          80.290   1367343104    341835776
      183296            1          29.725       366592        91648
      183296            2          18.434       733184       183296
      183296            4           5.350      1466368       366592
      183296            8           6.181      2932736       733184
      183296           16           5.480      5865472      1466368
      183296           32           6.132     11730944      2932736
      183296           64           5.951     23461888      5865472
      183296          128           8.786     46923776     11730944
      183296          256           9.477     93847552     23461888
      183296          512          15.208    187695104     46923776
      183296         1024          24.906    375390208     93847552
      183296         2048          45.665    750780416    187695104
      183296         4096          87.734   1501560832    375390208
      200704            1         338.624       401408       100352
      200704            2           8.486       802816       200704
      200704            4           5.571      1605632       401408
      200704            8           5.079      3211264       802816
      200704           16           7.965      6422528      1605632
      200704           32           5.741     12845056      3211264
      200704           64           6.041     25690112      6422528
      200704          128           6.833     51380224     12845056
      200704          256          10.890    102760448     25690112
      200704          512          15.288    205520896     51380224
      200704         1024          27.742    411041792    102760448
      200704         2048          48.431    822083584    205520896
      200704         4096          97.723   1644167168    411041792
      220160            1          27.041       440320       110080
      220160            2           4.439       880640       220160
      220160            4           6.733      1761280       440320
      220160            8           5.039      3522560       880640
      220160           16           5.801      7045120      1761280
      220160           32           5.741     14090240      3522560
      220160           64           7.624     28180480      7045120
      220160          128           8.446     56360960     14090240
      220160          256          10.790    112721920     28180480
      220160          512          17.503    225443840     56360960
      220160         1024          29.315    450887680    112721920
      220160         2048          55.444    901775360    225443840
      220160         4096         103.894   1803550720    450887680
      241664            1          14.086       483328       120832
      241664            2           4.578       966656       241664
      241664            4           5.440      1933312       483328
      241664            8           5.440      3866624       966656
      241664           16           4.539      7733248      1933312
      241664           32           6.171     15466496      3866624
      241664           64           6.893     30932992      7733248
      241664          128           9.708     61865984     15466496
      241664          256          11.040    123731968     30932992
      241664          512          17.643    247463936     61865984
      241664         1024         558.056    494927872    123731968
      241664         2048          57.978    989855744    247463936
      241664         4096         109.646   1979711488    494927872
      265216            1          30.076       530432       132608
      265216            2           7.183      1060864       265216
      265216            4           5.871      2121728       530432
      265216            8           9.768      4243456      1060864
      265216           16           5.400      8486912      2121728
      265216           32           5.911     16973824      4243456
      265216           64           6.312     33947648      8486912
      265216          128           8.807     67895296     16973824
      265216          256          11.712    135790592     33947648
      265216          512          18.946    271581184     67895296
      265216         1024          34.755    543162368    135790592
      265216         2048          64.261   1086324736    271581184
      265216         4096         135.173   2172649472    543162368
      290816            1           8.516       581632       145408
      290816            2           4.980      1163264       290816
      290816            4           6.783      2326528       581632
      290816            8           5.630      4653056      1163264
      290816           16           6.302      9306112      2326528
      290816           32           5.982     18612224      4653056
      290816           64           7.023     37224448      9306112
      290816          128           9.017     74448896     18612224
      290816          256          12.543    148897792     37224448
      290816          512          20.198    297795584     74448896
      290816         1024          36.839    595591168    148897792
      290816         2048         566.621   1191182336    297795584
      290816         4096         131.877   2382364672    595591168
      319488            1          22.913       638976       159744
      319488            2           4.619      1277952       319488
      319488            4           5.430      2555904       638976
      319488            8           6.603      5111808      1277952
      319488           16           6.092     10223616      2555904
      319488           32           5.831     20447232      5111808
      319488           64           6.873     40894464     10223616
      319488          128          11.431     81788928     20447232
      319488          256          13.144    163577856     40894464
      319488          512          22.042    327155712     81788928
      319488         1024          37.801    654311424    163577856
      319488         2048          77.155   1308622848    327155712
      319488         4096         145.332   2617245696    654311424
      351232            1          23.524       702464       175616
      351232            2           6.432      1404928       351232
      351232            4           6.152      2809856       702464
      351232            8           8.265      5619712      1404928
      351232           16           5.300     11239424      2809856
      351232           32           6.452     22478848      5619712
      351232           64           6.853     44957696     11239424
      351232          128           9.197     89915392     22478848
      351232          256          14.918    179830784     44957696
      351232          512          24.005    359661568     89915392
      351232         1024          45.595    719323136    179830784
      351232         2048         601.837   1438646272    359661568
      386048            1         466.985       772096       193024
      386048            2           4.208      1544192       386048
      386048            4           6.222      3088384       772096
      386048            8           5.139      6176768      1544192
      386048           16           5.390     12353536      3088384
      386048           32           6.603     24707072      6176768
      386048           64           7.424     49414144     12353536
      386048          128          12.063     98828288     24707072
      386048          256          16.180    197656576     49414144
      386048          512          28.824    395313152     98828288
      386048         1024          55.183    790626304    197656576
      386048         2048         100.809   1581252608    395313152
      423936            1          36.990       847872       211968
      423936            2           4.839      1695744       423936
      423936            4           8.516      3391488       847872
      423936            8           5.380      6782976      1695744
      423936           16           6.412     13565952      3391488
      423936           32           6.241     27131904      6782976
      423936           64           8.286     54263808     13565952
      423936          128          11.211    108527616     27131904
      423936          256          16.791    217055232     54263808
      423936          512          31.038    434110464    108527616
      423936         1024          55.895    868220928    217055232
      423936         2048         610.804   1736441856    434110464
      465920            1          30.837       931840       232960
      465920            2           5.690      1863680       465920
      465920            4           5.360      3727360       931840
      465920            8           5.441      7454720      1863680
      465920           16           6.433     14909440      3727360
      465920           32           6.322     29818880      7454720
      465920           64           9.517     59637760     14909440
      465920          128          11.462    119275520     29818880
      465920          256          21.159    238551040     59637760
      465920          512          31.920    477102080    119275520
      465920         1024          59.542    954204160    238551040
      465920         2048         113.953   1908408320    477102080
      512000            1         337.192      1024000       256000
      512000            2           7.124      2048000       512000
      512000            4           5.470      4096000      1024000
      512000            8           7.865      8192000      2048000
      512000           16           5.911     16384000      4096000
      512000           32           6.833     32768000      8192000
      512000           64           9.047     65536000     16384000
      512000          128          12.113    131072000     32768000
      512000          256          19.657    262144000     65536000
      512000          512          34.074    524288000    131072000
      512000         1024          65.282   1048576000    262144000
      512000         2048         124.573   2097152000    524288000
      563200            1          23.233      1126400       281600
      563200            2           4.519      2252800       563200
      563200            4           5.450      4505600      1126400
      563200            8           6.492      9011200      2252800
      563200           16           5.751     18022400      4505600
      563200           32           7.504     36044800      9011200
      563200           64           8.196     72089600     18022400
      563200          128          13.916    144179200     36044800
      563200          256          20.779    288358400     72089600
      563200          512          38.021    576716800    144179200
      563200         1024          70.072   1153433600    288358400
      563200         2048         189.275   2306867200    576716800
      619520            1          45.805      1239040       309760
      619520            2           4.919      2478080       619520
      619520            4           6.993      4956160      1239040
      619520            8           5.249      9912320      2478080
      619520           16           7.193     19824640      4956160
      619520           32           6.693     39649280      9912320
      619520           64           8.807     79298560     19824640
      619520          128          13.986    158597120     39649280
      619520          256          22.042    317194240     79298560
      619520          512          41.759    634388480    158597120
      619520         1024          94.446   1268776960    317194240
      619520         2048         152.155   2537553920    634388480
      680960            1          28.573      1361920       340480
      680960            2           5.430      2723840       680960
      680960            4           5.440      5447680      1361920
      680960            8           5.450     10895360      2723840
      680960           16           8.296     21790720      5447680
      680960           32           7.163     43581440     10895360
      680960           64          10.950     87162880     21790720
      680960          128          14.637    174325760     43581440
      680960          256          26.750    348651520     87162880
      680960          512          43.642    697303040    174325760
      680960         1024          86.332   1394606080    348651520
      748544            1          16.010      1497088       374272
      748544            2           4.979      2994176       748544
      748544            4           9.578      5988352      1497088
      748544            8          13.916     11976704      2994176
      748544           16           7.714     23953408      5988352
      748544           32          10.149     47906816     11976704
      748544           64          10.600     95813632     23953408
      748544          128          15.970    191627264     47906816
      748544          256          25.938    383254528     95813632
      748544          512          46.768    766509056    191627264
      748544         1024          89.979   1533018112    383254528
      823296            1          11.812      1646592       411648
      823296            2           4.919      3293184       823296
      823296            4           6.863      6586368      1646592
      823296            8           5.831     13172736      3293184
      823296           16           6.412     26345472      6586368
      823296           32           7.695     52690944     13172736
      823296           64          10.149    105381888     26345472
      823296          128          17.492    210763776     52690944
      823296          256          28.674    421527552    105381888
      823296          512          69.491    843055104    210763776
      823296         1024          98.104   1686110208    421527552
      905216            1          16.651      1810432       452608
      905216            2           5.761      3620864       905216
      905216            4           5.611      7241728      1810432
      905216            8           6.101     14483456      3620864
      905216           16           6.242     28966912      7241728
      905216           32          10.771     57933824     14483456
      905216           64          10.850    115867648     28966912
      905216          128          21.190    231735296     57933824
      905216          256          30.147    463470592    115867648
      905216          512          58.940    926941184    231735296
      905216         1024         106.680   1853882368    463470592
      995328            1          24.786      1990656       497664
      995328            2          11.081      3981312       995328
      995328            4          11.071      7962624      1990656
      995328            8          11.151     15925248      3981312
      995328           16          13.315     31850496      7962624
      995328           32          12.674     63700992     15925248
      995328           64          12.433    127401984     31850496
      995328          128          19.016    254803968     63700992
      995328          256          35.597    509607936    127401984
      995328          512          61.725   1019215872    254803968
      995328         1024         118.763   2038431744    509607936
     1094656            1          13.054      2189312       547328
     1094656            2           8.265      4378624      1094656
     1094656            4           6.973      8757248      2189312
     1094656            8           6.543     17514496      4378624
     1094656           16          16.932     35028992      8757248
     1094656           32          25.157     70057984     17514496
     1094656           64          33.012    140115968     35028992
     1094656          128          28.985    280231936     70057984
     1094656          256          42.319    560463872    140115968
     1094656          512          70.121   1120927744    280231936
     1094656         1024         128.441   2241855488    560463872
     1203200            1          15.048      2406400       601600
     1203200            2           5.330      4812800      1203200
     1203200            4          16.691      9625600      2406400
     1203200            8           6.352     19251200      4812800
     1203200           16          13.987     38502400      9625600
     1203200           32          13.395     77004800     19251200
     1203200           64          14.548    154009600     38502400
     1203200          128          32.902    308019200     77004800
     1203200          256          49.723    616038400    154009600
     1203200          512          79.960   1232076800    308019200
     1203200         1024         141.656   2464153600    616038400
     1323008            1          20.439      2646016       661504
     1323008            2           5.290      5292032      1323008
     1323008            4           6.282     10584064      2646016
     1323008            8           6.412     21168128      5292032
     1323008           16          11.181     42336256     10584064
     1323008           32          18.214     84672512     21168128
     1323008           64          17.152    169345024     42336256
     1323008          128          31.840    338690048     84672512
     1323008          256          55.664    677380096    169345024
     1323008          512          90.129   1354760192    338690048
     1323008         1024         157.725   2709520384    677380096
     1455104            1          19.988      2910208       727552
     1455104            2           5.230      5820416      1455104
     1455104            4          13.615     11640832      2910208
     1455104            8          13.034     23281664      5820416
     1455104           16           7.794     46563328     11640832
     1455104           32          10.780     93126656     23281664
     1455104           64          14.928    186253312     46563328
     1455104          128          27.401    372506624     93126656
     1455104          256          46.737    745013248    186253312
     1455104          512         106.950   1490026496    372506624
     1600512            1          20.609      3201024       800256
     1600512            2           5.360      6402048      1600512
     1600512            4           6.101     12804096      3201024
     1600512            8           6.422     25608192      6402048
     1600512           16           8.706     51216384     12804096
     1600512           32          10.339    102432768     25608192
     1600512           64          17.172    204865536     51216384
     1600512          128          28.063    409731072    102432768
     1600512          256          49.433    819462144    204865536
     1600512          512          93.736   1638924288    409731072
     1760256            1          17.392      3520512       880128
     1760256            2           7.694      7041024      1760256
     1760256            4           6.693     14082048      3520512
     1760256            8          10.169     28164096      7041024
     1760256           16           8.205     56328192     14082048
     1760256           32          11.762    112656384     28164096
     1760256           64          17.543    225312768     56328192
     1760256          128          37.470    450625536    112656384
     1760256          256          60.153    901251072    225312768
     1760256          512         108.163   1802502144    450625536
     1935360            1          37.972      3870720       967680
     1935360            2          18.164      7741440      1935360
     1935360            4           8.125     15482880      3870720
     1935360            8          10.270     30965760      7741440
     1935360           16           8.336     61931520     15482880
     1935360           32          23.534    123863040     30965760
     1935360           64          18.424    247726080     61931520
     1935360          128          32.831    495452160    123863040
     1935360          256          66.625    990904320    247726080
     1935360          512         116.148   1981808640    495452160
     2128896            1          22.001      4257792      1064448
     2128896            2           6.011      8515584      2128896
     2128896            4           6.903     17031168      4257792
     2128896            8           7.915     34062336      8515584
     2128896           16          13.586     68124672     17031168
     2128896           32          16.721    136249344     34062336
     2128896           64          27.812    272498688     68124672
     2128896          128          38.472    544997376    136249344
     2128896          256          70.281   1089994752    272498688
     2128896          512         123.602   2179989504    544997376
     2340864            1          25.448      4681728      1170432
     2340864            2           6.272      9363456      2340864
     2340864            4           7.524     18726912      4681728
     2340864            8           7.454     37453824      9363456
     2340864           16           8.766     74907648     18726912
     2340864           32          15.469    149815296     37453824
     2340864           64          21.480    299630592     74907648
     2340864          128          74.690    599261184    149815296
     2340864          256          75.963   1198522368    299630592
     2340864          512         140.634   2397044736    599261184
     2574336            1          44.824      5148672      1287168
     2574336            2          10.540     10297344      2574336
     2574336            4          12.614     20594688      5148672
     2574336            8           7.745     41189376     10297344
     2574336           16          10.119     82378752     20594688
     2574336           32          22.152    164757504     41189376
     2574336           64         385.392    329515008     82378752
     2574336          128          39.765    659030016    164757504
     2574336          256          78.738   1318060032    329515008
     2574336          512         152.195   2636120064    659030016
     2831360            1          30.817      5662720      1415680
     2831360            2          10.309     11325440      2831360
     2831360            4           7.043     22650880      5662720
     2831360            8           8.857     45301760     11325440
     2831360           16          11.661     90603520     22650880
     2831360           32          15.278    181207040     45301760
     2831360           64          28.804    362414080     90603520
     2831360          128          44.093    724828160    181207040
     2831360          256          87.023   1449656320    362414080
     3113984            1          23.504      6227968      1556992
     3113984            2           8.095     12455936      3113984
     3113984            4           8.195     24911872      6227968
     3113984            8           8.817     49823744     12455936
     3113984           16          13.866     99647488     24911872
     3113984           32          14.497    199294976     49823744
     3113984           64          41.157    398589952     99647488
     3113984          128          58.911    797179904    199294976
     3113984          256          93.324   1594359808    398589952
     3425280            1          29.294      6850560      1712640
     3425280            2           9.508     13701120      3425280
     3425280            4           7.594     27402240      6850560
     3425280            8           8.245     54804480     13701120
     3425280           16          19.777    109608960     27402240
     3425280           32          20.619    219217920     54804480
     3425280           64          31.088    438435840    109608960
     3425280          128          52.037    876871680    219217920
     3425280          256         132.899   1753743360    438435840
     3767296            1          34.344      7534592      1883648
     3767296            2           6.351     15069184      3767296
     3767296            4           8.025     30138368      7534592
     3767296            8           8.466     60276736     15069184
     3767296           16          13.205    120553472     30138368
     3767296           32          18.204    241106944     60276736
     3767296           64          32.751    482213888    120553472
     3767296          128          65.884    964427776    241106944
     3767296          256         113.512   1928855552    482213888
     4143104            1          38.712      8286208      2071552
     4143104            2          10.149     16572416      4143104
     4143104            4          11.131     33144832      8286208
     4143104            8          12.684     66289664     16572416
     4143104           16          22.351    132579328     33144832
     4143104           32          18.775    265158656     66289664
     4143104           64          34.986    530317312    132579328
     4143104          128          67.417   1060634624    265158656
     4143104          256         122.399   2121269248    530317312
     4556800            1          45.305      9113600      2278400
     4556800            2          11.712     18227200      4556800
     4556800            4          10.780     36454400      9113600
     4556800            8          11.261     72908800     18227200
     4556800           16          16.921    145817600     36454400
     4556800           32          29.395    291635200     72908800
     4556800           64          47.740    583270400    145817600
     4556800          128          91.010   1166540800    291635200
     4556800          256         169.717   2333081600    583270400
     5012480            1          46.246     10024960      2506240
     5012480            2           9.587     20049920      5012480
     5012480            4          11.652     40099840     10024960
     5012480            8          19.436     80199680     20049920
     5012480           16          21.130    160399360     40099840
     5012480           32          30.057    320798720     80199680
     5012480           64          53.229    641597440    160399360
     5012480          128          98.675   1283194880    320798720
     5012480          256         194.504   2566389760    641597440
     5513216            1          88.276     11026432      2756608
     5513216            2           9.337     22052864      5513216
     5513216            4          15.018     44105728     11026432
     5513216            8          13.004     88211456     22052864
     5513216           16          20.388    176422912     44105728
     5513216           32          33.172    352845824     88211456
     5513216           64          58.108    705691648    176422912
     5513216          128         108.463   1411383296    352845824
     6064128            1          47.529     12128256      3032064
     6064128            2          14.537     24256512      6064128
     6064128            4          12.604     48513024     12128256
     6064128            8          17.443     97026048     24256512
     6064128           16          22.212    194052096     48513024
     6064128           32          35.546    388104192     97026048
     6064128           64          64.100    776208384    194052096
     6064128          128         121.818   1552416768    388104192
     6670336            1          56.276     13340672      3335168
     6670336            2          10.018     26681344      6670336
     6670336            4          22.182     53362688     13340672
     6670336            8          32.221    106725376     26681344
     6670336           16          22.492    213450752     53362688
     6670336           32          37.941    426901504    106725376
     6670336           64          73.918    853803008    213450752
     6670336          128         134.923   1707606016    426901504
     7336960            1          57.828     14673920      3668480
     7336960            2          11.441     29347840      7336960
     7336960            4          12.533     58695680     14673920
     7336960            8          16.591    117391360     29347840
     7336960           16          25.889    234782720     58695680
     7336960           32          41.929    469565440    117391360
     7336960           64          72.316    939130880    234782720
     7336960          128         142.968   1878261760    469565440
     8070144            1          80.531     16140288      4035072
     8070144            2          11.392     32280576      8070144
     8070144            4          12.383     64561152     16140288
     8070144            8          15.560    129122304     32280576
     8070144           16          26.109    258244608     64561152
     8070144           32          45.195    516489216    129122304
     8070144           64          83.216   1032978432    258244608
     8070144          128         173.825   2065956864    516489216
     8877056            1          69.070     17754112      4438528
     8877056            2          12.964     35508224      8877056
     8877056            4          13.345     71016448     17754112
     8877056            8          18.525    142032896     35508224
     8877056           16          26.790    284065792     71016448
     8877056           32          53.370    568131584    142032896
     8877056           64          92.012   1136263168    284065792
     8877056          128         243.386   2272526336    568131584
     9763840            1          88.176     19527680      4881920
     9763840            2          12.704     39055360      9763840
     9763840            4          20.638     78110720     19527680
     9763840            8          19.086    156221440     39055360
     9763840           16          30.277    312442880     78110720
     9763840           32          52.147    624885760    156221440
     9763840           64          99.928   1249771520    312442880
     9763840          128         216.476   2499543040    624885760
    10739712            1          78.366     21479424      5369856
    10739712            2          14.126     42958848     10739712
    10739712            4          14.056     85917696     21479424
    10739712            8          20.749    171835392     42958848
    10739712           16          32.181    343670784     85917696
    10739712           32          57.878    687341568    171835392
    10739712           64         170.208   1374683136    343670784
    11812864            1          90.579     23625728      5906432
    11812864            2          10.069     47251456     11812864
    11812864            4          15.338     94502912     23625728
    11812864            8          23.273    189005824     47251456
    11812864           16          37.420    378011648     94502912
    11812864           32          63.198    756023296    189005824
    11812864           64         117.851   1512046592    378011648
    12993536            1          96.961     25987072      6496768
    12993536            2          21.590     51974144     12993536
    12993536            4          17.793    103948288     25987072
    12993536            8          34.325    207896576     51974144
    12993536           16          38.883    415793152    103948288
    12993536           32          73.067    831586304    207896576
    12993536           64         133.330   1663172608    415793152
    14291968            1         112.170     28583936      7145984
    14291968            2          14.908     57167872     14291968
    14291968            4          19.456    114335744     28583936
    14291968            8          25.848    228671488     57167872
    14291968           16          45.375    457342976    114335744
    14291968           32          82.264    914685952    228671488
    14291968           64         150.662   1829371904    457342976
    15720448            1         141.124     31440896      7860224
    15720448            2          13.896     62881792     15720448
    15720448            4          18.675    125763584     31440896
    15720448            8          36.217    251527168     62881792
    15720448           16          53.360    503054336    125763584
    15720448           32          86.282   1006108672    251527168
    15720448           64         153.929   2012217344    503054336
    17292288            1         147.938     34584576      8646144
    17292288            2          16.591     69169152     17292288
    17292288            4          22.111    138338304     34584576
    17292288            8          30.417    276676608     69169152
    17292288           16          51.036    553353216    138338304
    17292288           32          92.593   1106706432    276676608
    17292288           64         174.908   2213412864    553353216
    19020800            1         140.823     38041600      9510400
    19020800            2          16.100     76083200     19020800
    19020800            4          71.664    152166400     38041600
    19020800            8          32.631    304332800     76083200
    19020800           16          58.740    608665600    152166400
    19020800           32         103.133   1217331200    304332800
    19020800           64         192.370   2434662400    608665600
    20922368            1         156.263     41844736     10461184
    20922368            2          16.631     83689472     20922368
    20922368            4          46.167    167378944     41844736
    20922368            8          35.607    334757888     83689472
    20922368           16          60.413    669515776    167378944
    20922368           32         109.254   1339031552    334757888
    20922368           64         207.839   2678063104    669515776
    23014400            1         163.035     46028800     11507200
    23014400            2          17.944     92057600     23014400
    23014400            4          26.379    184115200     46028800
    23014400            8          46.617    368230400     92057600
    23014400           16          67.035    736460800    184115200
    23014400           32         119.063   1472921600    368230400
    25315328            1         181.570     50630656     12657664
    25315328            2          19.616    101261312     25315328
    25315328            4          26.730    202522624     50630656
    25315328            8          56.486    405045248    101261312
    25315328           16          74.479    810090496    202522624
    25315328           32         133.440   1620180992    405045248
    27846656            1         213.991     55693312     13923328
    27846656            2          22.953    111386624     27846656
    27846656            4          29.485    222773248     55693312
    27846656            8          51.637    445546496    111386624
    27846656           16         428.703    891092992    222773248
    27846656           32         144.942   1782185984    445546496
    30630912            1         234.880     61261824     15315456
    30630912            2          47.119    122523648     30630912
    30630912            4          32.601    245047296     61261824
    30630912            8          49.082    490094592    122523648
    30630912           16          87.634    980189184    245047296
    30630912           32         160.771   1960378368    490094592
    33693696            1         247.043     67387392     16846848
    33693696            2          40.627    134774784     33693696
    33693696            4          34.354    269549568     67387392
    33693696            8          55.424    539099136    134774784
    33693696           16          92.262   1078198272    269549568
    33693696           32         176.320   2156396544    539099136
    37062656            1         269.716     74125312     18531328
    37062656            2          34.314    148250624     37062656
    37062656            4          58.680    296501248     74125312
    37062656            8          59.321    593002496    148250624
    37062656           16         103.875   1186004992    296501248
    37062656           32         190.356   2372009984    593002496
    40768512            1         299.261     81537024     20384256
    40768512            2          39.094    163074048     40768512
    40768512            4          42.640    326148096     81537024
    40768512            8          68.338    652296192    163074048
    40768512           16         113.543   1304592384    326148096
    40768512           32         210.023   2609184768    652296192
    44845056            1         362.620     89690112     22422528
    44845056            2          48.852    179380224     44845056
    44845056            4          45.806    358760448     89690112
    44845056            8          75.902    717520896    179380224
    44845056           16         131.476   1435041792    358760448
    49329152            1         369.703     98658304     24664576
    49329152            2          64.210    197316608     49329152
    49329152            4          51.867    394633216     98658304
    49329152            8          79.960    789266432    197316608
    49329152           16         141.746   1578532864    394633216
    54261760            1         417.512    108523520     27130880
    54261760            2          65.062    217047040     54261760
    54261760            4          55.324    434094080    108523520
    54261760            8          90.199    868188160    217047040
    54261760           16         159.178   1736376320    434094080
    59687936            1         447.809    119375872     29843968
    59687936            2          88.245    238751744     59687936
    59687936            4          61.595    477503488    119375872
    59687936            8          96.601    955006976    238751744
    59687936           16         171.912   1910013952    477503488
    65655808            1         500.758    131311616     32827904
    65655808            2          95.629    262623232     65655808
    65655808            4          75.742    525246464    131311616
    65655808            8         120.636   1050492928    262623232
    65655808           16         210.374   2100985856    525246464
    72220672            1         914.543    144441344     36110336
    72220672            2         111.138    288882688     72220672
    72220672            4          89.708    577765376    144441344
    72220672            8         174.647   1155530752    288882688
    72220672           16         257.302   2311061504    577765376
    79441920            1         558.065    158883840     39720960
    79441920            2         135.063    317767680     79441920
    79441920            4         116.538    635535360    158883840
    79441920            8         189.615   1271070720    317767680
    79441920           16         330.399   2542141440    635535360
    87386112            1         638.957    174772224     43693056
    87386112            2         156.383    349544448     87386112
    87386112            4         147.276    699088896    174772224
    87386112            8         239.288   1398177792    349544448
    96123904            1         677.429    192247808     48061952
    96123904            2         182.342    384495616     96123904
    96123904            4         180.418    768991232    192247808
    96123904            8         305.843   1537982464    384495616
   105736192            1         752.780    211472384     52868096
   105736192            2         209.562    422944768    105736192
   105736192            4         205.254    845889536    211472384
   105736192            8         347.501   1691779072    422944768
   116308992            1         830.426    232617984     58154496
   116308992            2         228.619    465235968    116308992
   116308992            4         244.958    930471936    232617984
   116308992            8         397.284   1860943872    465235968
   127939584            1         916.748    255879168     63969792
   127939584            2         262.111    511758336    127939584
   127939584            4         269.545   1023516672    255879168
   127939584            8         427.461   2047033344    511758336
   140733440            1        1343.306    281466880     70366720
   140733440            2         274.845    562933760    140733440
   140733440            4         311.564   1125867520    281466880
   140733440            8         532.849   2251735040    562933760
   154806272            1        1080.815    309612544     77403136
   154806272            2         296.786    619225088    154806272
   154806272            4       13237.036   1238450176    309612544
   154806272            8         590.696   2476900352    619225088
   170286080            1        1192.794    340572160     85143040
   170286080            2         311.894    681144320    170286080
   170286080            4         362.589   1362288640    340572160
   187314176            1        1304.424    374628352     93657088
   187314176            2         970.037    749256704    187314176
   187314176            4         655.729   1498513408    374628352
   206045184            1        1436.250    412090368    103022592
   206045184            2       13246.915    824180736    206045184
   206045184            4         479.829   1648361472    412090368
   226649088            1        1607.982    453298176    113324544
   226649088            2         402.805    906596352    226649088
   226649088            4         525.083   1813192704    453298176
   249313280            1        1752.904    498626560    124656640
   249313280            2         445.365    997253120    249313280
   249313280            4         550.371   1994506240    498626560
   274244608            1        1931.779    548489216    137122304
   274244608            2         619.952   1096978432    274244608
   274244608            4         645.830   2193956864    548489216
   301668352            1        2098.331    603336704    150834176
   301668352            2         489.887   1206673408    301668352
   301668352            4         586.268   2413346816    603336704
   331834368            1        2307.442    663668736    165917184
   331834368            2         523.331   1327337472    331834368
   331834368            4         666.569   2654674944    663668736
   365017088            1       15026.618    730034176    182508544
   365017088            2         775.893   1460068352    365017088
   401518592            1        2808.451    803037184    200759296
   401518592            2         708.367   1606074368    401518592
   441669632            1        3079.819    883339264    220834816
   441669632            2         778.488   1766678528    441669632
   485835776            1       15371.134    971671552    242917888
   485835776            2        1232.749   1943343104    485835776
   534418432            1        3823.492   1068836864    267209216
   534418432            2        1602.602   2137673728    534418432
   587859968            1        4079.622   1175719936    293929984
   587859968            2        2862.192   2351439872    587859968
   646645760            1        4558.699   1293291520    323322880
   646645760            2        5400.076   2586583040    646645760
   711310336            1        4956.064   1422620672    355655168
   782440448            1        5426.856   1564880896    391220224
   860684288            1        5958.131   1721368576    430342144
   946752512            1        6605.253   1893505024    473376256
  1041427456            1        7258.226   2082854912    520713728
  1145569280            1        7930.776   2291138560    572784640
  1260126208            1        8809.131   2520252416    630063104

META_DATA
FLOPS          4
MPI_PROCS      128
ERT_VERSION  1.1.0
HOSTNAME  ('tcn299.local.snellius.surf.nl', [], ['172.18.57.53'])
UNAME  uname_result(system='Linux', node='tcn299.local.snellius.surf.nl', release='4.18.0-372.80.1.el8_6.x86_64', version='#1 SMP Fri Nov 3 14:30:16 EDT 2023', machine='x86_64', processor='x86_64')
TIMESTAMP_DATA  1707397500.5975225
CONFIG  {'ERT_RESULTS': ['Results.snellius.01'], 'ERT_DRIVER': ['driver1'], 'ERT_KERNEL': ['kernel1'], 'ERT_MPI': ['True'], 'ERT_MPI_CFLAGS': [], 'ERT_MPI_LDFLAGS': [], 'ERT_OPENMP': ['False'], 'ERT_OPENMP_CFLAGS': ['-fopenmp'], 'ERT_OPENMP_LDFLAGS': ['-fopenmp'], 'ERT_FLOPS': ['1,2,4,8,16,32'], 'ERT_ALIGN': ['32'], 'ERT_CC': ['mpic++'], 'ERT_CFLAGS': ['-Ofast', '-fargument-noalias', '-mavx2'], 'ERT_LD': ['mpic++'], 'ERT_LDFLAGS': [], 'ERT_LDLIBS': [], 'ERT_RUN': ['export', 'OMP_NUM_THREADS=ERT_OPENMP_THREADS;', 'mpirun', '-np', 'ERT_MPI_PROCS', 'ERT_CODE'], 'ERT_PROCS_THREADS': ['32,64,128'], 'ERT_MPI_PROCS': ['32,64,128'], 'ERT_OPENMP_THREADS': [], 'ERT_NUM_EXPERIMENTS': ['5'], 'ERT_MEMORY_MAX': ['1357905920'], 'ERT_WORKING_SET_MIN': ['1'], 'ERT_TRIALS_MIN': ['1'], 'ERT_GNUPLOT': ['gnuplot'], 'ERT_GPU': [False], 'ERT_HIP': [False], 'ERT_PRECISION': ['FP64'], 'ERT_OCL': [False], 'ERT_SYCL': [False], 'ERT_WSS_MULT': [1.1]}
