fp64
        1024            1          20.247         2048          128
        1024            2          14.638         4096          256
        1024            4          15.879         8192          512
        1024            8          23.814        16384         1024
        1024           16          14.667        32768         2048
        1024           32          14.407        65536         4096
        1024           64          23.544       131072         8192
        1024          128          14.667       262144        16384
        1024          256          13.415       524288        32768
        1024          512          13.425      1048576        65536
        1024         1024          15.429      2097152       131072
        1024         2048          16.010      4194304       262144
        1024         4096          17.183      8388608       524288
        1024         8192          19.427     16777216      1048576
        1024        16384          25.919     33554432      2097152
        1024        32768          41.117     67108864      4194304
        1024        65536          70.822    134217728      8388608
        1024       131072         117.119    268435456     16777216
        1024       262144         220.883    536870912     33554432
        1024       524288         440.644   1073741824     67108864
        1024      1048576        5727.258   2147483648    134217728
        2048            1        1105.868         4096          256
        2048            2          14.547         8192          512
        2048            4          14.167        16384         1024
        2048            8          13.526        32768         2048
        2048           16          13.586        65536         4096
        2048           32          13.736       131072         8192
        2048           64          13.095       262144        16384
        2048          128          13.245       524288        32768
        2048          256          13.576      1048576        65536
        2048          512          13.705      2097152       131072
        2048         1024          14.688      4194304       262144
        2048         2048          14.798      8388608       524288
        2048         4096          16.360     16777216      1048576
        2048         8192          19.597     33554432      2097152
        2048        16384          26.149     67108864      4194304
        2048        32768          42.279    134217728      8388608
        2048        65536          66.043    268435456     16777216
        2048       131072         115.165    536870912     33554432
        2048       262144         216.514   1073741824     67108864
        2048       524288        5389.256   2147483648    134217728
        3072            1        1212.677         6144          384
        3072            2          27.621        12288          768
        3072            4          13.546        24576         1536
        3072            8          13.295        49152         3072
        3072           16          13.425        98304         6144
        3072           32          13.195       196608        12288
        3072           64          13.365       393216        24576
        3072          128          14.147       786432        49152
        3072          256          13.595      1572864        98304
        3072          512          13.866      3145728       196608
        3072         1024          14.046      6291456       393216
        3072         2048          14.757     12582912       786432
        3072         4096          16.120     25165824      1572864
        3072         8192          19.687     50331648      3145728
        3072        16384          26.269    100663296      6291456
        3072        32768          43.130    201326592     12582912
        3072        65536          67.326    402653184     25165824
        3072       131072         119.583    805306368     50331648
        3072       262144        5177.140   1610612736    100663296
        4096            1        1218.889         8192          512
        4096            2          15.579        16384         1024
        4096            4          19.296        32768         2048
        4096            8          14.357        65536         4096
        4096           16          14.237       131072         8192
        4096           32          13.446       262144        16384
        4096           64          13.585       524288        32768
        4096          128          13.274      1048576        65536
        4096          256          13.175      2097152       131072
        4096          512          13.705      4194304       262144
        4096         1024          14.367      8388608       524288
        4096         2048          14.838     16777216      1048576
        4096         4096          16.181     33554432      2097152
        4096         8192          19.597     67108864      4194304
        4096        16384          26.840    134217728      8388608
        4096        32768          38.812    268435456     16777216
        4096        65536          63.719    536870912     33554432
        4096       131072         118.632   1073741824     67108864
        4096       262144        5164.667   2147483648    134217728
        5120            1        1212.487        10240          640
        5120            2          15.890        20480         1280
        5120            4          13.655        40960         2560
        5120            8          13.164        81920         5120
        5120           16          20.187       163840        10240
        5120           32          13.385       327680        20480
        5120           64          15.720       655360        40960
        5120          128          13.535      1310720        81920
        5120          256          13.706      2621440       163840
        5120          512          13.976      5242880       327680
        5120         1024          14.758     10485760       655360
        5120         2048          16.972     20971520      1310720
        5120         4096          22.212     41943040      2621440
        5120         8192          26.078     83886080      5242880
        5120        16384          38.833    167772160     10485760
        5120        32768          64.481    335544320     20971520
        5120        65536         119.764    671088640     41943040
        5120       131072         218.488   1342177280     83886080
        5120       262144        5389.697   2684354560    167772160
        6144            1          30.897        12288          768
        6144            2          14.908        24576         1536
        6144            4          13.535        49152         3072
        6144            8          13.986        98304         6144
        6144           16          13.385       196608        12288
        6144           32          13.325       393216        24576
        6144           64          14.077       786432        49152
        6144          128          13.505      1572864        98304
        6144          256          15.219      3145728       196608
        6144          512          15.709      6291456       393216
        6144         1024          16.080     12582912       786432
        6144         2048          19.116     25165824      1572864
        6144         4096          19.837     50331648      3145728
        6144         8192          25.618    100663296      6291456
        6144        16384          38.753    201326592     12582912
        6144        32768          64.090    402653184     25165824
        6144        65536         116.057    805306368     50331648
        6144       131072        5208.389   1610612736    100663296
        7168            1          33.453        14336          896
        7168            2          13.685        28672         1792
        7168            4          13.304        57344         3584
        7168            8          13.515       114688         7168
        7168           16          13.796       229376        14336
        7168           32          13.014       458752        28672
        7168           64          14.036       917504        57344
        7168          128          13.195      1835008       114688
        7168          256          13.314      3670016       229376
        7168          512          13.735      7340032       458752
        7168         1024          15.539     14680064       917504
        7168         2048          18.735     29360128      1835008
        7168         4096          49.934     58720256      3670016
        7168         8192          27.071    117440512      7340032
        7168        16384          40.476    234881024     14680064
        7168        32768          68.488    469762048     29360128
        7168        65536         115.726    939524096     58720256
        7168       131072        5329.084   1879048192    117440512
        8192            1          42.279        16384         1024
        8192            2          14.587        32768         2048
        8192            4          13.675        65536         4096
        8192            8          14.166       131072         8192
        8192           16          14.497       262144        16384
        8192           32          13.214       524288        32768
        8192           64          13.255      1048576        65536
        8192          128          13.696      2097152       131072
        8192          256          14.006      4194304       262144
        8192          512          14.547      8388608       524288
        8192         1024          14.698     16777216      1048576
        8192         2048          15.609     33554432      2097152
        8192         4096          18.654     67108864      4194304
        8192         8192          23.284    134217728      8388608
        8192        16384          33.703    268435456     16777216
        8192        32768          51.206    536870912     33554432
        8192        65536          93.785   1073741824     67108864
        8192       131072        5131.945   2147483648    134217728
        9216            1          37.320        18432         1152
        9216            2          13.084        36864         2304
        9216            4          15.379        73728         4608
        9216            8          14.146       147456         9216
        9216           16          13.565       294912        18432
        9216           32          14.207       589824        36864
        9216           64          14.477      1179648        73728
        9216          128          13.845      2359296       147456
        9216          256          13.836      4718592       294912
        9216          512          14.267      9437184       589824
        9216         1024          30.477     18874368      1179648
        9216         2048          19.036     37748736      2359296
        9216         4096          22.792     75497472      4718592
        9216         8192          28.834    150994944      9437184
        9216        16384          44.823    301989888     18874368
        9216        32768          76.733    603979776     37748736
        9216        65536         140.863   1207959552     75497472
        9216       131072        5223.376   2415919104    150994944
       10240            1          36.388        20480         1280
       10240            2          13.906        40960         2560
       10240            4          13.405        81920         5120
       10240            8          15.860       163840        10240
       10240           16          13.465       327680        20480
       10240           32          13.655       655360        40960
       10240           64          15.659      1310720        81920
       10240          128          16.310      2621440       163840
       10240          256          15.409      5242880       327680
       10240          512          16.391     10485760       655360
       10240         1024          15.499     20971520      1310720
       10240         2048          16.761     41943040      2621440
       10240         4096          21.541     83886080      5242880
       10240         8192          44.633    167772160     10485760
       10240        16384          47.058    335544320     20971520
       10240        32768          76.884    671088640     41943040
       10240        65536         140.743   1342177280     83886080
       10240       131072        5222.715   2684354560    167772160
       11264            1          28.543        22528         1408
       11264            2          16.902        45056         2816
       11264            4          14.077        90112         5632
       11264            8          13.485       180224        11264
       11264           16          13.806       360448        22528
       11264           32          13.676       720896        45056
       11264           64          14.347      1441792        90112
       11264          128          14.297      2883584       180224
       11264          256          13.756      5767168       360448
       11264          512          15.949     11534336       720896
       11264         1024          16.331     23068672      1441792
       11264         2048          17.202     46137344      2883584
       11264         4096          24.726     92274688      5767168
       11264         8192          29.786    184549376     11534336
       11264        16384          45.645    369098752     23068672
       11264        32768          87.894    738197504     46137344
       11264        65536        5132.626   1476395008     92274688
       12288            1          37.470        24576         1536
       12288            2          13.465        49152         3072
       12288            4          13.795        98304         6144
       12288            8          12.714       196608        12288
       12288           16          13.576       393216        24576
       12288           32          13.956       786432        49152
       12288           64          13.445      1572864        98304
       12288          128          13.415      3145728       196608
       12288          256          13.916      6291456       393216
       12288          512          15.088     12582912       786432
       12288         1024          16.290     25165824      1572864
       12288         2048          19.807     50331648      3145728
       12288         4096          26.449    100663296      6291456
       12288         8192          40.726    201326592     12582912
       12288        16384          69.270    402653184     25165824
       12288        32768         123.250    805306368     50331648
       12288        65536        5086.470   1610612736    100663296
       13312            1          39.414        26624         1664
       13312            2          14.457        53248         3328
       13312            4          14.097       106496         6656
       13312            8          27.552       212992        13312
       13312           16          15.018       425984        26624
       13312           32          13.746       851968        53248
       13312           64          16.040      1703936       106496
       13312          128          16.571      3407872       212992
       13312          256          13.986      6815744       425984
       13312          512          15.499     13631488       851968
       13312         1024          16.902     27262976      1703936
       13312         2048          20.789     54525952      3407872
       13312         4096          28.884    109051904      6815744
       13312         8192          44.894    218103808     13631488
       13312        16384          76.723    436207616     27262976
       13312        32768         140.082    872415232     54525952
       13312        65536        5149.228   1744830464    109051904
       14336            1          36.368        28672         1792
       14336            2          13.385        57344         3584
       14336            4          14.808       114688         7168
       14336            8          13.805       229376        14336
       14336           16          13.665       458752        28672
       14336           32          13.585       917504        57344
       14336           64          15.479      1835008       114688
       14336          128          13.866      3670016       229376
       14336          256          15.149      7340032       458752
       14336          512          14.938     14680064       917504
       14336         1024          16.931     29360128      1835008
       14336         2048          21.640     58720256      3670016
       14336         4096          28.494    117440512      7340032
       14336         8192          47.309    234881024     14680064
       14336        16384          76.172    469762048     29360128
       14336        32768         143.749    939524096     58720256
       14336        65536        5140.261   1879048192    117440512
       15360            1          37.270        30720         1920
       15360            2          13.906        61440         3840
       15360            4          15.659       122880         7680
       15360            8          13.775       245760        15360
       15360           16          13.745       491520        30720
       15360           32          13.014       983040        61440
       15360           64          13.646      1966080       122880
       15360          128          14.798      3932160       245760
       15360          256          14.207      7864320       491520
       15360          512          16.872     15728640       983040
       15360         1024          20.007     31457280      1966080
       15360         2048          22.793     62914560      3932160
       15360         4096          36.858    125829120      7864320
       15360         8192          45.115    251658240     15728640
       15360        16384          75.631    503316480     31457280
       15360        32768         139.281   1006632960     62914560
       15360        65536        5140.982   2013265920    125829120
       16384            1          39.654        32768         2048
       16384            2          13.405        65536         4096
       16384            4          13.615       131072         8192
       16384            8          13.605       262144        16384
       16384           16          15.740       524288        32768
       16384           32          13.776      1048576        65536
       16384           64          14.247      2097152       131072
       16384          128          13.555      4194304       262144
       16384          256          15.269      8388608       524288
       16384          512          16.401     16777216      1048576
       16384         1024          17.803     33554432      2097152
       16384         2048          23.534     67108864      4194304
       16384         4096          33.222    134217728      8388608
       16384         8192          53.540    268435456     16777216
       16384        16384          99.917    536870912     33554432
       16384        32768         178.444   1073741824     67108864
       16384        65536        5111.868   2147483648    134217728
       17408            1          34.274        34816         2176
       17408            2          14.407        69632         4352
       17408            4          13.555       139264         8704
       17408            8          14.077       278528        17408
       17408           16          14.107       557056        34816
       17408           32          13.675      1114112        69632
       17408           64          13.616      2228224       139264
       17408          128          13.845      4456448       278528
       17408          256          14.708      8912896       557056
       17408          512          15.639     17825792      1114112
       17408         1024          17.282     35651584      2228224
       17408         2048          22.392     71303168      4456448
       17408         4096          30.717    142606336      8912896
       17408         8192          50.425    285212672     17825792
       17408        16384          82.705    570425344     35651584
       17408        32768         151.804   1140850688     71303168
       17408        65536        5206.104   2281701376    142606336
       18432            1          26.780        36864         2304
       18432            2          13.586        73728         4608
       18432            4          15.058       147456         9216
       18432            8          12.724       294912        18432
       18432           16          13.655       589824        36864
       18432           32          13.775      1179648        73728
       18432           64          13.636      2359296       147456
       18432          128          14.186      4718592       294912
       18432          256          13.986      9437184       589824
       18432          512          14.878     18874368      1179648
       18432         1024          17.583     37748736      2359296
       18432         2048          21.490     75497472      4718592
       18432         4096          30.668    150994944      9437184
       18432         8192          47.359    301989888     18874368
       18432        16384          82.965    603979776     37748736
       18432        32768         152.736   1207959552     75497472
       18432        65536        5205.262   2415919104    150994944
       19456            1          35.436        38912         2432
       19456            2          13.285        77824         4864
       19456            4          13.796       155648         9728
       19456            8          13.786       311296        19456
       19456           16          13.736       622592        38912
       19456           32          13.675      1245184        77824
       19456           64          13.986      2490368       155648
       19456          128          13.396      4980736       311296
       19456          256          14.197      9961472       622592
       19456          512          17.312     19922944      1245184
       19456         1024          17.823     39845888      2490368
       19456         2048          22.332     79691776      4980736
       19456         4096          32.039    159383552      9961472
       19456         8192          48.270    318767104     19922944
       19456        16384          83.145    637534208     39845888
       19456        32768         152.475   1275068416     79691776
       19456        65536        5174.335   2550136832    159383552
       20480            1          38.492        40960         2560
       20480            2          15.219        81920         5120
       20480            4          13.425       163840        10240
       20480            8          14.577       327680        20480
       20480           16          14.297       655360        40960
       20480           32          14.277      1310720        81920
       20480           64          14.236      2621440       163840
       20480          128          15.288      5242880       327680
       20480          256          15.839     10485760       655360
       20480          512          15.279     20971520      1310720
       20480         1024          17.453     41943040      2621440
       20480         2048          22.412     83886080      5242880
       20480         4096          31.188    167772160     10485760
       20480         8192          51.016    335544320     20971520
       20480        16384          88.525    671088640     41943040
       20480        32768         164.338   1342177280     83886080
       20480        65536        5166.820   2684354560    167772160
       22528            1          60.684        45056         2816
       22528            2          14.758        90112         5632
       22528            4          13.966       180224        11264
       22528            8          13.645       360448        22528
       22528           16          13.946       720896        45056
       22528           32          13.345      1441792        90112
       22528           64          13.456      2883584       180224
       22528          128          15.119      5767168       360448
       22528          256          14.907     11534336       720896
       22528          512          16.341     23068672      1441792
       22528         1024          19.266     46137344      2883584
       22528         2048          22.672     92274688      5767168
       22528         4096          32.340    184549376     11534336
       22528         8192          50.434    369098752     23068672
       22528        16384          87.934    738197504     46137344
       22528        32768        5135.722   1476395008     92274688
       24576            1          28.333        49152         3072
       24576            2          13.796        98304         6144
       24576            4          14.608       196608        12288
       24576            8          13.465       393216        24576
       24576           16          14.728       786432        49152
       24576           32          13.546      1572864        98304
       24576           64          13.435      3145728       196608
       24576          128          14.537      6291456       393216
       24576          256          14.247     12582912       786432
       24576          512          15.318     25165824      1572864
       24576         1024          16.611     50331648      3145728
       24576         2048          21.500    100663296      6291456
       24576         4096          32.831    201326592     12582912
       24576         8192          46.888    402653184     25165824
       24576        16384          82.775    805306368     50331648
       24576        32768        5108.491   1610612736    100663296
       26624            1          37.400        53248         3328
       26624            2          14.728       106496         6656
       26624            4          14.147       212992        13312
       26624            8          14.207       425984        26624
       26624           16          14.346       851968        53248
       26624           32          13.415      1703936       106496
       26624           64          13.536      3407872       212992
       26624          128          14.807      6815744       425984
       26624          256          14.888     13631488       851968
       26624          512          16.831     27262976      1703936
       26624         1024          20.529     54525952      3407872
       26624         2048          28.363    109051904      6815744
       26624         4096          43.932    218103808     13631488
       26624         8192          74.810    436207616     27262976
       26624        16384         134.983    872415232     54525952
       26624        32768        5166.890   1744830464    109051904
       28672            1          36.849        57344         3584
       28672            2          13.034       114688         7168
       28672            4          13.485       229376        14336
       28672            8          13.936       458752        28672
       28672           16          16.230       917504        57344
       28672           32          13.826      1835008       114688
       28672           64          14.577      3670016       229376
       28672          128          14.337      7340032       458752
       28672          256          15.108     14680064       917504
       28672          512          15.809     29360128      1835008
       28672         1024          18.134     58720256      3670016
       28672         2048          23.524    117440512      7340032
       28672         4096          33.513    234881024     14680064
       28672         8192          52.097    469762048     29360128
       28672        16384          89.337    939524096     58720256
       28672        32768        5114.763   1879048192    117440512
       30720            1          34.665        61440         3840
       30720            2          13.987       122880         7680
       30720            4          13.425       245760        15360
       30720            8          13.535       491520        30720
       30720           16          14.327       983040        61440
       30720           32          13.385      1966080       122880
       30720           64          13.535      3932160       245760
       30720          128          15.299      7864320       491520
       30720          256          14.707     15728640       983040
       30720          512          16.300     31457280      1966080
       30720         1024          19.105     62914560      3932160
       30720         2048          26.340    125829120      7864320
       30720         4096          40.406    251658240     15728640
       30720         8192          67.957    503316480     31457280
       30720        16384         125.525   1006632960     62914560
       30720        32768        5166.149   2013265920    125829120
       33792            1          26.689        67584         4224
       33792            2          14.036       135168         8448
       33792            4          13.816       270336        16896
       33792            8          13.515       540672        33792
       33792           16          14.196      1081344        67584
       33792           32          13.415      2162688       135168
       33792           64          13.766      4325376       270336
       33792          128          14.327      8650752       540672
       33792          256          15.248     17301504      1081344
       33792          512          17.342     34603008      2162688
       33792         1024          22.081     69206016      4325376
       33792         2048          28.914    138412032      8650752
       33792         4096          47.749    276824064     17301504
       33792         8192          80.530    553648128     34603008
       33792        16384         149.619   1107296256     69206016
       33792        32768        5176.979   2214592512    138412032
       36864            1          39.804        73728         4608
       36864            2          13.806       147456         9216
       36864            4          13.926       294912        18432
       36864            8          14.077       589824        36864
       36864           16          14.547      1179648        73728
       36864           32          14.137      2359296       147456
       36864           64          13.966      4718592       294912
       36864          128          14.487      9437184       589824
       36864          256          14.868     18874368      1179648
       36864          512          17.553     37748736      2359296
       36864         1024          22.311     75497472      4718592
       36864         2048          31.218    150994944      9437184
       36864         4096          52.598    301989888     18874368
       36864         8192          90.830    603979776     37748736
       36864        16384         170.399   1207959552     75497472
       36864        32768        5201.635   2415919104    150994944
       39936            1          25.047        79872         4992
       39936            2          14.097       159744         9984
       39936            4          13.736       319488        19968
       39936            8          13.756       638976        39936
       39936           16          14.357      1277952        79872
       39936           32          13.726      2555904       159744
       39936           64          13.566      5111808       319488
       39936          128          15.239     10223616       638976
       39936          256          15.409     20447232      1277952
       39936          512          17.893     40894464      2555904
       39936         1024          30.897     81788928      5111808
       39936         2048          30.416    163577856     10223616
       39936         4096          46.457    327155712     20447232
       39936         8192          78.307    654311424     40894464
       39936        16384         145.142   1308622848     81788928
       39936        32768        5156.281   2617245696    163577856
       43008            1          43.130        86016         5376
       43008            2          12.954       172032        10752
       43008            4          13.785       344064        21504
       43008            8          13.805       688128        43008
       43008           16          14.707      1376256        86016
       43008           32          13.856      2752512       172032
       43008           64          14.047      5505024       344064
       43008          128          13.876     11010048       688128
       43008          256          15.218     22020096      1376256
       43008          512          18.184     44040192      2752512
       43008         1024          20.728     88080384      5505024
       43008         2048          28.003    176160768     11010048
       43008         4096          43.772    352321536     22020096
       43008         8192          85.380    704643072     44040192
       43008        16384        5157.603   1409286144     88080384
       47104            1          29.034        94208         5888
       47104            2          14.818       188416        11776
       47104            4          16.151       376832        23552
       47104            8          13.776       753664        47104
       47104           16          14.527      1507328        94208
       47104           32          13.876      3014656       188416
       47104           64          13.776      6029312       376832
       47104          128          14.217     12058624       753664
       47104          256          15.038     24117248      1507328
       47104          512          16.581     48234496      3014656
       47104         1024          20.278     96468992      6029312
       47104         2048          28.534    192937984     12058624
       47104         4096          45.125    385875968     24117248
       47104         8192          70.181    771751936     48234496
       47104        16384        5098.022   1543503872     96468992
       51200            1          28.253       102400         6400
       51200            2          13.435       204800        12800
       51200            4          13.295       409600        25600
       51200            8          13.725       819200        51200
       51200           16          14.737      1638400       102400
       51200           32          13.755      3276800       204800
       51200           64          14.046      6553600       409600
       51200          128          14.558     13107200       819200
       51200          256          15.189     26214400      1638400
       51200          512          18.345     52428800      3276800
       51200         1024          31.589    104857600      6553600
       51200         2048          29.435    209715200     13107200
       51200         4096          45.966    419430400     26214400
       51200         8192          85.810    838860800     52428800
       51200        16384        5096.238   1677721600    104857600
       56320            1          27.571       112640         7040
       56320            2          13.655       225280        14080
       56320            4          15.138       450560        28160
       56320            8          13.685       901120        56320
       56320           16          13.636      1802240       112640
       56320           32          13.865      3604480       225280
       56320           64          13.696      7208960       450560
       56320          128          14.577     14417920       901120
       56320          256          15.278     28835840      1802240
       56320          512          17.432     57671680      3604480
       56320         1024          22.131    115343360      7208960
       56320         2048          32.611    230686720     14417920
       56320         4096          50.324    461373440     28835840
       56320         8192          87.293    922746880     57671680
       56320        16384        5108.752   1845493760    115343360
       61440            1          40.786       122880         7680
       61440            2          13.465       245760        15360
       61440            4          23.554       491520        30720
       61440            8          15.649       983040        61440
       61440           16          13.745      1966080       122880
       61440           32          13.826      3932160       245760
       61440           64          13.956      7864320       491520
       61440          128          14.307     15728640       983040
       61440          256          16.201     31457280      1966080
       61440          512          17.964     62914560      3932160
       61440         1024          23.063    125829120      7864320
       61440         2048          35.016    251658240     15728640
       61440         4096          57.507    503316480     31457280
       61440         8192         104.545   1006632960     62914560
       61440        16384        5120.123   2013265920    125829120
       67584            1          42.309       135168         8448
       67584            2          14.327       270336        16896
       67584            4          13.345       540672        33792
       67584            8          13.605      1081344        67584
       67584           16          14.858      2162688       135168
       67584           32          13.706      4325376       270336
       67584           64          14.337      8650752       540672
       67584          128          14.728     17301504      1081344
       67584          256          15.890     34603008      2162688
       67584          512          20.439     69206016      4325376
       67584         1024          24.025    138412032      8650752
       67584         2048          36.879    276824064     17301504
       67584         4096          59.912    553648128     34603008
       67584         8192         112.922   1107296256     69206016
       67584        16384        5127.828   2214592512    138412032
       73728            1          29.235       147456         9216
       73728            2          13.846       294912        18432
       73728            4          14.197       589824        36864
       73728            8          13.946      1179648        73728
       73728           16          13.736      2359296       147456
       73728           32          13.706      4718592       294912
       73728           64          13.856      9437184       589824
       73728          128          14.858     18874368      1179648
       73728          256          17.052     37748736      2359296
       73728          512          18.745     75497472      4718592
       73728         1024          24.536    150994944      9437184
       73728         2048          35.216    301989888     18874368
       73728         4096          56.886    603979776     37748736
       73728         8192         101.530   1207959552     75497472
       73728        16384        5131.314   2415919104    150994944
       80896            1          30.187       161792        10112
       80896            2          14.548       323584        20224
       80896            4          13.655       647168        40448
       80896            8          14.046      1294336        80896
       80896           16          14.267      2588672       161792
       80896           32          13.665      5177344       323584
       80896           64          24.886     10354688       647168
       80896          128          15.218     20709376      1294336
       80896          256          16.551     41418752      2588672
       80896          512          21.060     82837504      5177344
       80896         1024          24.085    165675008     10354688
       80896         2048          37.200    331350016     20709376
       80896         4096          59.190    662700032     41418752
       80896         8192         106.679   1325400064     82837504
       80896        16384        5131.254   2650800128    165675008
       88064            1          37.931       176128        11008
       88064            2          13.415       352256        22016
       88064            4          13.846       704512        44032
       88064            8          13.856      1409024        88064
       88064           16          14.186      2818048       176128
       88064           32          13.575      5636096       352256
       88064           64          13.926     11272192       704512
       88064          128          15.890     22544384      1409024
       88064          256          16.501     45088768      2818048
       88064          512          19.336     90177536      5636096
       88064         1024          25.087    180355072     11272192
       88064         2048          37.140    360710144     22544384
       88064         4096          63.388    721420288     45088768
       88064         8192        5077.122   1442840576     90177536
       96256            1          49.903       192512        12032
       96256            2          15.950       385024        24064
       96256            4          13.695       770048        48128
       96256            8          14.036      1540096        96256
       96256           16          14.527      3080192       192512
       96256           32          14.056      6160384       385024
       96256           64          14.286     12320768       770048
       96256          128          14.667     24641536      1540096
       96256          256          16.551     49283072      3080192
       96256          512          19.536     98566144      6160384
       96256         1024          25.327    197132288     12320768
       96256         2048          39.023    394264576     24641536
       96256         4096          64.681    788529152     49283072
       96256         8192        5091.019   1577058304     98566144
      105472            1          33.593       210944        13184
      105472            2          14.447       421888        26368
      105472            4          14.286       843776        52736
      105472            8          15.209      1687552       105472
      105472           16          14.016      3375104       210944
      105472           32          14.608      6750208       421888
      105472           64          14.838     13500416       843776
      105472          128          15.319     27000832      1687552
      105472          256          17.773     54001664      3375104
      105472          512          20.588    108003328      6750208
      105472         1024          26.420    216006656     13500416
      105472         2048          40.856    432013312     27000832
      105472         4096          69.180    864026624     54001664
      105472         8192        5083.294   1728053248    108003328
      115712            1          29.295       231424        14464
      115712            2          13.876       462848        28928
      115712            4          14.648       925696        57856
      115712            8          13.706      1851392       115712
      115712           16          13.956      3702784       231424
      115712           32          15.929      7405568       462848
      115712           64          14.327     14811136       925696
      115712          128          15.689     29622272      1851392
      115712          256          17.803     59244544      3702784
      115712          512          20.659    118489088      7405568
      115712         1024          28.122    236978176     14811136
      115712         2048          43.090    473956352     29622272
      115712         4096          74.680    947912704     59244544
      115712         8192        5095.978   1895825408    118489088
      126976            1          39.484       253952        15872
      126976            2          16.351       507904        31744
      126976            4          14.417      1015808        63488
      126976            8          14.387      2031616       126976
      126976           16          14.567      4063232       253952
      126976           32          14.096      8126464       507904
      126976           64          14.297     16252928      1015808
      126976          128          17.613     32505856      2031616
      126976          256          17.944     65011712      4063232
      126976          512          23.994    130023424      8126464
      126976         1024          33.913    260046848     16252928
      126976         2048          54.482    520093696     32505856
      126976         4096         107.521   1040187392     65011712
      126976         8192        5144.629   2080374784    130023424
      139264            1          38.852       278528        17408
      139264            2          15.759       557056        34816
      139264            4          14.417      1114112        69632
      139264            8          14.017      2228224       139264
      139264           16          14.157      4456448       278528
      139264           32          14.016      8912896       557056
      139264           64          14.818     17825792      1114112
      139264          128          16.030     35651584      2228224
      139264          256          18.525     71303168      4456448
      139264          512          25.688    142606336      8912896
      139264         1024          36.187    285212672     17825792
      139264         2048          59.201    570425344     35651584
      139264         4096         105.758   1140850688     71303168
      139264         8192        5099.815   2281701376    142606336
      152576            1          41.978       305152        19072
      152576            2          13.876       610304        38144
      152576            4          14.427      1220608        76288
      152576            8          14.958      2441216       152576
      152576           16          13.826      4882432       305152
      152576           32          13.996      9764864       610304
      152576           64          14.848     19529728      1220608
      152576          128          33.272     39059456      2441216
      152576          256          18.926     78118912      4882432
      152576          512          23.354    156237824      9764864
      152576         1024          33.112    312475648     19529728
      152576         2048          58.720    624951296     39059456
      152576         4096         108.142   1249902592     78118912
      152576         8192        5101.989   2499805184    156237824
      166912            1          34.795       333824        20864
      166912            2          13.745       667648        41728
      166912            4          14.437      1335296        83456
      166912            8          14.577      2670592       166912
      166912           16          14.307      5341184       333824
      166912           32          13.976     10682368       667648
      166912           64          15.078     21364736      1335296
      166912          128          16.782     42729472      2670592
      166912          256          21.149     85458944      5341184
      166912          512          30.928    170917888     10682368
      166912         1024          47.559    341835776     21364736
      166912         2048          83.286    683671552     42729472
      166912         4096        5047.677   1367343104     85458944
      183296            1          37.921       366592        22912
      183296            2          14.276       733184        45824
      183296            4          14.236      1466368        91648
      183296            8          13.856      2932736       183296
      183296           16          15.089      5865472       366592
      183296           32          14.717     11730944       733184
      183296           64          15.659     23461888      1466368
      183296          128          18.003     46923776      2932736
      183296          256          23.133     93847552      5865472
      183296          512          32.351    187695104     11730944
      183296         1024          53.189    375390208     23461888
      183296         2048          95.398    750780416     46923776
      183296         4096        5086.079   1501560832     93847552
      200704            1          33.783       401408        25088
      200704            2          14.417       802816        50176
      200704            4          14.176      1605632       100352
      200704            8          15.710      3211264       200704
      200704           16          14.597      6422528       401408
      200704           32          14.247     12845056       802816
      200704           64          14.968     25690112      1605632
      200704          128          16.501     51380224      3211264
      200704          256          19.687    102760448      6422528
      200704          512          24.967    205520896     12845056
      200704         1024          36.949    411041792     25690112
      200704         2048          60.343    822083584     51380224
      200704         4096        5071.873   1644167168    102760448
      220160            1          43.962       440320        27520
      220160            2          15.028       880640        55040
      220160            4          13.485      1761280       110080
      220160            8          15.279      3522560       220160
      220160           16          14.086      7045120       440320
      220160           32          15.159     14090240       880640
      220160           64          15.239     28180480      1761280
      220160          128          16.581     56360960      3522560
      220160          256          19.586    112721920      7045120
      220160          512          28.564    225443840     14090240
      220160         1024          40.545    450887680     28180480
      220160         2048          62.446    901775360     56360960
      220160         4096        5078.065   1803550720    112721920
      241664            1          31.198       483328        30208
      241664            2          16.892       966656        60416
      241664            4          14.027      1933312       120832
      241664            8          15.629      3866624       241664
      241664           16          13.956      7733248       483328
      241664           32          14.317     15466496       966656
      241664           64          15.670     30932992      1933312
      241664          128          16.581     61865984      3866624
      241664          256          20.077    123731968      7733248
      241664          512          27.842    247463936     15466496
      241664         1024          39.935    494927872     30932992
      241664         2048          70.802    989855744     61865984
      241664         4096        5086.710   1979711488    123731968
      265216            1          35.636       530432        33152
      265216            2          13.675      1060864        66304
      265216            4          14.087      2121728       132608
      265216            8          14.146      4243456       265216
      265216           16          14.958      8486912       530432
      265216           32          13.786     16973824      1060864
      265216           64          17.463     33947648      2121728
      265216          128          17.603     67895296      4243456
      265216          256          21.180    135790592      8486912
      265216          512          28.954    271581184     16973824
      265216         1024          43.481    543162368     33947648
      265216         2048          73.207   1086324736     67895296
      265216         4096        5111.006   2172649472    135790592
      290816            1          34.094       581632        36352
      290816            2          14.917      1163264        72704
      290816            4          13.635      2326528       145408
      290816            8          13.776      4653056       290816
      290816           16          13.987      9306112       581632
      290816           32          15.489     18612224      1163264
      290816           64          15.349     37224448      2326528
      290816          128          18.555     74448896      4653056
      290816          256          21.330    148897792      9306112
      290816          512          29.425    297795584     18612224
      290816         1024          44.162    595591168     37224448
      290816         2048          76.183   1191182336     74448896
      290816         4096        5087.312   2382364672    148897792
      319488            1          36.538       638976        39936
      319488            2          14.056      1277952        79872
      319488            4          15.269      2555904       159744
      319488            8          14.017      5111808       319488
      319488           16          14.457     10223616       638976
      319488           32          15.580     20447232      1277952
      319488           64          16.972     40894464      2555904
      319488          128          20.569     81788928      5111808
      319488          256          26.470    163577856     10223616
      319488          512          39.434    327155712     20447232
      319488         1024          66.174    654311424     40894464
      319488         2048         118.401   1308622848     81788928
      319488         4096        5158.635   2617245696    163577856
      351232            1          41.618       702464        43904
      351232            2          13.325      1404928        87808
      351232            4          14.607      2809856       175616
      351232            8          14.196      5619712       351232
      351232           16          13.896     11239424       702464
      351232           32          14.016     22478848      1404928
      351232           64          16.070     44957696      2809856
      351232          128          17.974     89915392      5619712
      351232          256          23.043    179830784     11239424
      351232          512          33.553    359661568     22478848
      351232         1024          55.774    719323136     44957696
      351232         2048        5053.969   1438646272     89915392
      386048            1          31.219       772096        48256
      386048            2          15.910      1544192        96512
      386048            4          14.207      3088384       193024
      386048            8          15.369      6176768       386048
      386048           16          14.537     12353536       772096
      386048           32          15.439     24707072      1544192
      386048           64          17.052     49414144      3088384
      386048          128          23.645     98828288      6176768
      386048          256          27.882    197656576     12353536
      386048          512          42.640    395313152     24707072
      386048         1024          65.493    790626304     49414144
      386048         2048        5065.922   1581252608     98828288
      423936            1          40.416       847872        52992
      423936            2          14.026      1695744       105984
      423936            4          26.961      3391488       211968
      423936            8          15.850      6782976       423936
      423936           16          16.080     13565952       847872
      423936           32          15.820     27131904      1695744
      423936           64          16.551     54263808      3391488
      423936          128          20.549    108527616      6782976
      423936          256          26.710    217055232     13565952
      423936          512          39.564    434110464     27131904
      423936         1024          65.803    868220928     54263808
      423936         2048        5103.471   1736441856    108527616
      465920            1          38.232       931840        58240
      465920            2          16.691      1863680       116480
      465920            4          15.519      3727360       232960
      465920            8          14.498      7454720       465920
      465920           16          14.287     14909440       931840
      465920           32          16.140     29818880      1863680
      465920           64          18.064     59637760      3727360
      465920          128          21.851    119275520      7454720
      465920          256          27.321    238551040     14909440
      465920          512          42.780    477102080     29818880
      465920         1024          75.482    954204160     59637760
      465920         2048        5119.772   1908408320    119275520
      512000            1          39.754      1024000        64000
      512000            2          14.216      2048000       128000
      512000            4          15.670      4096000       256000
      512000            8          25.007      8192000       512000
      512000           16          15.229     16384000      1024000
      512000           32          15.739     32768000      2048000
      512000           64          16.912     65536000      4096000
      512000          128          21.009    131072000      8192000
      512000          256          28.614    262144000     16384000
      512000          512          44.213    524288000     32768000
      512000         1024          75.291   1048576000     65536000
      512000         2048        5109.924   2097152000    131072000
      563200            1          43.812      1126400        70400
      563200            2          14.527      2252800       140800
      563200            4          14.047      4505600       281600
      563200            8          14.357      9011200       563200
      563200           16          15.750     18022400      1126400
      563200           32          15.089     36044800      2252800
      563200           64          18.314     72089600      4505600
      563200          128          21.881    144179200      9011200
      563200          256          30.407    288358400     18022400
      563200          512          46.607    576716800     36044800
      563200         1024          79.599   1153433600     72089600
      563200         2048        5102.881   2306867200    144179200
      619520            1          36.348      1239040        77440
      619520            2          13.234      2478080       154880
      619520            4          23.774      4956160       309760
      619520            8          14.627      9912320       619520
      619520           16          14.838     19824640      1239040
      619520           32          16.651     39649280      2478080
      619520           64          17.784     79298560      4956160
      619520          128          23.554    158597120      9912320
      619520          256          31.239    317194240     19824640
      619520          512          49.051    634388480     39649280
      619520         1024          85.089   1268776960     79298560
      619520         2048        5128.068   2537553920    158597120
      680960            1          40.125      1361920        85120
      680960            2          16.561      2723840       170240
      680960            4          15.008      5447680       340480
      680960            8          14.828     10895360       680960
      680960           16          15.829     21790720      1361920
      680960           32          16.330     43581440      2723840
      680960           64          18.745     87162880      5447680
      680960          128          23.474    174325760     10895360
      680960          256          33.422    348651520     21790720
      680960          512          52.889    697303040     43581440
      680960         1024        5079.147   1394606080     87162880
      748544            1          33.924      1497088        93568
      748544            2          14.607      2994176       187136
      748544            4          14.567      5988352       374272
      748544            8          26.350     11976704       748544
      748544           16          16.080     23953408      1497088
      748544           32          17.242     47906816      2994176
      748544           64          19.256     95813632      5988352
      748544          128          24.226    191627264     11976704
      748544          256          35.136    383254528     23953408
      748544          512          55.183    766509056     47906816
      748544         1024        5077.914   1533018112     95813632
      823296            1          31.249      1646592       102912
      823296            2          14.687      3293184       205824
      823296            4          14.507      6586368       411648
      823296            8          16.491     13172736       823296
      823296           16          16.771     26345472      1646592
      823296           32          17.092     52690944      3293184
      823296           64          19.747    105381888      6586368
      823296          128          25.848    210763776     13172736
      823296          256          37.169    421527552     26345472
      823296          512          61.335    843055104     52690944
      823296         1024        5067.725   1686110208    105381888
      905216            1          33.292      1810432       113152
      905216            2          13.986      3620864       226304
      905216            4          14.938      7241728       452608
      905216            8          14.437     14483456       905216
      905216           16          16.390     28966912      1810432
      905216           32          17.633     57933824      3620864
      905216           64          20.348    115867648      7241728
      905216          128          25.958    231735296     14483456
      905216          256          49.964    463470592     28966912
      905216          512          63.288    926941184     57933824
      905216         1024        5086.681   1853882368    115867648
      995328            1          43.471      1990656       124416
      995328            2          14.657      3981312       248832
      995328            4          16.942      7962624       497664
      995328            8          16.771     15925248       995328
      995328           16          17.603     31850496      1990656
      995328           32          19.977     63700992      3981312
      995328           64          20.749    127401984      7962624
      995328          128          27.281    254803968     15925248
      995328          256          41.458    509607936     31850496
      995328          512          67.707   1019215872     63700992
      995328         1024        5071.994   2038431744    127401984
     1094656            1          47.549      2189312       136832
     1094656            2          15.068      4378624       273664
     1094656            4          17.242      8757248       547328
     1094656            8          16.060     17514496      1094656
     1094656           16          17.082     35028992      2189312
     1094656           32          17.913     70057984      4378624
     1094656           64          20.899    140115968      8757248
     1094656          128          29.295    280231936     17514496
     1094656          256          54.542    560463872     35028992
     1094656          512          72.496   1120927744     70057984
     1094656         1024        5084.767   2241855488    140115968
     1203200            1          48.771      2406400       150400
     1203200            2          14.357      4812800       300800
     1203200            4          14.787      9625600       601600
     1203200            8          15.329     19251200      1203200
     1203200           16          16.320     38502400      2406400
     1203200           32          17.804     77004800      4812800
     1203200           64          21.751    154009600      9625600
     1203200          128          30.577    308019200     19251200
     1203200          256          46.206    616038400     38502400
     1203200          512          77.725   1232076800     77004800
     1203200         1024        5119.041   2464153600    154009600
     1323008            1          59.060      2646016       165376
     1323008            2          18.084      5292032       330752
     1323008            4          15.219     10584064       661504
     1323008            8          17.482     21168128      1323008
     1323008           16          18.675     42336256      2646016
     1323008           32          18.815     84672512      5292032
     1323008           64          23.864    169345024     10584064
     1323008          128          32.180    338690048     21168128
     1323008          256          48.681    677380096     42336256
     1323008          512          82.885   1354760192     84672512
     1323008         1024        5112.298   2709520384    169345024
     1455104            1          42.529      2910208       181888
     1455104            2          16.440      5820416       363776
     1455104            4          15.649     11640832       727552
     1455104            8          15.890     23281664      1455104
     1455104           16          17.302     46563328      2910208
     1455104           32          18.876     93126656      5820416
     1455104           64          24.275    186253312     11640832
     1455104          128          33.532    372506624     23281664
     1455104          256          54.813    745013248     46563328
     1455104          512        5047.567   1490026496     93126656
     1600512            1          38.963      3201024       200064
     1600512            2          15.058      6402048       400128
     1600512            4          16.551     12804096       800256
     1600512            8          16.291     25608192      1600512
     1600512           16          17.272     51216384      3201024
     1600512           32          20.338    102432768      6402048
     1600512           64          25.357    204865536     12804096
     1600512          128          35.617    409731072     25608192
     1600512          256          67.336    819462144     51216384
     1600512          512        5062.235   1638924288    102432768
     1760256            1          49.082      3520512       220032
     1760256            2          15.108      7041024       440064
     1760256            4          15.980     14082048       880128
     1760256            8          17.132     28164096      1760256
     1760256           16          17.843     56328192      3520512
     1760256           32          20.358    112656384      7041024
     1760256           64          25.949    225312768     14082048
     1760256          128          37.720    450625536     28164096
     1760256          256          60.583    901251072     56328192
     1760256          512        5055.111   1802502144    112656384
     1935360            1          42.359      3870720       241920
     1935360            2          15.700      7741440       483840
     1935360            4          14.808     15482880       967680
     1935360            8          18.194     30965760      1935360
     1935360           16          32.982     61931520      3870720
     1935360           32          21.651    123863040      7741440
     1935360           64          28.063    247726080     15482880
     1935360          128          39.073    495452160     30965760
     1935360          256          65.142    990904320     61931520
     1935360          512        5085.048   1981808640    123863040
     2128896            1          53.631      4257792       266112
     2128896            2          15.990      8515584       532224
     2128896            4          16.150     17031168      1064448
     2128896            8          17.132     34062336      2128896
     2128896           16          18.695     68124672      4257792
     2128896           32          21.320    136249344      8515584
     2128896           64          29.034    272498688     17031168
     2128896          128          42.399    544997376     34062336
     2128896          256          69.940   1089994752     68124672
     2128896          512        5103.311   2179989504    136249344
     2340864            1          53.951      4681728       292608
     2340864            2          17.092      9363456       585216
     2340864            4          16.180     18726912      1170432
     2340864            8          17.052     37453824      2340864
     2340864           16          20.168     74907648      4681728
     2340864           32          22.593    149815296      9363456
     2340864           64          29.395    299630592     18726912
     2340864          128          58.008    599261184     37453824
     2340864          256          79.118   1198522368     74907648
     2340864          512        5097.190   2397044736    149815296
     2574336            1          47.629      5148672       321792
     2574336            2          15.719     10297344       643584
     2574336            4          16.651     20594688      1287168
     2574336            8          17.813     41189376      2574336
     2574336           16          18.985     82378752      5148672
     2574336           32          24.516    164757504     10297344
     2574336           64          31.408    329515008     20594688
     2574336          128          48.180    659030016     41189376
     2574336          256          81.322   1318060032     82378752
     2574336          512        5107.339   2636120064    164757504
     2831360            1          47.839      5662720       353920
     2831360            2          16.181     11325440       707840
     2831360            4          16.812     22650880      1415680
     2831360            8          18.324     45301760      2831360
     2831360           16          22.292     90603520      5662720
     2831360           32          27.842    181207040     11325440
     2831360           64          35.145    362414080     22650880
     2831360          128          64.991    724828160     45301760
     2831360          256        5034.864   1449656320     90603520
     3113984            1          59.582      6227968       389248
     3113984            2          16.681     12455936       778496
     3113984            4          18.715     24911872      1556992
     3113984            8          17.974     49823744      3113984
     3113984           16          20.960     99647488      6227968
     3113984           32          26.430    199294976     12455936
     3113984           64          35.506    398589952     24911872
     3113984          128          55.233    797179904     49823744
     3113984          256        5091.610   1594359808     99647488
     3425280            1          60.153      6850560       428160
     3425280            2          17.843     13701120       856320
     3425280            4          17.602     27402240      1712640
     3425280            8          19.115     54804480      3425280
     3425280           16          20.930    109608960      6850560
     3425280           32          26.429    219217920     13701120
     3425280           64          38.042    438435840     27402240
     3425280          128          58.479    876871680     54804480
     3425280          256        5060.432   1753743360    109608960
     3767296            1          52.348      7534592       470912
     3767296            2         673.028     15069184       941824
     3767296            4          22.171     30138368      1883648
     3767296            8          20.559     60276736      3767296
     3767296           16          21.841    120553472      7534592
     3767296           32          28.183    241106944     15069184
     3767296           64          39.955    482213888     30138368
     3767296          128          63.028    964427776     60276736
     3767296          256        5057.616   1928855552    120553472
     4143104            1          75.281      8286208       517888
     4143104            2          17.553     16572416      1035776
     4143104            4          18.154     33144832      2071552
     4143104            8          20.097     66289664      4143104
     4143104           16          23.253    132579328      8286208
     4143104           32          29.295    265158656     16572416
     4143104           64          42.330    530317312     33144832
     4143104          128          68.448   1060634624     66289664
     4143104          256        5073.276   2121269248    132579328
     4556800            1          60.914      9113600       569600
     4556800            2          18.124     18227200      1139200
     4556800            4          18.986     36454400      2278400
     4556800            8          22.092     72908800      4556800
     4556800           16          24.325    145817600      9113600
     4556800           32          30.908    291635200     18227200
     4556800           64          44.974    583270400     36454400
     4556800          128          73.828   1166540800     72908800
     4556800          256        5087.873   2333081600    145817600
     5012480            1          69.450     10024960       626560
     5012480            2          30.497     20049920      1253120
     5012480            4          22.442     40099840      2506240
     5012480            8          23.804     80199680      5012480
     5012480           16          25.267    160399360     10024960
     5012480           32          32.551    320798720     20049920
     5012480           64          48.160    641597440     40099840
     5012480          128          79.318   1283194880     80199680
     5012480          256        5094.846   2566389760    160399360
     5513216            1          79.228     11026432       689152
     5513216            2          20.338     22052864      1378304
     5513216            4          20.137     44105728      2756608
     5513216            8          23.424     88211456      5513216
     5513216           16          27.260    176422912     11026432
     5513216           32          34.585    352845824     22052864
     5513216           64          51.796    705691648     44105728
     5513216          128        5124.691   1411383296     88211456
     6064128            1          98.995     12128256       758016
     6064128            2          19.286     24256512      1516032
     6064128            4          36.919     48513024      3032064
     6064128            8          24.285     97026048      6064128
     6064128           16          29.966    194052096     12128256
     6064128           32          37.230    388104192     24256512
     6064128           64          55.273    776208384     48513024
     6064128          128        5044.412   1552416768     97026048
     6670336            1          64.621     13340672       833792
     6670336            2          20.207     26681344      1667584
     6670336            4          21.730     53362688      3335168
     6670336            8          23.354    106725376      6670336
     6670336           16          29.815    213450752     13340672
     6670336           32          40.175    426901504     26681344
     6670336           64          60.003    853803008     53362688
     6670336          128        5039.182   1707606016    106725376
     7336960            1          99.826     14673920       917120
     7336960            2          21.711     29347840      1834240
     7336960            4          22.723     58695680      3668480
     7336960            8          24.546    117391360      7336960
     7336960           16          31.018    234782720     14673920
     7336960           32          51.646    469565440     29347840
     7336960           64          65.863    939130880     58695680
     7336960          128        5048.679   1878261760    117391360
     8070144            1          79.078     16140288      1008768
     8070144            2          22.242     32280576      2017536
     8070144            4          22.862     64561152      4035072
     8070144            8          25.918    129122304      8070144
     8070144           16          32.540    258244608     16140288
     8070144           32          44.253    516489216     32280576
     8070144           64          68.638   1032978432     64561152
     8070144          128        5053.378   2065956864    129122304
     8877056            1         109.234     17754112      1109632
     8877056            2          21.901     35508224      2219264
     8877056            4          23.373     71016448      4438528
     8877056            8          26.450    142032896      8877056
     8877056           16          33.993    284065792     17754112
     8877056           32          47.639    568131584     35508224
     8877056           64          74.490   1136263168     71016448
     8877056          128        5090.909   2272526336    142032896
     9763840            1         114.654     19527680      1220480
     9763840            2          23.854     39055360      2440960
     9763840            4          24.165     78110720      4881920
     9763840            8          28.083    156221440      9763840
     9763840           16          39.002    312442880     19527680
     9763840           32          50.224    624885760     39055360
     9763840           64          84.157   1249771520     78110720
     9763840          128        5078.155   2499543040    156221440
    10739712            1         103.594     21479424      1342464
    10739712            2          24.746     42958848      2684928
    10739712            4          26.048     85917696      5369856
    10739712            8          29.164    171835392     10739712
    10739712           16          38.992    343670784     21479424
    10739712           32          55.433    687341568     42958848
    10739712           64        5015.398   1374683136     85917696
    11812864            1         117.851     23625728      1476608
    11812864            2          25.167     47251456      2953216
    11812864            4          26.449     94502912      5906432
    11812864            8          31.148    189005824     11812864
    11812864           16          39.624    378011648     23625728
    11812864           32          58.740    756023296     47251456
    11812864           64        5014.836   1512046592     94502912
    12993536            1         126.486     25987072      1624192
    12993536            2          26.389     51974144      3248384
    12993536            4          27.581    103948288      6496768
    12993536            8          33.142    207896576     12993536
    12993536           16          42.810    415793152     25987072
    12993536           32          62.547    831586304     51974144
    12993536           64        5016.849   1663172608    103948288
    14291968            1         140.523     28583936      1786496
    14291968            2          28.172     57167872      3572992
    14291968            4          29.435    114335744      7145984
    14291968            8          34.555    228671488     14291968
    14291968           16          47.048    457342976     28583936
    14291968           32          67.066    914685952     57167872
    14291968           64        5033.051   1829371904    114335744
    15720448            1         153.618     31440896      1965056
    15720448            2          32.782     62881792      3930112
    15720448            4          32.751    125763584      7860224
    15720448            8          38.543    251527168     15720448
    15720448           16          74.078    503054336     31440896
    15720448           32          73.918   1006108672     62881792
    15720448           64        5049.320   2012217344    125763584
    17292288            1         163.576     34584576      2161536
    17292288            2          35.106     69169152      4323072
    17292288            4          32.871    138338304      8646144
    17292288            8          39.924    276676608     17292288
    17292288           16          52.979    553353216     34584576
    17292288           32          79.799   1106706432     69169152
    17292288           64        5030.907   2213412864    138338304
    19020800            1         166.401     38041600      2377600
    19020800            2          38.502     76083200      4755200
    19020800            4          35.316    152166400      9510400
    19020800            8          41.117    304332800     19020800
    19020800           16          56.866    608665600     38041600
    19020800           32          85.881   1217331200     76083200
    19020800           64        5049.811   2434662400    152166400
    20922368            1         191.869     41844736      2615296
    20922368            2          41.618     83689472      5230592
    20922368            4          37.080    167378944     10461184
    20922368            8          45.375    334757888     20922368
    20922368           16          60.894    669515776     41844736
    20922368           32         101.990   1339031552     83689472
    20922368           64        5045.013   2678063104    167378944
    23014400            1         199.303     46028800      2876800
    23014400            2          50.534     92057600      5753600
    23014400            4          38.873    184115200     11507200
    23014400            8          47.318    368230400     23014400
    23014400           16          66.965    736460800     46028800
    23014400           32        4976.585   1472921600     92057600
    25315328            1         205.725     50630656      3164416
    25315328            2          55.664    101261312      6328832
    25315328            4          42.219    202522624     12657664
    25315328            8          55.494    405045248     25315328
    25315328           16          79.248    810090496     50630656
    25315328           32        4958.140   1620180992    101261312
    27846656            1         240.129     55693312      3480832
    27846656            2          62.958    111386624      6961664
    27846656            4          44.423    222773248     13923328
    27846656            8          54.642    445546496     27846656
    27846656           16          75.361    891092992     55693312
    27846656           32        4970.633   1782185984    111386624
    30630912            1         257.110     61261824      3828864
    30630912            2          73.347    122523648      7657728
    30630912            4          49.072    245047296     15315456
    30630912            8          71.073    490094592     30630912
    30630912           16          84.067    980189184     61261824
    30630912           32        4970.604   1960378368    122523648
    33693696            1         282.248     67387392      4211712
    33693696            2          87.834    134774784      8423424
    33693696            4          50.754    269549568     16846848
    33693696            8          64.270    539099136     33693696
    33693696           16          94.757   1078198272     67387392
    33693696           32        4985.762   2156396544    134774784
    37062656            1         312.784     74125312      4632832
    37062656            2         100.417    148250624      9265664
    37062656            4          60.203    296501248     18531328
    37062656            8          73.357    593002496     37062656
    37062656           16         101.389   1186004992     74125312
    37062656           32        4973.429   2372009984    148250624
    40768512            1         338.022     81537024      5096064
    40768512            2         111.599    163074048     10192128
    40768512            4          59.200    326148096     20384256
    40768512            8          89.788    652296192     40768512
    40768512           16         114.284   1304592384     81537024
    40768512           32        4946.308   2609184768    163074048
    44845056            1         362.277     89690112      5605632
    44845056            2         120.786    179380224     11211264
    44845056            4          69.360    358760448     22422528
    44845056            8          85.149    717520896     44845056
    44845056           16        4881.247   1435041792     89690112
    49329152            1         399.607     98658304      6166144
    49329152            2         127.839    197316608     12332288
    49329152            4          78.918    394633216     24664576
    49329152            8          96.089    789266432     49329152
    49329152           16        4868.392   1578532864     98658304
    54261760            1         432.779    108523520      6782720
    54261760            2         137.978    217047040     13565440
    54261760            4          84.799    434094080     27130880
    54261760            8         111.849    868188160     54261760
    54261760           16        4850.028   1736376320    108523520
    59687936            1         478.545    119375872      7460992
    59687936            2         150.352    238751744     14921984
    59687936            4          96.200    477503488     29843968
    59687936            8         117.791    955006976     59687936
    59687936           16        4860.748   1910013952    119375872
    65655808            1         525.372    131311616      8206976
    65655808            2         155.451    262623232     16413952
    65655808            4         103.734    525246464     32827904
    65655808            8         128.780   1050492928     65655808
    65655808           16        4834.008   2100985856    131311616
    72220672            1         576.448    144441344      9027584
    72220672            2         168.074    288882688     18055168
    72220672            4         120.525    577765376     36110336
    72220672            8         147.906   1155530752     72220672
    72220672           16        4855.809   2311061504    144441344
    79441920            1         954.475    158883840      9930240
    79441920            2         268.151    317767680     19860480
    79441920            4         231.042    635535360     39720960
    79441920            8         230.681   1271070720     79441920
    79441920           16        4905.161   2542141440    158883840
    87386112            1         671.887    174772224     10923264
    87386112            2         950.537    349544448     21846528
    87386112            4         186.248    699088896     43693056
    87386112            8        4821.936   1398177792     87386112
    96123904            1         751.215    192247808     12015488
    96123904            2         214.070    384495616     24030976
    96123904            4         162.293    768991232     48061952
    96123904            8        4876.598   1537982464     96123904
   105736192            1        1176.289    211472384     13217024
   105736192            2         285.223    422944768     26434048
   105736192            4         342.120    845889536     52868096
   105736192            8        5038.541   1691779072    105736192
   116308992            1        1302.204    232617984     14538624
   116308992            2         317.624    465235968     29077248
   116308992            4         314.227    930471936     58154496
   116308992            8        4942.421   1860943872    116308992
   127939584            1         973.179    255879168     15992448
   127939584            2         321.802    511758336     31984896
   127939584            4         260.627   1023516672     63969792
   127939584            8        4687.033   2047033344    127939584
   140733440            1        1082.874    281466880     17591680
   140733440            2         283.710    562933760     35183360
   140733440            4         238.626   1125867520     70366720
   140733440            8        4760.711   2251735040    140733440
   154806272            1        1735.816    309612544     19350784
   154806272            2         427.048    619225088     38701568
   154806272            4         480.288   1238450176     77403136
   154806272            8        4868.162   2476900352    154806272
   170286080            1        1291.094    340572160     21285760
   170286080            2         482.012    681144320     42571520
   170286080            4        4765.200   1362288640     85143040
   187314176            1        1846.382    374628352     23414272
   187314176            2         598.719    749256704     46828544
   187314176            4        4886.156   1498513408     93657088
   206045184            1        2214.249    412090368     25755648
   206045184            2         696.723    824180736     51511296
   206045184            4        5123.249   1648361472    103022592
   226649088            1        2359.531    453298176     28331136
   226649088            2        1086.892    906596352     56662272
   226649088            4        4965.714   1813192704    113324544
   249313280            1        2529.029    498626560     31164160
   249313280            2         984.511    997253120     62328320
   249313280            4        4712.872   1994506240    124656640
   274244608            1        2753.147    548489216     34280576
   274244608            2        1393.797   1096978432     68561152
   274244608            4        4738.349   2193956864    137122304
   301668352            1        2372.025    603336704     37708544
   301668352            2        1629.276   1206673408     75417088
   301668352            4        5405.156   2413346816    150834176
   331834368            1        2439.300    663668736     41479296
   331834368            2        2307.023   1327337472     82958592
   331834368            4        5771.180   2654674944    165917184
   365017088            1        2704.226    730034176     45627136
   365017088            2        6439.330   1460068352     91254272
   401518592            1        2973.289    803037184     50189824
   401518592            2        6874.985   1606074368    100379648
   441669632            1        3266.157    883339264     55208704
   441669632            2        7033.100   1766678528    110417408
   485835776            1        3591.344    971671552     60729472
   485835776            2        7413.481   1943343104    121458944
   534418432            1        3956.097   1068836864     66802304
   534418432            2        7927.663   2137673728    133604608
   587859968            1        4326.289   1175719936     73482496
   587859968            2        9817.015   2351439872    146964992
   646645760            1        4798.321   1293291520     80830720
   646645760            2       12396.257   2586583040    161661440
   711310336            1        9875.214   1422620672     88913792
   782440448            1       10465.608   1564880896     97805056
   860684288            1       11186.936   1721368576    107585536
   946752512            1       11916.119   1893505024    118344064
  1041427456            1       12623.783   2082854912    130178432
  1145569280            1       13166.968   2291138560    143196160
  1260126208            1        9317.491   2520252416    157515776

META_DATA
FLOPS          1
MPI_PROCS      64
OPENMP_THREADS 2
ERT_VERSION  1.1.0
HOSTNAME  ('tcn46.local.snellius.surf.nl', [], ['172.18.56.56'])
UNAME  uname_result(system='Linux', node='tcn46.local.snellius.surf.nl', release='4.18.0-372.80.1.el8_6.x86_64', version='#1 SMP Fri Nov 3 14:30:16 EDT 2023', machine='x86_64', processor='x86_64')
TIMESTAMP_DATA  1707384394.5436444
CONFIG  {'ERT_RESULTS': ['Results.snellius.01'], 'ERT_DRIVER': ['driver1'], 'ERT_KERNEL': ['kernel1'], 'ERT_MPI': ['True'], 'ERT_MPI_CFLAGS': [], 'ERT_MPI_LDFLAGS': [], 'ERT_OPENMP': ['True'], 'ERT_OPENMP_CFLAGS': ['-fopenmp'], 'ERT_OPENMP_LDFLAGS': ['-fopenmp'], 'ERT_FLOPS': ['1,2,4,8,16'], 'ERT_ALIGN': ['32'], 'ERT_CC': ['mpic++'], 'ERT_CFLAGS': ['-Ofast', '-fargument-noalias', '-mavx2'], 'ERT_LD': ['mpic++'], 'ERT_LDFLAGS': [], 'ERT_LDLIBS': [], 'ERT_RUN': ['export', 'OMP_NUM_THREADS=ERT_OPENMP_THREADS;', 'mpirun', '-np', 'ERT_MPI_PROCS', 'ERT_CODE'], 'ERT_PROCS_THREADS': ['32,64,128'], 'ERT_MPI_PROCS': ['32,64,128'], 'ERT_OPENMP_THREADS': ['1,2,4,8'], 'ERT_NUM_EXPERIMENTS': ['5'], 'ERT_MEMORY_MAX': ['1357905920'], 'ERT_WORKING_SET_MIN': ['1'], 'ERT_TRIALS_MIN': ['1'], 'ERT_GNUPLOT': ['gnuplot'], 'ERT_GPU': [False], 'ERT_HIP': [False], 'ERT_PRECISION': ['FP64'], 'ERT_OCL': [False], 'ERT_SYCL': [False], 'ERT_WSS_MULT': [1.1]}
