fp64
        1024            1         830.725         2048          128
        1024            2           5.029         4096          256
        1024            4          12.754         8192          512
        1024            8           5.079        16384         1024
        1024           16           6.041        32768         2048
        1024           32           4.348        65536         4096
        1024           64           4.629       131072         8192
        1024          128           4.569       262144        16384
        1024          256           4.328       524288        32768
        1024          512           5.500      1048576        65536
        1024         1024           4.980      2097152       131072
        1024         2048           5.119      4194304       262144
        1024         4096           7.083      8388608       524288
        1024         8192          13.886     16777216      1048576
        1024        16384          82.905     33554432      2097152
        1024        32768          23.784     67108864      4194304
        1024        65536          44.554    134217728      8388608
        1024       131072          82.665    268435456     16777216
        1024       262144         162.664    536870912     33554432
        1024       524288         407.563   1073741824     67108864
        1024      1048576         626.032   2147483648    134217728
        2048            1          22.051         4096          256
        2048            2           4.919         8192          512
        2048            4           4.548        16384         1024
        2048            8           4.809        32768         2048
        2048           16           4.459        65536         4096
        2048           32           4.939       131072         8192
        2048           64          14.577       262144        16384
        2048          128           4.689       524288        32768
        2048          256           4.418      1048576        65536
        2048          512           4.518      2097152       131072
        2048         1024           5.711      4194304       262144
        2048         2048           6.172      8388608       524288
        2048         4096           6.712     16777216      1048576
        2048         8192           9.528     33554432      2097152
        2048        16384          13.665     67108864      4194304
        2048        32768          25.588    134217728      8388608
        2048        65536          42.640    268435456     16777216
        2048       131072          84.438    536870912     33554432
        2048       262144         205.544   1073741824     67108864
        2048       524288         307.075   2147483648    134217728
        3072            1           5.841         6144          384
        3072            2           4.429        12288          768
        3072            4           5.520        24576         1536
        3072            8           3.747        49152         3072
        3072           16           5.340        98304         6144
        3072           32           4.318       196608        12288
        3072           64           4.348       393216        24576
        3072          128           3.737       786432        49152
        3072          256           4.608      1572864        98304
        3072          512           6.102      3145728       196608
        3072         1024           4.599      6291456       393216
        3072         2048           5.801     12582912       786432
        3072         4096           6.913     25165824      1572864
        3072         8192          10.871     50331648      3145728
        3072        16384          14.577    100663296      6291456
        3072        32768          22.942    201326592     12582912
        3072        65536          44.022    402653184     25165824
        3072       131072          80.431    805306368     50331648
        3072       262144         157.635   1610612736    100663296
        4096            1          12.172         8192          512
        4096            2           5.169        16384         1024
        4096            4           5.060        32768         2048
        4096            8           4.468        65536         4096
        4096           16           4.899       131072         8192
        4096           32           4.489       262144        16384
        4096           64           5.220       524288        32768
        4096          128           4.127      1048576        65536
        4096          256           4.729      2097152       131072
        4096          512           4.769      4194304       262144
        4096         1024           4.889      8388608       524288
        4096         2048           4.949     16777216      1048576
        4096         4096           5.551     33554432      2097152
        4096         8192           8.505     67108864      4194304
        4096        16384          10.459    134217728      8388608
        4096        32768          22.391    268435456     16777216
        4096        65536          29.605    536870912     33554432
        4096       131072          55.854   1073741824     67108864
        4096       262144         105.818   2147483648    134217728
        5120            1          16.090        10240          640
        5120            2           4.128        20480         1280
        5120            4           4.919        40960         2560
        5120            8           6.933        81920         5120
        5120           16           4.639       163840        10240
        5120           32           4.819       327680        20480
        5120           64           4.608       655360        40960
        5120          128           6.933      1310720        81920
        5120          256           4.599      2621440       163840
        5120          512           4.298      5242880       327680
        5120         1024           5.350     10485760       655360
        5120         2048           5.120     20971520      1310720
        5120         4096           9.518     41943040      2621440
        5120         8192          10.389     83886080      5242880
        5120        16384          13.645    167772160     10485760
        5120        32768          28.082    335544320     20971520
        5120        65536          42.229    671088640     41943040
        5120       131072          80.951   1342177280     83886080
        5120       262144         155.641   2684354560    167772160
        6144            1          12.233        12288          768
        6144            2           4.789        24576         1536
        6144            4           6.372        49152         3072
        6144            8           4.930        98304         6144
        6144           16           4.609       196608        12288
        6144           32           4.518       393216        24576
        6144           64           4.598       786432        49152
        6144          128           6.201      1572864        98304
        6144          256           4.348      3145728       196608
        6144          512           5.520      6291456       393216
        6144         1024           5.179     12582912       786432
        6144         2048           5.660     25165824      1572864
        6144         4096           7.073     50331648      3145728
        6144         8192           9.168    100663296      6291456
        6144        16384          14.567    201326592     12582912
        6144        32768          28.814    402653184     25165824
        6144        65536          53.140    805306368     50331648
        6144       131072          80.000   1610612736    100663296
        7168            1          20.929        14336          896
        7168            2           7.304        28672         1792
        7168            4           9.117        57344         3584
        7168            8           7.514       114688         7168
        7168           16           7.454       229376        14336
        7168           32           5.600       458752        28672
        7168           64           4.618       917504        57344
        7168          128           5.640      1835008       114688
        7168          256           4.508      3670016       229376
        7168          512           4.939      7340032       458752
        7168         1024           8.176     14680064       917504
        7168         2048           5.621     29360128      1835008
        7168         4096           7.664     58720256      3670016
        7168         8192          10.210    117440512      7340032
        7168        16384          14.457    234881024     14680064
        7168        32768          23.093    469762048     29360128
        7168        65536          43.251    939524096     58720256
        7168       131072          79.929   1879048192    117440512
        8192            1           5.050        16384         1024
        8192            2           5.370        32768         2048
        8192            4           4.598        65536         4096
        8192            8           7.214       131072         8192
        8192           16           5.089       262144        16384
        8192           32           5.440       524288        32768
        8192           64           4.328      1048576        65536
        8192          128           4.979      2097152       131072
        8192          256           5.400      4194304       262144
        8192          512           8.375      8388608       524288
        8192         1024           5.921     16777216      1048576
        8192         2048           5.861     33554432      2097152
        8192         4096           8.475     67108864      4194304
        8192         8192           8.576    134217728      8388608
        8192        16384          14.467    268435456     16777216
        8192        32768          23.494    536870912     33554432
        8192        65536          42.600   1073741824     67108864
        8192       131072          80.911   2147483648    134217728
        9216            1          10.680        18432         1152
        9216            2           6.181        36864         2304
        9216            4           4.538        73728         4608
        9216            8           8.255       147456         9216
        9216           16           4.409       294912        18432
        9216           32           4.910       589824        36864
        9216           64           4.499      1179648        73728
        9216          128           4.759      2359296       147456
        9216          256           5.230      4718592       294912
        9216          512           4.749      9437184       589824
        9216         1024           5.350     18874368      1179648
        9216         2048           5.360     37748736      2359296
        9216         4096           7.404     75497472      4718592
        9216         8192           9.458    150994944      9437184
        9216        16384          14.197    301989888     18874368
        9216        32768          28.944    603979776     37748736
        9216        65536          61.626   1207959552     75497472
        9216       131072          81.262   2415919104    150994944
       10240            1          10.700        20480         1280
       10240            2           7.945        40960         2560
       10240            4           4.889        81920         5120
       10240            8           6.262       163840        10240
       10240           16           5.340       327680        20480
       10240           32           5.710       655360        40960
       10240           64           5.019      1310720        81920
       10240          128           4.438      2621440       163840
       10240          256           7.765      5242880       327680
       10240          512           4.829     10485760       655360
       10240         1024           5.370     20971520      1310720
       10240         2048           5.630     41943040      2621440
       10240         4096           7.594     83886080      5242880
       10240         8192           9.758    167772160     10485760
       10240        16384          13.856    335544320     20971520
       10240        32768          24.055    671088640     41943040
       10240        65536          41.768   1342177280     83886080
       10240       131072         101.931   2684354560    167772160
       11264            1           4.959        22528         1408
       11264            2           5.620        45056         2816
       11264            4           5.670        90112         5632
       11264            8           5.280       180224        11264
       11264           16           6.282       360448        22528
       11264           32           4.288       720896        45056
       11264           64           5.199      1441792        90112
       11264          128           4.749      2883584       180224
       11264          256           6.322      5767168       360448
       11264          512           4.619     11534336       720896
       11264         1024           4.658     23068672      1441792
       11264         2048           6.903     46137344      2883584
       11264         4096           6.883     92274688      5767168
       11264         8192          10.279    184549376     11534336
       11264        16384          13.766    369098752     23068672
       11264        32768          24.185    738197504     46137344
       11264        65536          99.576   1476395008     92274688
       12288            1           3.126        24576         1536
       12288            2           4.308        49152         3072
       12288            4           6.311        98304         6144
       12288            8           5.961       196608        12288
       12288           16           5.040       393216        24576
       12288           32           7.574       786432        49152
       12288           64           4.278      1572864        98304
       12288          128           5.981      3145728       196608
       12288          256           4.498      6291456       393216
       12288          512           5.861     12582912       786432
       12288         1024           5.961     25165824      1572864
       12288         2048           8.065     50331648      3145728
       12288         4096          10.830    100663296      6291456
       12288         8192          16.501    201326592     12582912
       12288        16384          29.605    402653184     25165824
       12288        32768          54.613    805306368     50331648
       12288        65536         105.066   1610612736    100663296
       13312            1          14.126        26624         1664
       13312            2          14.487        53248         3328
       13312            4          15.789       106496         6656
       13312            8           6.953       212992        13312
       13312           16          11.642       425984        26624
       13312           32           4.338       851968        53248
       13312           64           9.047      1703936       106496
       13312          128           3.998      3407872       212992
       13312          256           5.030      6815744       425984
       13312          512           4.679     13631488       851968
       13312         1024           5.661     27262976      1703936
       13312         2048           8.065     54525952      3407872
       13312         4096           9.828    109051904      6815744
       13312         8192          16.681    218103808     13631488
       13312        16384          28.784    436207616     27262976
       13312        32768          55.343    872415232     54525952
       13312        65536         104.556   1744830464    109051904
       14336            1          15.860        28672         1792
       14336            2           4.598        57344         3584
       14336            4           5.019       114688         7168
       14336            8           6.642       229376        14336
       14336           16           4.709       458752        28672
       14336           32           6.532       917504        57344
       14336           64           4.969      1835008       114688
       14336          128           4.498      3670016       229376
       14336          256           4.949      7340032       458752
       14336          512           5.049     14680064       917504
       14336         1024           6.753     29360128      1835008
       14336         2048           6.782     58720256      3670016
       14336         4096          10.380    117440512      7340032
       14336         8192          16.060    234881024     14680064
       14336        16384          28.744    469762048     29360128
       14336        32768          53.780    939524096     58720256
       14336        65536         104.906   1879048192    117440512
       15360            1          20.959        30720         1920
       15360            2           9.197        61440         3840
       15360            4           5.671       122880         7680
       15360            8           8.426       245760        15360
       15360           16          14.988       491520        30720
       15360           32           7.234       983040        61440
       15360           64           7.414      1966080       122880
       15360          128           4.939      3932160       245760
       15360          256           4.348      7864320       491520
       15360          512           7.514     15728640       983040
       15360         1024           5.941     31457280      1966080
       15360         2048           9.999     62914560      3932160
       15360         4096           9.577    125829120      7864320
       15360         8192          16.361    251658240     15728640
       15360        16384          28.514    503316480     31457280
       15360        32768          54.292   1006632960     62914560
       15360        65536         104.185   2013265920    125829120
       16384            1          26.049        32768         2048
       16384            2          16.701        65536         4096
       16384            4           6.973       131072         8192
       16384            8           9.277       262144        16384
       16384           16          19.496       524288        32768
       16384           32           5.861      1048576        65536
       16384           64           5.250      2097152       131072
       16384          128           4.498      4194304       262144
       16384          256           9.518      8388608       524288
       16384          512           5.391     16777216      1048576
       16384         1024           9.758     33554432      2097152
       16384         2048           9.097     67108864      4194304
       16384         4096          14.167    134217728      8388608
       16384         8192          24.445    268435456     16777216
       16384        16384          44.934    536870912     33554432
       16384        32768          86.221   1073741824     67108864
       16384        65536         167.744   2147483648    134217728
       17408            1          13.055        34816         2176
       17408            2           4.909        69632         4352
       17408            4           7.384       139264         8704
       17408            8           4.528       278528        17408
       17408           16           7.745       557056        34816
       17408           32           5.009      1114112        69632
       17408           64           4.268      2228224       139264
       17408          128           5.811      4456448       278528
       17408          256           4.588      8912896       557056
       17408          512           6.261     17825792      1114112
       17408         1024           6.402     35651584      2228224
       17408         2048           8.587     71303168      4456448
       17408         4096          10.049    142606336      8912896
       17408         8192          18.144    285212672     17825792
       17408        16384          30.788    570425344     35651584
       17408        32768          59.912   1140850688     71303168
       17408        65536         117.220   2281701376    142606336
       18432            1          28.053        36864         2304
       18432            2           6.773        73728         4608
       18432            4           4.659       147456         9216
       18432            8           9.348       294912        18432
       18432           16           5.110       589824        36864
       18432           32           4.369      1179648        73728
       18432           64           6.692      2359296       147456
       18432          128           4.840      4718592       294912
       18432          256           6.682      9437184       589824
       18432          512           5.590     18874368      1179648
       18432         1024           7.644     37748736      2359296
       18432         2048           7.714     75497472      4718592
       18432         4096          10.921    150994944      9437184
       18432         8192          17.273    301989888     18874368
       18432        16384          31.589    603979776     37748736
       18432        32768          60.534   1207959552     75497472
       18432        65536         117.039   2415919104    150994944
       19456            1           4.708        38912         2432
       19456            2           4.368        77824         4864
       19456            4           4.538       155648         9728
       19456            8           4.929       311296        19456
       19456           16           4.829       622592        38912
       19456           32           5.631      1245184        77824
       19456           64           4.578      2490368       155648
       19456          128           6.201      4980736       311296
       19456          256           4.899      9961472       622592
       19456          512           5.530     19922944      1245184
       19456         1024           5.440     39845888      2490368
       19456         2048          11.522     79691776      4980736
       19456         4096          11.271    159383552      9961472
       19456         8192          17.723    318767104     19922944
       19456        16384          34.735    637534208     39845888
       19456        32768          60.153   1275068416     79691776
       19456        65536         105.016   2550136832    159383552
       20480            1          34.284        40960         2560
       20480            2           4.990        81920         5120
       20480            4           5.330       163840        10240
       20480            8           4.919       327680        20480
       20480           16           5.751       655360        40960
       20480           32           4.217      1310720        81920
       20480           64           7.324      2621440       163840
       20480          128           5.010      5242880       327680
       20480          256           5.009     10485760       655360
       20480          512           5.461     20971520      1310720
       20480         1024           6.161     41943040      2621440
       20480         2048           8.436     83886080      5242880
       20480         4096          11.532    167772160     10485760
       20480         8192          32.210    335544320     20971520
       20480        16384          38.773    671088640     41943040
       20480        32768          67.706   1342177280     83886080
       20480        65536         130.554   2684354560    167772160
       22528            1          10.359        45056         2816
       22528            2           5.611        90112         5632
       22528            4           4.889       180224        11264
       22528            8           6.272       360448        22528
       22528           16           3.687       720896        45056
       22528           32           6.162      1441792        90112
       22528           64           5.720      2883584       180224
       22528          128           5.039      5767168       360448
       22528          256           4.398     11534336       720896
       22528          512           5.370     23068672      1441792
       22528         1024           6.432     46137344      2883584
       22528         2048           7.934     92274688      5767168
       22528         4096          11.712    184549376     11534336
       22528         8192          18.545    369098752     23068672
       22528        16384          37.400    738197504     46137344
       22528        32768         412.863   1476395008     92274688
       24576            1          12.824        49152         3072
       24576            2           5.500        98304         6144
       24576            4           5.480       196608        12288
       24576            8           6.232       393216        24576
       24576           16           4.498       786432        49152
       24576           32           6.612      1572864        98304
       24576           64         418.824      3145728       196608
       24576          128           5.119      6291456       393216
       24576          256           4.919     12582912       786432
       24576          512           5.570     25165824      1572864
       24576         1024           6.482     50331648      3145728
       24576         2048           9.277    100663296      6291456
       24576         4096          15.208    201326592     12582912
       24576         8192          24.816    402653184     25165824
       24576        16384          46.477    805306368     50331648
       24576        32768          89.167   1610612736    100663296
       26624            1         599.592        53248         3328
       26624            2           5.210       106496         6656
       26624            4           4.579       212992        13312
       26624            8           6.301       425984        26624
       26624           16           4.529       851968        53248
       26624           32           6.823      1703936       106496
       26624           64           4.799      3407872       212992
       26624          128           4.889      6815744       425984
       26624          256           5.080     13631488       851968
       26624          512           5.460     27262976      1703936
       26624         1024           6.712     54525952      3407872
       26624         2048           9.127    109051904      6815744
       26624         4096          14.297    218103808     13631488
       26624         8192          23.444    436207616     27262976
       26624        16384          42.430    872415232     54525952
       26624        32768         395.069   1744830464    109051904
       28672            1          26.028        57344         3584
       28672            2           4.688       114688         7168
       28672            4           4.970       229376        14336
       28672            8           6.472       458752        28672
       28672           16           4.849       917504        57344
       28672           32           6.873      1835008       114688
       28672           64           4.448      3670016       229376
       28672          128           5.501      7340032       458752
       28672          256           6.803     14680064       917504
       28672          512           6.271     29360128      1835008
       28672         1024           7.605     58720256      3670016
       28672         2048          11.972    117440512      7340032
       28672         4096          41.077    234881024     14680064
       28672         8192          34.164    469762048     29360128
       28672        16384          63.629    939524096     58720256
       28672        32768         123.381   1879048192    117440512
       30720            1          15.499        61440         3840
       30720            2           4.658       122880         7680
       30720            4           4.479       245760        15360
       30720            8           6.743       491520        30720
       30720           16           4.719       983040        61440
       30720           32           6.573      1966080       122880
       30720           64           4.118      3932160       245760
       30720          128           5.070      7864320       491520
       30720          256           6.291     15728640       983040
       30720          512           6.141     31457280      1966080
       30720         1024           7.885     62914560      3932160
       30720         2048           9.688    125829120      7864320
       30720         4096          15.439    251658240     15728640
       30720         8192          26.219    503316480     31457280
       30720        16384          49.162   1006632960     62914560
       30720        32768          94.447   2013265920    125829120
       33792            1           5.180        67584         4224
       33792            2           4.909       135168         8448
       33792            4           4.970       270336        16896
       33792            8           7.945       540672        33792
       33792           16           5.160      1081344        67584
       33792           32           6.282      2162688       135168
       33792           64          23.604      4325376       270336
       33792          128           4.999      8650752       540672
       33792          256           6.131     17301504      1081344
       33792          512          10.199     34603008      2162688
       33792         1024           7.534     69206016      4325376
       33792         2048           9.939    138412032      8650752
       33792         4096          15.419    276824064     17301504
       33792         8192          26.169    553648128     34603008
       33792        16384          48.521   1107296256     69206016
       33792        32768          92.022   2214592512    138412032
       36864            1          14.467        73728         4608
       36864            2          18.354       147456         9216
       36864            4           8.837       294912        18432
       36864            8          15.409       589824        36864
       36864           16           7.314      1179648        73728
       36864           32           7.504      2359296       147456
       36864           64           4.769      4718592       294912
       36864          128           7.945      9437184       589824
       36864          256           5.410     18874368      1179648
       36864          512           5.871     37748736      2359296
       36864         1024           7.825     75497472      4718592
       36864         2048          10.149    150994944      9437184
       36864         4096          17.953    301989888     18874368
       36864         8192          28.032    603979776     37748736
       36864        16384          73.517   1207959552     75497472
       36864        32768          99.206   2415919104    150994944
       39936            1           6.702        79872         4992
       39936            2           5.771       159744         9984
       39936            4           5.941       319488        19968
       39936            8          11.963       638976        39936
       39936           16          18.584      1277952        79872
       39936           32          12.985      2555904       159744
       39936           64          21.320      5111808       319488
       39936          128          12.283     10223616       638976
       39936          256           9.178     20447232      1277952
       39936          512          16.611     40894464      2555904
       39936         1024           8.606     81788928      5111808
       39936         2048          11.923    163577856     10223616
       39936         4096          19.868    327155712     20447232
       39936         8192          34.705    654311424     40894464
       39936        16384          80.621   1308622848     81788928
       39936        32768         130.023   2617245696    163577856
       43008            1           8.686        86016         5376
       43008            2           4.729       172032        10752
       43008            4          11.802       344064        21504
       43008            8           7.835       688128        43008
       43008           16           9.237      1376256        86016
       43008           32          10.940      2752512       172032
       43008           64          10.941      5505024       344064
       43008          128          11.963     11010048       688128
       43008          256          20.579     22020096      1376256
       43008          512           9.538     44040192      2752512
       43008         1024          16.010     88080384      5505024
       43008         2048          13.195    176160768     11010048
       43008         4096          21.520    352321536     22020096
       43008         8192          30.788    704643072     44040192
       43008        16384          52.478   1409286144     88080384
       47104            1           8.556        94208         5888
       47104            2           4.960       188416        11776
       47104            4           4.919       376832        23552
       47104            8           5.190       753664        47104
       47104           16           8.025      1507328        94208
       47104           32           4.879      3014656       188416
       47104           64           9.047      6029312       376832
       47104          128           8.075     12058624       753664
       47104          256           5.320     24117248      1507328
       47104          512           6.061     48234496      3014656
       47104         1024           7.654     96468992      6029312
       47104         2048          11.141    192937984     12058624
       47104         4096          17.814    385875968     24117248
       47104         8192          39.774    771751936     48234496
       47104        16384          65.713   1543503872     96468992
       51200            1           9.999       102400         6400
       51200            2           4.539       204800        12800
       51200            4           4.839       409600        25600
       51200            8           6.282       819200        51200
       51200           16           5.009      1638400       102400
       51200           32           5.770      3276800       204800
       51200           64           4.759      6553600       409600
       51200          128           5.491     13107200       819200
       51200          256           5.330     26214400      1638400
       51200          512           6.923     52428800      3276800
       51200         1024           7.995    104857600      6553600
       51200         2048          12.033    209715200     13107200
       51200         4096          19.787    419430400     26214400
       51200         8192          35.156    838860800     52428800
       51200        16384          66.965   1677721600    104857600
       56320            1           4.608       112640         7040
       56320            2          12.243       225280        14080
       56320            4           8.215       450560        28160
       56320            8          12.834       901120        56320
       56320           16           4.448      1802240       112640
       56320           32           4.228      3604480       225280
       56320           64           5.009      7208960       450560
       56320          128           9.087     14417920       901120
       56320          256          10.048     28835840      1802240
       56320          512          14.117     57671680      3604480
       56320         1024           9.788    115343360      7208960
       56320         2048          14.617    230686720     14417920
       56320         4096          23.474    461373440     28835840
       56320         8192          34.725    922746880     57671680
       56320        16384          64.561   1845493760    115343360
       61440            1           6.492       122880         7680
       61440            2           5.160       245760        15360
       61440            4          12.483       491520        30720
       61440            8           4.338       983040        61440
       61440           16           7.304      1966080       122880
       61440           32           4.960      3932160       245760
       61440           64           4.940      7864320       491520
       61440          128           8.326     15728640       983040
       61440          256           6.012     31457280      1966080
       61440          512           7.965     62914560      3932160
       61440         1024          38.222    125829120      7864320
       61440         2048          19.156    251658240     15728640
       61440         4096          34.324    503316480     31457280
       61440         8192          48.050   1006632960     62914560
       61440        16384          84.208   2013265920    125829120
       67584            1           7.714       135168         8448
       67584            2          13.706       270336        16896
       67584            4          11.822       540672        33792
       67584            8           9.357      1081344        67584
       67584           16           5.129      2162688       135168
       67584           32           5.120      4325376       270336
       67584           64           5.190      8650752       540672
       67584          128          10.670     17301504      1081344
       67584          256           8.025     34603008      2162688
       67584          512          14.868     69206016      4325376
       67584         1024          14.828    138412032      8650752
       67584         2048          21.360    276824064     17301504
       67584         4096          26.850    553648128     34603008
       67584         8192          44.804   1107296256     69206016
       67584        16384         717.874   2214592512    138412032
       73728            1          23.093       147456         9216
       73728            2           4.709       294912        18432
       73728            4           7.023       589824        36864
       73728            8           5.421      1179648        73728
       73728           16           7.724      2359296       147456
       73728           32           4.778      4718592       294912
       73728           64           6.162      9437184       589824
       73728          128           5.430     18874368      1179648
       73728          256           5.922     37748736      2359296
       73728          512           7.904     75497472      4718592
       73728         1024           9.036    150994944      9437184
       73728         2048          15.810    301989888     18874368
       73728         4096          24.846    603979776     37748736
       73728         8192          46.708   1207959552     75497472
       73728        16384          89.037   2415919104    150994944
       80896            1           6.913       161792        10112
       80896            2           4.748       323584        20224
       80896            4           4.769       647168        40448
       80896            8          11.822      1294336        80896
       80896           16          11.622      2588672       161792
       80896           32           5.580      5177344       323584
       80896           64           4.969     10354688       647168
       80896          128           5.270     20709376      1294336
       80896          256           6.081     41418752      2588672
       80896          512           6.352     82837504      5177344
       80896         1024          10.580    165675008     10354688
       80896         2048          13.796    331350016     20709376
       80896         4096          26.209    662700032     41418752
       80896         8192          44.654   1325400064     82837504
       80896        16384          85.771   2650800128    165675008
       88064            1           7.524       176128        11008
       88064            2           4.688       352256        22016
       88064            4          11.281       704512        44032
       88064            8          12.864      1409024        88064
       88064           16           5.981      2818048       176128
       88064           32           4.659      5636096       352256
       88064           64           5.680     11272192       704512
       88064          128           5.520     22544384      1409024
       88064          256           5.690     45088768      2818048
       88064          512           9.939     90177536      5636096
       88064         1024           9.798    180355072     11272192
       88064         2048          15.769    360710144     22544384
       88064         4096          27.091    721420288     45088768
       88064         8192          51.236   1442840576     90177536
       96256            1           4.578       192512        12032
       96256            2          13.084       385024        24064
       96256            4          11.541       770048        48128
       96256            8          13.245      1540096        96256
       96256           16           8.967      3080192       192512
       96256           32          26.850      6160384       385024
       96256           64          12.864     12320768       770048
       96256          128           5.120     24641536      1540096
       96256          256           5.771     49283072      3080192
       96256          512           8.075     98566144      6160384
       96256         1024          11.352    197132288     12320768
       96256         2048          17.513    394264576     24641536
       96256         4096          28.534    788529152     49283072
       96256         8192          54.412   1577058304     98566144
      105472            1           6.903       210944        13184
      105472            2           7.545       421888        26368
      105472            4           4.549       843776        52736
      105472            8           5.000      1687552       105472
      105472           16           7.303      3375104       210944
      105472           32           4.899      6750208       421888
      105472           64           5.580     13500416       843776
      105472          128           5.150     27000832      1687552
      105472          256           6.041     54001664      3375104
      105472          512           7.314    108003328      6750208
      105472         1024          13.355    216006656     13500416
      105472         2048          17.403    432013312     27000832
      105472         4096          30.356    864026624     54001664
      105472         8192          56.746   1728053248    108003328
      115712            1          11.391       231424        14464
      115712            2          17.122       462848        28928
      115712            4           5.500       925696        57856
      115712            8          11.852      1851392       115712
      115712           16          12.904      3702784       231424
      115712           32          17.282      7405568       462848
      115712           64           8.256     14811136       925696
      115712          128          11.512     29622272      1851392
      115712          256           7.615     59244544      3702784
      115712          512           8.265    118489088      7405568
      115712         1024          12.794    236978176     14811136
      115712         2048          21.030    473956352     29622272
      115712         4096          36.729    947912704     59244544
      115712         8192          62.086   1895825408    118489088
      126976            1          17.523       253952        15872
      126976            2           9.848       507904        31744
      126976            4          26.008      1015808        63488
      126976            8           9.348      2031616       126976
      126976           16          11.892      4063232       253952
      126976           32          15.810      8126464       507904
      126976           64           8.175     16252928      1015808
      126976          128           7.945     32505856      2031616
      126976          256          18.384     65011712      4063232
      126976          512          12.985    130023424      8126464
      126976         1024          12.564    260046848     16252928
      126976         2048          20.318    520093696     32505856
      126976         4096          37.821   1040187392     65011712
      126976         8192          69.560   2080374784    130023424
      139264            1          11.632       278528        17408
      139264            2           4.488       557056        34816
      139264            4           5.159      1114112        69632
      139264            8           3.888      2228224       139264
      139264           16           4.408      4456448       278528
      139264           32          18.926      8912896       557056
      139264           64          21.230     17825792      1114112
      139264          128          42.981     35651584      2228224
      139264          256           7.795     71303168      4456448
      139264          512          13.825    142606336      8912896
      139264         1024          21.149    285212672     17825792
      139264         2048          33.203    570425344     35651584
      139264         4096          42.049   1140850688     71303168
      139264         8192          81.944   2281701376    142606336
      152576            1           9.758       305152        19072
      152576            2           4.458       610304        38144
      152576            4           7.103      1220608        76288
      152576            8           5.370      2441216       152576
      152576           16           4.789      4882432       305152
      152576           32           4.899      9764864       610304
      152576           64           5.030     19529728      1220608
      152576          128           6.432     39059456      2441216
      152576          256           6.883     78118912      4882432
      152576          512          11.482    156237824      9764864
      152576         1024          12.844    312475648     19529728
      152576         2048          37.300    624951296     39059456
      152576         4096          44.914   1249902592     78118912
      152576         8192         101.259   2499805184    156237824
      166912            1           6.362       333824        20864
      166912            2           4.419       667648        41728
      166912            4           7.293      1335296        83456
      166912            8           5.089      2670592       166912
      166912           16           7.133      5341184       333824
      166912           32           4.819     10682368       667648
      166912           64           6.062     21364736      1335296
      166912          128           6.542     42729472      2670592
      166912          256          11.131     85458944      5341184
      166912          512          18.936    170917888     10682368
      166912         1024          21.220    341835776     21364736
      166912         2048          38.562    683671552     42729472
      166912         4096          73.638   1367343104     85458944
      183296            1           8.596       366592        22912
      183296            2           4.869       733184        45824
      183296            4           5.100      1466368        91648
      183296            8           5.410      2932736       183296
      183296           16           5.060      5865472       366592
      183296           32           6.402     11730944       733184
      183296           64           8.647     23461888      1466368
      183296          128           7.444     46923776      2932736
      183296          256           9.307     93847552      5865472
      183296          512          14.917    187695104     11730944
      183296         1024          25.428    375390208     23461888
      183296         2048          45.926    750780416     46923776
      183296         4096          92.693   1501560832     93847552
      200704            1          26.981       401408        25088
      200704            2           7.103       802816        50176
      200704            4           7.634      1605632       100352
      200704            8           5.370      3211264       200704
      200704           16          13.155      6422528       401408
      200704           32           8.255     12845056       802816
      200704           64           8.826     25690112      1605632
      200704          128           5.751     51380224      3211264
      200704          256           8.205    102760448      6422528
      200704          512          12.764    205520896     12845056
      200704         1024          17.222    411041792     25690112
      200704         2048          28.063    822083584     51380224
      200704         4096          51.406   1644167168    102760448
      220160            1           9.137       440320        27520
      220160            2           7.664       880640        55040
      220160            4           8.786      1761280       110080
      220160            8          11.221      3522560       220160
      220160           16          23.935      7045120       440320
      220160           32           5.020     14090240       880640
      220160           64          20.408     28180480      1761280
      220160          128          15.719     56360960      3522560
      220160          256          13.334    112721920      7045120
      220160          512          13.865    225443840     14090240
      220160         1024          19.557    450887680     28180480
      220160         2048          41.627    901775360     56360960
      220160         4096          59.822   1803550720    112721920
      241664            1           9.908       483328        30208
      241664            2           4.909       966656        60416
      241664            4           5.030      1933312       120832
      241664            8          35.526      3866624       241664
      241664           16           5.019      7733248       483328
      241664           32          15.209     15466496       966656
      241664           64          18.795     30932992      1933312
      241664          128           8.206     61865984      3866624
      241664          256           7.604    123731968      7733248
      241664          512          11.732    247463936     15466496
      241664         1024          30.307    494927872     30932992
      241664         2048          39.023    989855744     61865984
      241664         4096          68.347   1979711488    123731968
      265216            1          18.645       530432        33152
      265216            2           6.472      1060864        66304
      265216            4           5.110      2121728       132608
      265216            8           6.071      4243456       265216
      265216           16           5.140      8486912       530432
      265216           32           5.440     16973824      1060864
      265216           64           5.931     33947648      2121728
      265216          128           5.861     67895296      4243456
      265216          256           8.956    135790592      8486912
      265216          512          11.241    271581184     16973824
      265216         1024          19.637    543162368     33947648
      265216         2048          32.781   1086324736     67895296
      265216         4096          83.176   2172649472    135790592
      290816            1          11.211       581632        36352
      290816            2           7.875      1163264        72704
      290816            4          14.728      2326528       145408
      290816            8           6.352      4653056       290816
      290816           16           5.821      9306112       581632
      290816           32           8.085     18612224      1163264
      290816           64           5.581     37224448      2326528
      290816          128          12.614     74448896      4653056
      290816          256          14.978    148897792      9306112
      290816          512          25.718    297795584     18612224
      290816         1024          23.644    595591168     37224448
      290816         2048          38.171   1191182336     74448896
      290816         4096          82.014   2382364672    148897792
      319488            1          13.245       638976        39936
      319488            2          14.768      1277952        79872
      319488            4          13.695      2555904       159744
      319488            8          12.203      5111808       319488
      319488           16          11.762     10223616       638976
      319488           32           6.201     20447232      1277952
      319488           64          12.453     40894464      2555904
      319488          128          12.453     81788928      5111808
      319488          256          15.028    163577856     10223616
      319488          512          18.014    327155712     20447232
      319488         1024          23.464    654311424     40894464
      319488         2048          43.722   1308622848     81788928
      319488         4096          78.477   2617245696    163577856
      351232            1           8.696       702464        43904
      351232            2          16.962      1404928        87808
      351232            4           7.665      2809856       175616
      351232            8           6.642      5619712       351232
      351232           16           5.209     11239424       702464
      351232           32           9.037     22478848      1404928
      351232           64           5.510     44957696      2809856
      351232          128           9.237     89915392      5619712
      351232          256          10.339    179830784     11239424
      351232          512          23.093    359661568     22478848
      351232         1024          28.614    719323136     44957696
      351232         2048          51.176   1438646272     89915392
      386048            1           6.773       772096        48256
      386048            2           4.278      1544192        96512
      386048            4           5.390      3088384       193024
      386048            8           7.474      6176768       386048
      386048           16           4.909     12353536       772096
      386048           32           9.838     24707072      1544192
      386048           64           6.132     49414144      3088384
      386048          128           9.057     98828288      6176768
      386048          256          15.680    197656576     12353536
      386048          512          17.062    395313152     24707072
      386048         1024          32.360    790626304     49414144
      386048         2048          55.815   1581252608     98828288
      423936            1           9.719       847872        52992
      423936            2           7.794      1695744       105984
      423936            4          15.710      3391488       211968
      423936            8           5.500      6782976       423936
      423936           16          11.722     13565952       847872
      423936           32           5.901     27131904      1695744
      423936           64          11.281     54263808      3391488
      423936          128          11.932    108527616      6782976
      423936          256          14.267    217055232     13565952
      423936          512          19.026    434110464     27131904
      423936         1024          33.453    868220928     54263808
      423936         2048          57.027   1736441856    108527616
      465920            1          12.804       931840        58240
      465920            2           5.490      1863680       116480
      465920            4          15.729      3727360       232960
      465920            8           5.901      7454720       465920
      465920           16           7.454     14909440       931840
      465920           32           4.909     29818880      1863680
      465920           64          16.832     59637760      3727360
      465920          128          11.602    119275520      7454720
      465920          256          16.812    238551040     14909440
      465920          512          23.895    477102080     29818880
      465920         1024          34.444    954204160     59637760
      465920         2048          66.805   1908408320    119275520
      512000            1           9.417      1024000        64000
      512000            2           6.091      2048000       128000
      512000            4           4.589      4096000       256000
      512000            8           9.057      8192000       512000
      512000           16           5.280     16384000      1024000
      512000           32           4.979     32768000      2048000
      512000           64           6.582     65536000      4096000
      512000          128          16.871    131072000      8192000
      512000          256          16.551    262144000     16384000
      512000          512          21.961    524288000     32768000
      512000         1024          38.412   1048576000     65536000
      512000         2048          73.598   2097152000    131072000
      563200            1          16.290      1126400        70400
      563200            2           6.772      2252800       140800
      563200            4          12.644      4505600       281600
      563200            8          13.746      9011200       563200
      563200           16           7.885     18022400      1126400
      563200           32           7.003     36044800      2252800
      563200           64          11.381     72089600      4505600
      563200          128          10.389    144179200      9011200
      563200          256          12.563    288358400     18022400
      563200          512          20.949    576716800     36044800
      563200         1024          47.749   1153433600     72089600
      563200         2048          75.491   2306867200    144179200
      619520            1          14.898      1239040        77440
      619520            2           4.708      2478080       154880
      619520            4           7.133      4956160       309760
      619520            8          11.261      9912320       619520
      619520           16           4.639     19824640      1239040
      619520           32          16.420     39649280      2478080
      619520           64          11.892     79298560      4956160
      619520          128          38.082    158597120      9912320
      619520          256          15.860    317194240     19824640
      619520          512          29.736    634388480     39649280
      619520         1024          46.708   1268776960     79298560
      619520         2048          84.819   2537553920    158597120
      680960            1          10.941      1361920        85120
      680960            2          11.963      2723840       170240
      680960            4          13.365      5447680       340480
      680960            8           5.080     10895360       680960
      680960           16           8.676     21790720      1361920
      680960           32          11.511     43581440      2723840
      680960           64           7.775     87162880      5447680
      680960          128           9.467    174325760     10895360
      680960          256          19.356    348651520     21790720
      680960          512          23.394    697303040     43581440
      680960         1024          46.056   1394606080     87162880
      748544            1          10.861      1497088        93568
      748544            2           4.669      2994176       187136
      748544            4           6.973      5988352       374272
      748544            8           4.548     11976704       748544
      748544           16           8.025     23953408      1497088
      748544           32          12.934     47906816      2994176
      748544           64          12.844     95813632      5988352
      748544          128          12.544    191627264     11976704
      748544          256          18.073    383254528     23953408
      748544          512          27.301    766509056     47906816
      748544         1024          51.215   1533018112     95813632
      823296            1          20.679      1646592       102912
      823296            2           9.167      3293184       205824
      823296            4           5.320      6586368       411648
      823296            8           5.340     13172736       823296
      823296           16           5.511     26345472      1646592
      823296           32           5.841     52690944      3293184
      823296           64          11.421    105381888      6586368
      823296          128          13.485    210763776     13172736
      823296          256          16.010    421527552     26345472
      823296          512          28.794    843055104     52690944
      823296         1024          64.801   1686110208    105381888
      905216            1          12.824      1810432       113152
      905216            2           4.849      3620864       226304
      905216            4          26.620      7241728       452608
      905216            8           5.270     14483456       905216
      905216           16           6.031     28966912      1810432
      905216           32           8.746     57933824      3620864
      905216           64          12.674    115867648      7241728
      905216          128          18.755    231735296     14483456
      905216          256          19.377    463470592     28966912
      905216          512          33.562    926941184     57933824
      905216         1024          57.167   1853882368    115867648
      995328            1          15.529      1990656       124416
      995328            2           6.662      3981312       248832
      995328            4           9.037      7962624       497664
      995328            8           7.614     15925248       995328
      995328           16           5.500     31850496      1990656
      995328           32           6.702     63700992      3981312
      995328           64          11.011    127401984      7962624
      995328          128          23.223    254803968     15925248
      995328          256          18.856    509607936     31850496
      995328          512         392.555   1019215872     63700992
      995328         1024          58.891   2038431744    127401984
     1094656            1          13.015      2189312       136832
     1094656            2           6.903      4378624       273664
     1094656            4           5.751      8757248       547328
     1094656            8           6.672     17514496      1094656
     1094656           16          13.565     35028992      2189312
     1094656           32          11.111     70057984      4378624
     1094656           64           9.588    140115968      8757248
     1094656          128          11.782    280231936     17514496
     1094656          256          57.367    560463872     35028992
     1094656          512          36.428   1120927744     70057984
     1094656         1024          66.734   2241855488    140115968
     1203200            1          23.834      2406400       150400
     1203200            2          11.882      4812800       300800
     1203200            4           6.191      9625600       601600
     1203200            8          11.502     19251200      1203200
     1203200           16           6.672     38502400      2406400
     1203200           32           6.662     77004800      4812800
     1203200           64          11.752    154009600      9625600
     1203200          128          17.413    308019200     19251200
     1203200          256          21.560    616038400     38502400
     1203200          512          36.128   1232076800     77004800
     1203200         1024          72.726   2464153600    154009600
     1323008            1          19.316      2646016       165376
     1323008            2           5.440      5292032       330752
     1323008            4          12.744     10584064       661504
     1323008            8          17.183     21168128      1323008
     1323008           16           8.676     42336256      2646016
     1323008           32          14.276     84672512      5292032
     1323008           64           9.437    169345024     10584064
     1323008          128          13.756    338690048     21168128
     1323008          256          32.681    677380096     42336256
     1323008          512          47.860   1354760192     84672512
     1323008         1024          78.116   2709520384    169345024
     1455104            1          26.009      2910208       181888
     1455104            2           5.931      5820416       363776
     1455104            4          20.378     11640832       727552
     1455104            8           6.171     23281664      1455104
     1455104           16           6.422     46563328      2910208
     1455104           32          12.724     93126656      5820416
     1455104           64          14.707    186253312     11640832
     1455104          128          17.072    372506624     23281664
     1455104          256          29.385    745013248     46563328
     1455104          512          47.309   1490026496     93126656
     1600512            1          18.565      3201024       200064
     1600512            2           5.881      6402048       400128
     1600512            4           7.915     12804096       800256
     1600512            8          14.487     25608192      1600512
     1600512           16           7.935     51216384      3201024
     1600512           32          10.590    102432768      6402048
     1600512           64          13.204    204865536     12804096
     1600512          128          21.370    409731072     25608192
     1600512          256          28.724    819462144     51216384
     1600512          512          59.932   1638924288    102432768
     1760256            1          18.475      3520512       220032
     1760256            2           8.435      7041024       440064
     1760256            4           4.067     14082048       880128
     1760256            8          18.976     28164096      1760256
     1760256           16          11.031     56328192      3520512
     1760256           32          16.752    112656384      7041024
     1760256           64          12.884    225312768     14082048
     1760256          128          20.939    450625536     28164096
     1760256          256          31.179    901251072     56328192
     1760256          512          49.633   1802502144    112656384
     1935360            1          19.386      3870720       241920
     1935360            2           5.670      7741440       483840
     1935360            4           7.384     15482880       967680
     1935360            8           5.129     30965760      1935360
     1935360           16          12.193     61931520      3870720
     1935360           32          17.433    123863040      7741440
     1935360           64          14.818    247726080     15482880
     1935360          128          19.997    495452160     30965760
     1935360          256          41.137    990904320     61931520
     1935360          512          58.720   1981808640    123863040
     2128896            1          98.054      4257792       266112
     2128896            2           6.381      8515584       532224
     2128896            4           6.282     17031168      1064448
     2128896            8          22.021     34062336      2128896
     2128896           16           8.095     68124672      4257792
     2128896           32           8.957    136249344      8515584
     2128896           64          12.924    272498688     17031168
     2128896          128          24.426    544997376     34062336
     2128896          256          33.383   1089994752     68124672
     2128896          512          58.850   2179989504    136249344
     2340864            1          31.689      4681728       292608
     2340864            2           6.282      9363456       585216
     2340864            4           6.372     18726912      1170432
     2340864            8           7.334     37453824      2340864
     2340864           16           7.403     74907648      4681728
     2340864           32           9.988    149815296      9363456
     2340864           64          12.975    299630592     18726912
     2340864          128          20.648    599261184     37453824
     2340864          256          34.484   1198522368     74907648
     2340864          512          64.190   2397044736    149815296
     2574336            1          29.876      5148672       321792
     2574336            2           5.540     10297344       643584
     2574336            4           6.823     20594688      1287168
     2574336            8           6.682     41189376      2574336
     2574336           16           8.275     82378752      5148672
     2574336           32           9.418    164757504     10297344
     2574336           64          13.685    329515008     20594688
     2574336          128          20.989    659030016     41189376
     2574336          256          37.089   1318060032     82378752
     2574336          512          89.448   2636120064    164757504
     2831360            1          27.903      5662720       353920
     2831360            2           7.825     11325440       707840
     2831360            4           5.951     22650880      1415680
     2831360            8           8.586     45301760      2831360
     2831360           16           7.534     90603520      5662720
     2831360           32          10.339    181207040     11325440
     2831360           64          14.036    362414080     22650880
     2831360          128          22.963    724828160     45301760
     2831360          256          42.089   1449656320     90603520
     3113984            1          40.315      6227968       389248
     3113984            2          43.031     12455936       778496
     3113984            4           6.212     24911872      1556992
     3113984            8           8.145     49823744      3113984
     3113984           16           7.855     99647488      6227968
     3113984           32          10.589    199294976     12455936
     3113984           64          16.100    398589952     24911872
     3113984          128          25.217    797179904     49823744
     3113984          256          45.165   1594359808     99647488
     3425280            1          46.807      6850560       428160
     3425280            2           9.638     13701120       856320
     3425280            4          10.850     27402240      1712640
     3425280            8           7.033     54804480      3425280
     3425280           16         617.015    109608960      6850560
     3425280           32          10.950    219217920     13701120
     3425280           64          16.471    438435840     27402240
     3425280          128          26.249    876871680     54804480
     3425280          256          53.660   1753743360    109608960
     3767296            1          39.063      7534592       470912
     3767296            2           9.748     15069184       941824
     3767296            4           8.055     30138368      1883648
     3767296            8           6.452     60276736      3767296
     3767296           16          10.279    120553472      7534592
     3767296           32          11.331    241106944     15069184
     3767296           64          19.486    482213888     30138368
     3767296          128          28.814    964427776     60276736
     3767296          256          52.087   1928855552    120553472
     4143104            1          45.776      8286208       517888
     4143104            2           7.193     16572416      1035776
     4143104            4           6.672     33144832      2071552
     4143104            8           7.865     66289664      4143104
     4143104           16          10.630    132579328      8286208
     4143104           32          11.572    265158656     16572416
     4143104           64          20.078    530317312     33144832
     4143104          128          31.589   1060634624     66289664
     4143104          256          57.477   2121269248    132579328
     4556800            1          58.610      9113600       569600
     4556800            2           8.025     18227200      1139200
     4556800            4           7.925     36454400      2278400
     4556800            8           7.905     72908800      4556800
     4556800           16          10.850    145817600      9113600
     4556800           32          12.624    291635200     18227200
     4556800           64          21.260    583270400     36454400
     4556800          128          34.334   1166540800     72908800
     4556800          256          62.097   2333081600    145817600
     5012480            1          57.237     10024960       626560
     5012480            2           6.933     20049920      1253120
     5012480            4          13.455     40099840      2506240
     5012480            8           8.215     80199680      5012480
     5012480           16          11.522    160399360     10024960
     5012480           32          13.966    320798720     20049920
     5012480           64          24.776    641597440     40099840
     5012480          128          36.238   1283194880     80199680
     5012480          256          69.941   2566389760    160399360
     5513216            1          61.235     11026432       689152
     5513216            2           7.594     22052864      1378304
     5513216            4           8.516     44105728      2756608
     5513216            8           8.787     88211456      5513216
     5513216           16          11.622    176422912     11026432
     5513216           32          14.667    352845824     22052864
     5513216           64          23.364    705691648     44105728
     5513216          128          40.997   1411383296     88211456
     6064128            1          51.626     12128256       758016
     6064128            2           9.357     24256512      1516032
     6064128            4          21.741     48513024      3032064
     6064128            8          11.031     97026048      6064128
     6064128           16          10.229    194052096     12128256
     6064128           32          16.301    388104192     24256512
     6064128           64          25.588    776208384     48513024
     6064128          128          43.482   1552416768     97026048
     6670336            1         271.618     13340672       833792
     6670336            2           9.958     26681344      1667584
     6670336            4          10.519     53362688      3335168
     6670336            8           9.268    106725376      6670336
     6670336           16          12.513    213450752     13340672
     6670336           32          17.713    426901504     26681344
     6670336           64          27.251    853803008     53362688
     6670336          128          48.080   1707606016    106725376
     7336960            1          75.391     14673920       917120
     7336960            2          11.582     29347840      1834240
     7336960            4           8.646     58695680      3668480
     7336960            8          11.512    117391360      7336960
     7336960           16          12.523    234782720     14673920
     7336960           32          18.695    469565440     29347840
     7336960           64          29.194    939130880     58695680
     7336960          128          51.417   1878261760    117391360
     8070144            1          67.727     16140288      1008768
     8070144            2          12.062     32280576      2017536
     8070144            4          10.149     64561152      4035072
     8070144            8          10.700    129122304      8070144
     8070144           16          13.976    258244608     16140288
     8070144           32          19.767    516489216     32280576
     8070144           64          32.461   1032978432     64561152
     8070144          128          56.285   2065956864    129122304
     8877056            1          82.685     17754112      1109632
     8877056            2          12.653     35508224      2219264
     8877056            4          15.750     71016448      4438528
     8877056            8          12.794    142032896      8877056
     8877056           16          14.266    284065792     17754112
     8877056           32          23.885    568131584     35508224
     8877056           64          34.123   1136263168     71016448
     8877056          128          62.597   2272526336    142032896
     9763840            1          90.729     19527680      1220480
     9763840            2         596.887     39055360      2440960
     9763840            4          12.924     78110720      4881920
     9763840            8          11.462    156221440      9763840
     9763840           16          16.190    312442880     19527680
     9763840           32          23.003    624885760     39055360
     9763840           64          37.670   1249771520     78110720
     9763840          128          67.656   2499543040    156221440
    10739712            1          80.791     21479424      1342464
    10739712            2          11.482     42958848      2684928
    10739712            4          10.329     85917696      5369856
    10739712            8          14.236    171835392     10739712
    10739712           16          16.391    343670784     21479424
    10739712           32          24.956    687341568     42958848
    10739712           64          41.869   1374683136     85917696
    11812864            1         101.159     23625728      1476608
    11812864            2          11.622     47251456      2953216
    11812864            4          10.870     94502912      5906432
    11812864            8          15.029    189005824     11812864
    11812864           16          18.064    378011648     23625728
    11812864           32          26.460    756023296     47251456
    11812864           64          44.964   1512046592     94502912
    12993536            1         104.877     25987072      1624192
    12993536            2          14.026     51974144      3248384
    12993536            4          11.532    103948288      6496768
    12993536            8          15.019    207896576     12993536
    12993536           16          19.045    415793152     25987072
    12993536           32          29.235    831586304     51974144
    12993536           64          48.130   1663172608    103948288
    14291968            1         110.256     28583936      1786496
    14291968            2          13.636     57167872      3572992
    14291968            4          11.922    114335744      7145984
    14291968            8          13.856    228671488     14291968
    14291968           16          20.227    457342976     28583936
    14291968           32          33.302    914685952     57167872
    14291968           64          52.708   1829371904    114335744
    15720448            1         145.392     31440896      1965056
    15720448            2          14.387     62881792      3930112
    15720448            4          20.728    125763584      7860224
    15720448            8          31.188    251527168     15720448
    15720448           16          27.942    503054336     31440896
    15720448           32          33.332   1006108672     62881792
    15720448           64          59.251   2012217344    125763584
    17292288            1         143.148     34584576      2161536
    17292288            2          30.457     69169152      4323072
    17292288            4          14.096    138338304      8646144
    17292288            8          17.613    276676608     17292288
    17292288           16          23.254    553353216     34584576
    17292288           32          36.789   1106706432     69169152
    17292288           64          62.617   2213412864    138338304
    19020800            1         245.720     38041600      2377600
    19020800            2          11.972     76083200      4755200
    19020800            4          15.559    152166400      9510400
    19020800            8          17.112    304332800     19020800
    19020800           16          28.143    608665600     38041600
    19020800           32          40.335   1217331200     76083200
    19020800           64          68.098   2434662400    152166400
    20922368            1         153.467     41844736      2615296
    20922368            2          16.861     83689472      5230592
    20922368            4          17.262    167378944     10461184
    20922368            8          20.930    334757888     20922368
    20922368           16          31.720    669515776     41844736
    20922368           32          45.174   1339031552     83689472
    20922368           64          76.473   2678063104    167378944
    23014400            1         183.804     46028800      2876800
    23014400            2          17.573     92057600      5753600
    23014400            4          17.924    184115200     11507200
    23014400            8          20.719    368230400     23014400
    23014400           16          30.006    736460800     46028800
    23014400           32          47.589   1472921600     92057600
    25315328            1         213.380     50630656      3164416
    25315328            2          32.180    101261312      6328832
    25315328            4          18.795    202522624     12657664
    25315328            8          24.206    405045248     25315328
    25315328           16          31.779    810090496     50630656
    25315328           32          52.308   1620180992    101261312
    27846656            1         202.349     55693312      3480832
    27846656            2          25.457    111386624      6961664
    27846656            4          18.805    222773248     13923328
    27846656            8          43.581    445546496     27846656
    27846656           16          36.358    891092992     55693312
    27846656           32          55.745   1782185984    111386624
    30630912            1         220.903     61261824      3828864
    30630912            2          22.071    122523648      7657728
    30630912            4          22.832    245047296     15315456
    30630912            8          27.682    490094592     30630912
    30630912           16          38.361    980189184     61261824
    30630912           32          66.064   1960378368    122523648
    33693696            1         254.997     67387392      4211712
    33693696            2          25.248    134774784      8423424
    33693696            4          22.933    269549568     16846848
    33693696            8          30.036    539099136     33693696
    33693696           16          41.668   1078198272     67387392
    33693696           32          67.076   2156396544    134774784
    37062656            1         267.831     74125312      4632832
    37062656            2          53.160    148250624      9265664
    37062656            4          25.257    296501248     18531328
    37062656            8          31.259    593002496     37062656
    37062656           16          47.118   1186004992     74125312
    37062656           32          73.116   2372009984    148250624
    40768512            1         320.610     81537024      5096064
    40768512            2          47.549    163074048     10192128
    40768512            4          29.194    326148096     20384256
    40768512            8          35.757    652296192     40768512
    40768512           16          50.965   1304592384     81537024
    40768512           32          78.727   2609184768    163074048
    44845056            1         343.683     89690112      5605632
    44845056            2          65.012    179380224     11211264
    44845056            4          30.096    358760448     22422528
    44845056            8          38.672    717520896     44845056
    44845056           16          55.223   1435041792     89690112
    49329152            1         343.573     98658304      6166144
    49329152            2          45.876    197316608     12332288
    49329152            4          32.281    394633216     24664576
    49329152            8          41.768    789266432     49329152
    49329152           16          59.601   1578532864     98658304
    54261760            1         438.921    108523520      6782720
    54261760            2          59.331    217047040     13565440
    54261760            4          36.879    434094080     27130880
    54261760            8          45.946    868188160     54261760
    54261760           16          67.466   1736376320    108523520
    59687936            1         457.496    119375872      7460992
    59687936            2          72.876    238751744     14921984
    59687936            4          46.648    477503488     29843968
    59687936            8          62.928    955006976     59687936
    59687936           16          79.679   1910013952    119375872
    65655808            1         464.800    131311616      8206976
    65655808            2         108.023    262623232     16413952
    65655808            4          52.588    525246464     32827904
    65655808            8          64.982   1050492928     65655808
    65655808           16          89.747   2100985856    131311616
    72220672            1         503.893    144441344      9027584
    72220672            2         101.970    288882688     18055168
    72220672            4          64.701    577765376     36110336
    72220672            8          97.963   1155530752     72220672
    72220672           16         107.942   2311061504    144441344
    79441920            1         560.409    158883840      9930240
    79441920            2         131.325    317767680     19860480
    79441920            4          87.704    635535360     39720960
    79441920            8         107.862   1271070720     79441920
    79441920           16         132.898   2542141440    158883840
    87386112            1         621.143    174772224     10923264
    87386112            2         154.650    349544448     21846528
    87386112            4         104.275    699088896     43693056
    87386112            8         125.194   1398177792     87386112
    96123904            1         659.805    192247808     12015488
    96123904            2         259.886    384495616     24030976
    96123904            4         135.153    768991232     48061952
    96123904            8         144.661   1537982464     96123904
   105736192            1         738.241    211472384     13217024
   105736192            2         239.228    422944768     26434048
   105736192            4         153.116    845889536     52868096
   105736192            8         171.521   1691779072    105736192
   116308992            1         803.834    232617984     14538624
   116308992            2         246.721    465235968     29077248
   116308992            4         176.831    930471936     58154496
   116308992            8         193.762   1860943872    116308992
   127939584            1         893.653    255879168     15992448
   127939584            2         276.617    511758336     31984896
   127939584            4         194.284   1023516672     63969792
   127939584            8         215.804   2047033344    127939584
   140733440            1        1114.085    281466880     17591680
   140733440            2         264.315    562933760     35183360
   140733440            4         211.676   1125867520     70366720
   140733440            8         249.447   2251735040    140733440
   154806272            1        1141.727    309612544     19350784
   154806272            2         296.745    619225088     38701568
   154806272            4         256.029   1238450176     77403136
   154806272            8         267.892   2476900352    154806272
   170286080            1        1212.639    340572160     21285760
   170286080            2         346.468    681144320     42571520
   170286080            4         267.561   1362288640     85143040
   187314176            1        1328.255    374628352     23414272
   187314176            2         368.901    749256704     46828544
   187314176            4         293.710   1498513408     93657088
   206045184            1        1477.445    412090368     25755648
   206045184            2         365.144    824180736     51511296
   206045184            4         307.445   1648361472    103022592
   226649088            1        1784.029    453298176     28331136
   226649088            2         473.787    906596352     56662272
   226649088            4         340.156   1813192704    113324544
   249313280            1        2012.156    498626560     31164160
   249313280            2         429.053    997253120     62328320
   249313280            4         403.916   1994506240    124656640
   274244608            1        2313.770    548489216     34280576
   274244608            2         467.295   1096978432     68561152
   274244608            4         429.985   2193956864    137122304
   301668352            1        2541.837    603336704     37708544
   301668352            2         542.244   1206673408     75417088
   301668352            4         489.456   2413346816    150834176
   331834368            1        2780.683    663668736     41479296
   331834368            2         560.438   1327337472     82958592
   331834368            4         545.410   2654674944    165917184
   365017088            1        2770.836    730034176     45627136
   365017088            2         587.269   1460068352     91254272
   401518592            1        3186.703    803037184     50189824
   401518592            2         732.210   1606074368    100379648
   441669632            1        3160.925    883339264     55208704
   441669632            2         841.415   1766678528    110417408
   485835776            1        3740.229    971671552     60729472
   485835776            2        1075.683   1943343104    121458944
   534418432            1        3962.395   1068836864     66802304
   534418432            2        1710.702   2137673728    133604608
   587859968            1        4146.591   1175719936     73482496
   587859968            2        2964.467   2351439872    146964992
   646645760            1        4544.335   1293291520     80830720
   646645760            2        5366.013   2586583040    161661440
   711310336            1        4951.136   1422620672     88913792
   782440448            1        5575.835   1564880896     97805056
   860684288            1        6254.605   1721368576    107585536
   946752512            1        6601.033   1893505024    118344064
  1041427456            1        7245.379   2082854912    130178432
  1145569280            1        8083.688   2291138560    143196160
  1260126208            1        8717.425   2520252416    157515776

META_DATA
FLOPS          1
MPI_PROCS      128
ERT_VERSION  1.1.0
HOSTNAME  ('tcn215.local.snellius.surf.nl', [], ['172.18.56.225'])
UNAME  uname_result(system='Linux', node='tcn215.local.snellius.surf.nl', release='4.18.0-372.80.1.el8_6.x86_64', version='#1 SMP Fri Nov 3 14:30:16 EDT 2023', machine='x86_64', processor='x86_64')
TIMESTAMP_DATA  1707390076.1311302
CONFIG  {'ERT_RESULTS': ['Results.snellius.01'], 'ERT_DRIVER': ['driver1'], 'ERT_KERNEL': ['kernel1'], 'ERT_MPI': ['True'], 'ERT_MPI_CFLAGS': [], 'ERT_MPI_LDFLAGS': [], 'ERT_OPENMP': ['False'], 'ERT_OPENMP_CFLAGS': ['-fopenmp'], 'ERT_OPENMP_LDFLAGS': ['-fopenmp'], 'ERT_FLOPS': ['1,2,4,8'], 'ERT_ALIGN': ['32'], 'ERT_CC': ['mpic++'], 'ERT_CFLAGS': ['-Ofast', '-fargument-noalias', '-mavx2'], 'ERT_LD': ['mpic++'], 'ERT_LDFLAGS': [], 'ERT_LDLIBS': [], 'ERT_RUN': ['export', 'OMP_NUM_THREADS=ERT_OPENMP_THREADS;', 'mpirun', '-np', 'ERT_MPI_PROCS', 'ERT_CODE'], 'ERT_PROCS_THREADS': ['32,64,128'], 'ERT_MPI_PROCS': ['32,64,128'], 'ERT_OPENMP_THREADS': [], 'ERT_NUM_EXPERIMENTS': ['5'], 'ERT_MEMORY_MAX': ['1357905920'], 'ERT_WORKING_SET_MIN': ['1'], 'ERT_TRIALS_MIN': ['1'], 'ERT_GNUPLOT': ['gnuplot'], 'ERT_GPU': [False], 'ERT_HIP': [False], 'ERT_PRECISION': ['FP64'], 'ERT_OCL': [False], 'ERT_SYCL': [False], 'ERT_WSS_MULT': [1.1]}
