fp64
        1024            1        2434.682         2048          128
        1024            2           9.007         4096          256
        1024            4          12.603         8192          512
        1024            8           4.077        16384         1024
        1024           16           8.826        32768         2048
        1024           32           6.342        65536         4096
        1024           64           5.671       131072         8192
        1024          128           5.681       262144        16384
        1024          256           6.903       524288        32768
        1024          512           5.771      1048576        65536
        1024         1024           5.700      2097152       131072
        1024         2048           6.192      4194304       262144
        1024         4096           6.883      8388608       524288
        1024         8192           8.987     16777216      1048576
        1024        16384          11.292     33554432      2097152
        1024        32768          18.274     67108864      4194304
        1024        65536          33.202    134217728      8388608
        1024       131072          56.956    268435456     16777216
        1024       262144         107.531    536870912     33554432
        1024       524288         207.348   1073741824     67108864
        1024      1048576         423.322   2147483648    134217728
        2048            1          15.328         4096          256
        2048            2           6.832         8192          512
        2048            4           6.182        16384         1024
        2048            8           5.320        32768         2048
        2048           16           5.420        65536         4096
        2048           32           5.210       131072         8192
        2048           64           7.734       262144        16384
        2048          128           5.481       524288        32768
        2048          256           5.430      1048576        65536
        2048          512           5.620      2097152       131072
        2048         1024           5.931      4194304       262144
        2048         2048           5.871      8388608       524288
        2048         4096           6.652     16777216      1048576
        2048         8192           8.716     33554432      2097152
        2048        16384          11.702     67108864      4194304
        2048        32768          19.587    134217728      8388608
        2048        65536          29.936    268435456     16777216
        2048       131072          55.995    536870912     33554432
        2048       262144         124.823   1073741824     67108864
        2048       524288         212.216   2147483648    134217728
        3072            1          13.194         6144          384
        3072            2           6.081        12288          768
        3072            4           6.142        24576         1536
        3072            8           5.871        49152         3072
        3072           16           6.012        98304         6144
        3072           32           5.199       196608        12288
        3072           64           5.460       393216        24576
        3072          128          20.148       786432        49152
        3072          256           5.490      1572864        98304
        3072          512           6.923      3145728       196608
        3072         1024           5.350      6291456       393216
        3072         2048           6.232     12582912       786432
        3072         4096           6.753     25165824      1572864
        3072         8192           8.676     50331648      3145728
        3072        16384          12.022    100663296      6291456
        3072        32768          20.659    201326592     12582912
        3072        65536          30.607    402653184     25165824
        3072       131072          55.473    805306368     50331648
        3072       262144         112.060   1610612736    100663296
        4096            1          20.789         8192          512
        4096            2           5.780        16384         1024
        4096            4           5.821        32768         2048
        4096            8           5.560        65536         4096
        4096           16           7.173       131072         8192
        4096           32           5.420       262144        16384
        4096           64           6.532       524288        32768
        4096          128           5.531      1048576        65536
        4096          256           6.773      2097152       131072
        4096          512           5.099      4194304       262144
        4096         1024           5.661      8388608       524288
        4096         2048           6.722     16777216      1048576
        4096         4096           6.723     33554432      2097152
        4096         8192           9.217     67108864      4194304
        4096        16384          11.472    134217728      8388608
        4096        32768          18.024    268435456     16777216
        4096        65536          30.406    536870912     33554432
        4096       131072          61.144   1073741824     67108864
        4096       262144         107.020   2147483648    134217728
        5120            1          33.002        10240          640
        5120            2           5.491        20480         1280
        5120            4           5.550        40960         2560
        5120            8           7.544        81920         5120
        5120           16           6.172       163840        10240
        5120           32           5.791       327680        20480
        5120           64           5.560       655360        40960
        5120          128           5.711      1310720        81920
        5120          256           5.731      2621440       163840
        5120          512           6.091      5242880       327680
        5120         1024           6.432     10485760       655360
        5120         2048           7.264     20971520      1310720
        5120         4096          11.662     41943040      2621440
        5120         8192          15.839     83886080      5242880
        5120        16384          28.714    167772160     10485760
        5120        32768          53.861    335544320     20971520
        5120        65536         104.275    671088640     41943040
        5120       131072         205.283   1342177280     83886080
        5120       262144         250.138   2684354560    167772160
        6144            1          22.442        12288          768
        6144            2           5.360        24576         1536
        6144            4           6.562        49152         3072
        6144            8           5.320        98304         6144
        6144           16           7.824       196608        12288
        6144           32           5.420       393216        24576
        6144           64           5.090       786432        49152
        6144          128           6.532      1572864        98304
        6144          256           5.340      3145728       196608
        6144          512           7.113      6291456       393216
        6144         1024           6.302     12582912       786432
        6144         2048           7.113     25165824      1572864
        6144         4096           8.716     50331648      3145728
        6144         8192          12.082    100663296      6291456
        6144        16384          18.505    201326592     12582912
        6144        32768          30.447    402653184     25165824
        6144        65536          56.736    805306368     50331648
        6144       131072         106.449   1610612736    100663296
        7168            1          73.777        14336          896
        7168            2           6.653        28672         1792
        7168            4           5.881        57344         3584
        7168            8           5.701       114688         7168
        7168           16           5.601       229376        14336
        7168           32           6.513       458752        28672
        7168           64           5.280       917504        57344
        7168          128           7.864      1835008       114688
        7168          256          10.590      3670016       229376
        7168          512           5.581      7340032       458752
        7168         1024           6.152     14680064       917504
        7168         2048           6.913     29360128      1835008
        7168         4096           8.646     58720256      3670016
        7168         8192          11.642    117440512      7340032
        7168        16384          18.234    234881024     14680064
        7168        32768          30.427    469762048     29360128
        7168        65536          56.496    939524096     58720256
        7168       131072         105.898   1879048192    117440512
        8192            1          11.731        16384         1024
        8192            2           6.562        32768         2048
        8192            4           5.340        65536         4096
        8192            8           7.985       131072         8192
        8192           16           5.380       262144        16384
        8192           32           5.971       524288        32768
        8192           64           5.270      1048576        65536
        8192          128           5.801      2097152       131072
        8192          256           4.960      4194304       262144
        8192          512           5.721      8388608       524288
        8192         1024           7.073     16777216      1048576
        8192         2048           6.893     33554432      2097152
        8192         4096           9.348     67108864      4194304
        8192         8192          10.630    134217728      8388608
        8192        16384          15.028    268435456     16777216
        8192        32768          24.406    536870912     33554432
        8192        65536          43.681   1073741824     67108864
        8192       131072          80.891   2147483648    134217728
        9216            1          13.305        18432         1152
        9216            2           6.482        36864         2304
        9216            4          18.925        73728         4608
        9216            8          11.171       147456         9216
        9216           16           5.921       294912        18432
        9216           32           5.691       589824        36864
        9216           64           5.571      1179648        73728
        9216          128           5.451      2359296       147456
        9216          256           6.653      4718592       294912
        9216          512           5.580      9437184       589824
        9216         1024           6.432     18874368      1179648
        9216         2048           9.067     37748736      2359296
        9216         4096          11.972     75497472      4718592
        9216         8192          13.265    150994944      9437184
        9216        16384          21.420    301989888     18874368
        9216        32768          37.600    603979776     37748736
        9216        65536          68.458   1207959552     75497472
        9216       131072         133.269   2415919104    150994944
       10240            1          10.289        20480         1280
       10240            2           6.542        40960         2560
       10240            4           5.942        81920         5120
       10240            8           6.572       163840        10240
       10240           16           7.204       327680        20480
       10240           32           5.941       655360        40960
       10240           64           6.632      1310720        81920
       10240          128           5.611      2621440       163840
       10240          256           6.803      5242880       327680
       10240          512           5.981     10485760       655360
       10240         1024           6.923     20971520      1310720
       10240         2048           7.554     41943040      2621440
       10240         4096           9.648     83886080      5242880
       10240         8192          13.395    167772160     10485760
       10240        16384          21.070    335544320     20971520
       10240        32768          37.069    671088640     41943040
       10240        65536          68.388   1342177280     83886080
       10240       131072         136.775   2684354560    167772160
       11264            1           9.949        22528         1408
       11264            2           6.312        45056         2816
       11264            4           6.712        90112         5632
       11264            8           6.322       180224        11264
       11264           16           6.112       360448        22528
       11264           32           5.881       720896        45056
       11264           64           7.183      1441792        90112
       11264          128           6.552      2883584       180224
       11264          256           7.063      5767168       360448
       11264          512           5.951     11534336       720896
       11264         1024           6.792     23068672      1441792
       11264         2048           7.413     46137344      2883584
       11264         4096           9.257     92274688      5767168
       11264         8192          13.635    184549376     11534336
       11264        16384          21.039    369098752     23068672
       11264        32768          38.522    738197504     46137344
       11264        65536          68.839   1476395008     92274688
       12288            1          14.377        24576         1536
       12288            2           5.841        49152         3072
       12288            4           5.861        98304         6144
       12288            8           5.821       196608        12288
       12288           16           5.690       393216        24576
       12288           32           7.234       786432        49152
       12288           64           5.691      1572864        98304
       12288          128           6.011      3145728       196608
       12288          256           5.941      6291456       393216
       12288          512           6.442     12582912       786432
       12288         1024           7.093     25165824      1572864
       12288         2048           9.328     50331648      3145728
       12288         4096          13.305    100663296      6291456
       12288         8192          22.411    201326592     12582912
       12288        16384          41.328    402653184     25165824
       12288        32768          79.168    805306368     50331648
       12288        65536         155.391   1610612736    100663296
       13312            1         352.910        26624         1664
       13312            2           5.751        53248         3328
       13312            4           6.392       106496         6656
       13312            8           6.041       212992        13312
       13312           16           7.223       425984        26624
       13312           32           5.650       851968        53248
       13312           64           6.292      1703936       106496
       13312          128           5.521      3407872       212992
       13312          256           5.911      6815744       425984
       13312          512           6.241     13631488       851968
       13312         1024           6.842     27262976      1703936
       13312         2048           9.718     54525952      3407872
       13312         4096          12.233    109051904      6815744
       13312         8192          20.990    218103808     13631488
       13312        16384          35.907    436207616     27262976
       13312        32768          69.299    872415232     54525952
       13312        65536         130.454   1744830464    109051904
       14336            1           5.250        28672         1792
       14336            2           7.985        57344         3584
       14336            4           5.741       114688         7168
       14336            8           8.286       229376        14336
       14336           16           5.430       458752        28672
       14336           32           6.332       917504        57344
       14336           64           5.370      1835008       114688
       14336          128           5.721      3670016       229376
       14336          256           6.493      7340032       458752
       14336          512           5.771     14680064       917504
       14336         1024           7.363     29360128      1835008
       14336         2048           8.506     58720256      3670016
       14336         4096          13.666    117440512      7340032
       14336         8192          20.247    234881024     14680064
       14336        16384          37.310    469762048     29360128
       14336        32768          68.388    939524096     58720256
       14336        65536         131.226   1879048192    117440512
       15360            1          12.123        30720         1920
       15360            2           6.372        61440         3840
       15360            4           4.599       122880         7680
       15360            8           5.731       245760        15360
       15360           16           6.562       491520        30720
       15360           32           9.337       983040        61440
       15360           64           5.591      1966080       122880
       15360          128           7.023      3932160       245760
       15360          256           5.801      7864320       491520
       15360          512           7.384     15728640       983040
       15360         1024           6.853     31457280      1966080
       15360         2048           8.806     62914560      3932160
       15360         4096          12.343    125829120      7864320
       15360         8192          21.170    251658240     15728640
       15360        16384          36.348    503316480     31457280
       15360        32768          71.574   1006632960     62914560
       15360        65536         131.275   2013265920    125829120
       16384            1           7.244        32768         2048
       16384            2           7.985        65536         4096
       16384            4           5.881       131072         8192
       16384            8           7.063       262144        16384
       16384           16           6.071       524288        32768
       16384           32           5.781      1048576        65536
       16384           64           6.131      2097152       131072
       16384          128           5.821      4194304       262144
       16384          256           6.643      8388608       524288
       16384          512           6.833     16777216      1048576
       16384         1024           9.308     33554432      2097152
       16384         2048          10.290     67108864      4194304
       16384         4096          15.749    134217728      8388608
       16384         8192          25.688    268435456     16777216
       16384        16384          46.237    536870912     33554432
       16384        32768          87.434   1073741824     67108864
       16384        65536         179.656   2147483648    134217728
       17408            1          10.119        34816         2176
       17408            2           6.102        69632         4352
       17408            4           6.783       139264         8704
       17408            8           6.272       278528        17408
       17408           16           5.500       557056        34816
       17408           32           6.492      1114112        69632
       17408           64           5.420      2228224       139264
       17408          128           6.733      4456448       278528
       17408          256           5.831      8912896       557056
       17408          512           8.065     17825792      1114112
       17408         1024           7.244     35651584      2228224
       17408         2048          11.672     71303168      4456448
       17408         4096          13.966    142606336      8912896
       17408         8192          22.512    285212672     17825792
       17408        16384          40.115    570425344     35651584
       17408        32768          92.674   1140850688     71303168
       17408        65536         144.080   2281701376    142606336
       18432            1          22.482        36864         2304
       18432            2           6.742        73728         4608
       18432            4           5.871       147456         9216
       18432            8           6.312       294912        18432
       18432           16           5.800       589824        36864
       18432           32           5.501      1179648        73728
       18432           64           6.742      2359296       147456
       18432          128           5.821      4718592       294912
       18432          256           6.272      9437184       589824
       18432          512           6.321     18874368      1179648
       18432         1024           7.734     37748736      2359296
       18432         2048          17.032     75497472      4718592
       18432         4096          13.586    150994944      9437184
       18432         8192          23.824    301989888     18874368
       18432        16384          39.353    603979776     37748736
       18432        32768          74.509   1207959552     75497472
       18432        65536         143.849   2415919104    150994944
       19456            1          16.050        38912         2432
       19456            2           5.790        77824         4864
       19456            4           5.961       155648         9728
       19456            8           5.510       311296        19456
       19456           16           5.741       622592        38912
       19456           32           7.073      1245184        77824
       19456           64           5.600      2490368       155648
       19456          128           7.303      4980736       311296
       19456          256           6.091      9961472       622592
       19456          512           6.753     19922944      1245184
       19456         1024          45.526     39845888      2490368
       19456         2048           9.919     79691776      4980736
       19456         4096          13.836    159383552      9961472
       19456         8192          22.031    318767104     19922944
       19456        16384          40.135    637534208     39845888
       19456        32768          74.208   1275068416     79691776
       19456        65536         148.337   2550136832    159383552
       20480            1          16.260        40960         2560
       20480            2           6.362        81920         5120
       20480            4           6.833       163840        10240
       20480            8           5.901       327680        20480
       20480           16           7.043       655360        40960
       20480           32           6.041      1310720        81920
       20480           64           5.991      2621440       163840
       20480          128           5.460      5242880       327680
       20480          256          32.421     10485760       655360
       20480          512           6.482     20971520      1310720
       20480         1024           7.684     41943040      2621440
       20480         2048          10.760     83886080      5242880
       20480         4096          14.587    167772160     10485760
       20480         8192          24.015    335544320     20971520
       20480        16384          42.719    671088640     41943040
       20480        32768          81.462   1342177280     83886080
       20480        65536         156.573   2684354560    167772160
       22528            1          12.263        45056         2816
       22528            2           6.092        90112         5632
       22528            4           5.811       180224        11264
       22528            8           8.516       360448        22528
       22528           16           5.400       720896        45056
       22528           32           7.854      1441792        90112
       22528           64           5.611      2883584       180224
       22528          128          16.451      5767168       360448
       22528          256           5.971     11534336       720896
       22528          512           6.492     23068672      1441792
       22528         1024           7.314     46137344      2883584
       22528         2048           8.516     92274688      5767168
       22528         4096          12.454    184549376     11534336
       22528         8192          17.693    369098752     23068672
       22528        16384          31.129    738197504     46137344
       22528        32768          55.714   1476395008     92274688
       24576            1          18.625        49152         3072
       24576            2          16.401        98304         6144
       24576            4          11.000       196608        12288
       24576            8           9.377       393216        24576
       24576           16          11.271       786432        49152
       24576           32           8.866      1572864        98304
       24576           64           8.617      3145728       196608
       24576          128          10.058      6291456       393216
       24576          256           6.021     12582912       786432
       24576          512           6.943     25165824      1572864
       24576         1024           7.214     50331648      3145728
       24576         2048          11.571    100663296      6291456
       24576         4096          15.609    201326592     12582912
       24576         8192          24.316    402653184     25165824
       24576        16384          62.717    805306368     50331648
       24576        32768          74.249   1610612736    100663296
       26624            1          15.179        53248         3328
       26624            2          14.036       106496         6656
       26624            4           6.322       212992        13312
       26624            8          14.307       425984        26624
       26624           16           6.902       851968        53248
       26624           32           7.684      1703936       106496
       26624           64          12.814      3407872       212992
       26624          128          15.248      6815744       425984
       26624          256           7.224     13631488       851968
       26624          512          14.187     27262976      1703936
       26624         1024          11.121     54525952      3407872
       26624         2048          13.044    109051904      6815744
       26624         4096          21.199    218103808     13631488
       26624         8192          34.515    436207616     27262976
       26624        16384          65.944    872415232     54525952
       26624        32768         578.502   1744830464    109051904
       28672            1           8.997        57344         3584
       28672            2           6.151       114688         7168
       28672            4           5.851       229376        14336
       28672            8           7.364       458752        28672
       28672           16           5.421       917504        57344
       28672           32           7.113      1835008       114688
       28672           64           5.640      3670016       229376
       28672          128           5.650      7340032       458752
       28672          256           6.221     14680064       917504
       28672          512           6.552     29360128      1835008
       28672         1024           8.055     58720256      3670016
       28672         2048          11.161    117440512      7340032
       28672         4096          16.992    234881024     14680064
       28672         8192          27.812    469762048     29360128
       28672        16384          52.027    939524096     58720256
       28672        32768          99.205   1879048192    117440512
       30720            1          11.050        61440         3840
       30720            2           6.041       122880         7680
       30720            4           6.072       245760        15360
       30720            8           7.735       491520        30720
       30720           16           5.250       983040        61440
       30720           32           7.224      1966080       122880
       30720           64           9.487      3932160       245760
       30720          128           7.253      7864320       491520
       30720          256           7.404     15728640       983040
       30720          512           7.173     31457280      1966080
       30720         1024          10.209     62914560      3932160
       30720         2048          14.728    125829120      7864320
       30720         4096          22.923    251658240     15728640
       30720         8192          42.820    503316480     31457280
       30720        16384          72.416   1006632960     62914560
       30720        32768         130.414   2013265920    125829120
       33792            1          12.684        67584         4224
       33792            2           5.871       135168         8448
       33792            4           8.536       270336        16896
       33792            8           6.993       540672        33792
       33792           16           4.929      1081344        67584
       33792           32           8.216      2162688       135168
       33792           64           5.660      4325376       270336
       33792          128           6.332      8650752       540672
       33792          256           6.221     17301504      1081344
       33792          512           7.654     34603008      2162688
       33792         1024           8.977     69206016      4325376
       33792         2048          13.004    138412032      8650752
       33792         4096          23.894    276824064     17301504
       33792         8192          41.217    553648128     34603008
       33792        16384          74.569   1107296256     69206016
       33792        32768         149.380   2214592512    138412032
       36864            1          33.041        73728         4608
       36864            2           7.364       147456         9216
       36864            4           5.931       294912        18432
       36864            8          12.333       589824        36864
       36864           16           6.061      1179648        73728
       36864           32           6.001      2359296       147456
       36864           64           5.270      4718592       294912
       36864          128           7.304      9437184       589824
       36864          256           6.222     18874368      1179648
       36864          512           7.193     37748736      2359296
       36864         1024          11.762     75497472      4718592
       36864         2048          12.894    150994944      9437184
       36864         4096          21.269    301989888     18874368
       36864         8192          38.122    603979776     37748736
       36864        16384          66.434   1207959552     75497472
       36864        32768         125.505   2415919104    150994944
       39936            1          17.703        79872         4992
       39936            2           7.604       159744         9984
       39936            4           5.570       319488        19968
       39936            8           7.333       638976        39936
       39936           16           5.661      1277952        79872
       39936           32           6.302      2555904       159744
       39936           64           8.867      5111808       319488
       39936          128           6.251     10223616       638976
       39936          256           7.203     20447232      1277952
       39936          512           9.909     40894464      2555904
       39936         1024           9.658     81788928      5111808
       39936         2048          13.666    163577856     10223616
       39936         4096          22.903    327155712     20447232
       39936         8192          38.613    654311424     40894464
       39936        16384          74.329   1308622848     81788928
       39936        32768         146.825   2617245696    163577856
       43008            1          25.087        86016         5376
       43008            2           5.561       172032        10752
       43008            4           5.720       344064        21504
       43008            8           7.163       688128        43008
       43008           16           5.640      1376256        86016
       43008           32           6.302      2752512       172032
       43008           64           5.491      5505024       344064
       43008          128           5.961     11010048       688128
       43008          256           6.162     22020096      1376256
       43008          512           7.093     44040192      2752512
       43008         1024           8.967     88080384      5505024
       43008         2048          11.912    176160768     11010048
       43008         4096          18.615    352321536     22020096
       43008         8192          33.623    704643072     44040192
       43008        16384          59.721   1409286144     88080384
       47104            1          11.231        94208         5888
       47104            2           6.782       188416        11776
       47104            4           4.819       376832        23552
       47104            8           5.721       753664        47104
       47104           16           6.793      1507328        94208
       47104           32           4.439      3014656       188416
       47104           64           6.302      6029312       376832
       47104          128           5.481     12058624       753664
       47104          256           6.633     24117248      1507328
       47104          512           7.684     48234496      3014656
       47104         1024           9.047     96468992      6029312
       47104         2048          13.025    192937984     12058624
       47104         4096          20.328    385875968     24117248
       47104         8192          42.049    771751936     48234496
       47104        16384          68.188   1543503872     96468992
       51200            1          24.596       102400         6400
       51200            2           7.343       204800        12800
       51200            4          18.685       409600        25600
       51200            8          16.981       819200        51200
       51200           16          14.086      1638400       102400
       51200           32           8.847      3276800       204800
       51200           64          13.495      6553600       409600
       51200          128          12.663     13107200       819200
       51200          256           7.514     26214400      1638400
       51200          512          10.619     52428800      3276800
       51200         1024          10.310    104857600      6553600
       51200         2048          13.545    209715200     13107200
       51200         4096          24.316    419430400     26214400
       51200         8192          44.804    838860800     52428800
       51200        16384          85.751   1677721600    104857600
       56320            1          13.976       112640         7040
       56320            2          10.299       225280        14080
       56320            4           5.830       450560        28160
       56320            8           5.921       901120        56320
       56320           16           6.633      1802240       112640
       56320           32          10.980      3604480       225280
       56320           64          19.297      7208960       450560
       56320          128           4.168     14417920       901120
       56320          256          21.510     28835840      1802240
       56320          512          14.226     57671680      3604480
       56320         1024          17.994    115343360      7208960
       56320         2048          19.808    230686720     14417920
       56320         4096          29.415    461373440     28835840
       56320         8192          47.459    922746880     57671680
       56320        16384          80.230   1845493760    115343360
       61440            1          13.956       122880         7680
       61440            2          13.786       245760        15360
       61440            4          11.251       491520        30720
       61440            8          17.944       983040        61440
       61440           16           7.183      1966080       122880
       61440           32           8.305      3932160       245760
       61440           64          26.239      7864320       491520
       61440          128          12.193     15728640       983040
       61440          256           9.729     31457280      1966080
       61440          512          10.430     62914560      3932160
       61440         1024           9.037    125829120      7864320
       61440         2048          15.389    251658240     15728640
       61440         4096          20.899    503316480     31457280
       61440         8192          38.212   1006632960     62914560
       61440        16384          75.481   2013265920    125829120
       67584            1          20.949       135168         8448
       67584            2         327.553       270336        16896
       67584            4          10.349       540672        33792
       67584            8           7.954      1081344        67584
       67584           16           5.881      2162688       135168
       67584           32           6.542      4325376       270336
       67584           64           6.502      8650752       540672
       67584          128           5.891     17301504      1081344
       67584          256           7.434     34603008      2162688
       67584          512           8.246     69206016      4325376
       67584         1024          12.814    138412032      8650752
       67584         2048          16.741    276824064     17301504
       67584         4096          29.485    553648128     34603008
       67584         8192          66.695   1107296256     69206016
       67584        16384         102.090   2214592512    138412032
       73728            1          13.045       147456         9216
       73728            2           5.731       294912        18432
       73728            4           9.748       589824        36864
       73728            8           6.161      1179648        73728
       73728           16           6.753      2359296       147456
       73728           32           5.560      4718592       294912
       73728           64           6.081      9437184       589824
       73728          128           7.544     18874368      1179648
       73728          256           7.294     37748736      2359296
       73728          512           7.834     75497472      4718592
       73728         1024          11.402    150994944      9437184
       73728         2048          16.711    301989888     18874368
       73728         4096          25.568    603979776     37748736
       73728         8192          50.845   1207959552     75497472
       73728        16384          88.636   2415919104    150994944
       80896            1          23.174       161792        10112
       80896            2          30.267       323584        20224
       80896            4           8.215       647168        40448
       80896            8           8.346      1294336        80896
       80896           16           9.718      2588672       161792
       80896           32           7.554      5177344       323584
       80896           64           5.681     10354688       647168
       80896          128           7.163     20709376      1294336
       80896          256           7.364     41418752      2588672
       80896          512           7.995     82837504      5177344
       80896         1024          13.485    165675008     10354688
       80896         2048          16.361    331350016     20709376
       80896         4096          29.105    662700032     41418752
       80896         8192          51.797   1325400064     82837504
       80896        16384         100.388   2650800128    165675008
       88064            1          32.230       176128        11008
       88064            2           7.995       352256        22016
       88064            4           5.981       704512        44032
       88064            8           4.669      1409024        88064
       88064           16           6.793      2818048       176128
       88064           32           5.490      5636096       352256
       88064           64           6.251     11272192       704512
       88064          128           6.072     22544384      1409024
       88064          256           6.882     45088768      2818048
       88064          512           7.284     90177536      5636096
       88064         1024          10.840    180355072     11272192
       88064         2048          17.363    360710144     22544384
       88064         4096          30.547    721420288     45088768
       88064         8192          54.572   1442840576     90177536
       96256            1          14.387       192512        12032
       96256            2          20.719       385024        24064
       96256            4           9.988       770048        48128
       96256            8           6.552      1540096        96256
       96256           16           6.141      3080192       192512
       96256           32           7.434      6160384       385024
       96256           64           9.157     12320768       770048
       96256          128           6.181     24641536      1540096
       96256          256           9.137     49283072      3080192
       96256          512           8.596     98566144      6160384
       96256         1024          12.533    197132288     12320768
       96256         2048          19.927    394264576     24641536
       96256         4096          35.176    788529152     49283072
       96256         8192          58.078   1577058304     98566144
      105472            1          17.082       210944        13184
      105472            2           8.797       421888        26368
      105472            4           5.810       843776        52736
      105472            8           5.961      1687552       105472
      105472           16          11.992      3375104       210944
      105472           32           6.042      6750208       421888
      105472           64           6.292     13500416       843776
      105472          128          11.572     27000832      1687552
      105472          256           7.745     54001664      3375104
      105472          512          19.576    108003328      6750208
      105472         1024          22.482    216006656     13500416
      105472         2048          46.096    432013312     27000832
      105472         4096          34.134    864026624     54001664
      105472         8192          59.521   1728053248    108003328
      115712            1          19.967       231424        14464
      115712            2           7.784       462848        28928
      115712            4           6.051       925696        57856
      115712            8           8.867      1851392       115712
      115712           16           5.991      3702784       231424
      115712           32           6.642      7405568       462848
      115712           64           6.522     14811136       925696
      115712          128           6.703     29622272      1851392
      115712          256          12.313     59244544      3702784
      115712          512           9.227    118489088      7405568
      115712         1024          13.265    236978176     14811136
      115712         2048          20.287    473956352     29622272
      115712         4096          37.089    947912704     59244544
      115712         8192          71.333   1895825408    118489088
      126976            1          12.374       253952        15872
      126976            2           6.612       507904        31744
      126976            4           5.650      1015808        63488
      126976            8           7.764      2031616       126976
      126976           16           5.820      4063232       253952
      126976           32           7.695      8126464       507904
      126976           64           6.132     16252928      1015808
      126976          128           6.412     32505856      2031616
      126976          256           7.764     65011712      4063232
      126976          512          10.740    130023424      8126464
      126976         1024          16.601    260046848     16252928
      126976         2048          25.658    520093696     32505856
      126976         4096          46.006   1040187392     65011712
      126976         8192          87.303   2080374784    130023424
      139264            1          21.440       278528        17408
      139264            2           7.845       557056        34816
      139264            4           6.682      1114112        69632
      139264            8           6.111      2228224       139264
      139264           16          11.622      4456448       278528
      139264           32           7.795      8912896       557056
      139264           64           9.277     17825792      1114112
      139264          128           9.908     35651584      2228224
      139264          256           7.945     71303168      4456448
      139264          512          13.405    142606336      8912896
      139264         1024          18.054    285212672     17825792
      139264         2048          28.503    570425344     35651584
      139264         4096          52.108   1140850688     71303168
      139264         8192          97.062   2281701376    142606336
      152576            1          14.067       305152        19072
      152576            2           4.308       610304        38144
      152576            4          11.302      1220608        76288
      152576            8           9.698      2441216       152576
      152576           16          11.312      4882432       305152
      152576           32          12.964      9764864       610304
      152576           64           8.907     19529728      1220608
      152576          128           6.963     39059456      2441216
      152576          256           6.973     78118912      4882432
      152576          512          12.233    156237824      9764864
      152576         1024          17.743    312475648     19529728
      152576         2048          26.259    624951296     39059456
      152576         4096          42.720   1249902592     78118912
      152576         8192          81.312   2499805184    156237824
      166912            1          43.531       333824        20864
      166912            2           7.814       667648        41728
      166912            4          10.850      1335296        83456
      166912            8          20.077      2670592       166912
      166912           16           6.492      5341184       333824
      166912           32           9.348     10682368       667648
      166912           64           6.352     21364736      1335296
      166912          128           7.844     42729472      2670592
      166912          256          18.585     85458944      5341184
      166912          512          21.921    170917888     10682368
      166912         1024          25.668    341835776     21364736
      166912         2048          40.556    683671552     42729472
      166912         4096          76.072   1367343104     85458944
      183296            1          22.983       366592        22912
      183296            2           7.194       733184        45824
      183296            4           6.101      1466368        91648
      183296            8           7.163      2932736       183296
      183296           16           8.316      5865472       366592
      183296           32          13.585     11730944       733184
      183296           64           5.951     23461888      1466368
      183296          128          11.472     46923776      2932736
      183296          256          25.628     93847552      5865472
      183296          512          18.454    187695104     11730944
      183296         1024          42.229    375390208     23461888
      183296         2048          49.152    750780416     46923776
      183296         4096          87.934   1501560832     93847552
      200704            1           7.564       401408        25088
      200704            2           7.414       802816        50176
      200704            4           5.701      1605632       100352
      200704            8           6.342      3211264       200704
      200704           16           7.223      6422528       401408
      200704           32           9.578     12845056       802816
      200704           64           6.593     25690112      1605632
      200704          128           6.692     51380224      3211264
      200704          256          11.662    102760448      6422528
      200704          512          10.801    205520896     12845056
      200704         1024          16.702    411041792     25690112
      200704         2048          28.504    822083584     51380224
      200704         4096          79.389   1644167168    102760448
      220160            1          17.793       440320        27520
      220160            2           6.652       880640        55040
      220160            4           5.510      1761280       110080
      220160            8           8.345      3522560       220160
      220160           16           7.965      7045120       440320
      220160           32           5.841     14090240       880640
      220160           64           8.145     28180480      1761280
      220160          128          10.820     56360960      3522560
      220160          256          10.210    112721920      7045120
      220160          512          12.173    225443840     14090240
      220160         1024          19.216    450887680     28180480
      220160         2048          30.066    901775360     56360960
      220160         4096          57.618   1803550720    112721920
      241664            1          17.072       483328        30208
      241664            2          12.122       966656        60416
      241664            4           8.886      1933312       120832
      241664            8           5.129      3866624       241664
      241664           16           5.510      7733248       483328
      241664           32          14.557     15466496       966656
      241664           64           9.898     30932992      1933312
      241664          128          12.594     61865984      3866624
      241664          256          14.768    123731968      7733248
      241664          512          12.684    247463936     15466496
      241664         1024          18.144    494927872     30932992
      241664         2048          32.250    989855744     61865984
      241664         4096          59.341   1979711488    123731968
      265216            1          28.253       530432        33152
      265216            2           9.968      1060864        66304
      265216            4           5.701      2121728       132608
      265216            8           7.193      4243456       265216
      265216           16           5.801      8486912       530432
      265216           32          12.453     16973824      1060864
      265216           64           6.552     33947648      2121728
      265216          128          17.382     67895296      4243456
      265216          256           9.908    135790592      8486912
      265216          512          11.922    271581184     16973824
      265216         1024          26.620    543162368     33947648
      265216         2048          42.609   1086324736     67895296
      265216         4096          72.967   2172649472    135790592
      290816            1          18.825       581632        36352
      290816            2          10.910      1163264        72704
      290816            4           7.043      2326528       145408
      290816            8           4.919      4653056       290816
      290816           16          45.335      9306112       581632
      290816           32           5.901     18612224      1163264
      290816           64           7.133     37224448      2326528
      290816          128           7.514     74448896      4653056
      290816          256           9.768    148897792      9306112
      290816          512          16.922    297795584     18612224
      290816         1024          20.929    595591168     37224448
      290816         2048          36.989   1191182336     74448896
      290816         4096          65.783   2382364672    148897792
      319488            1          24.025       638976        39936
      319488            2           8.576      1277952        79872
      319488            4           6.543      2555904       159744
      319488            8           8.285      5111808       319488
      319488           16           8.055     10223616       638976
      319488           32           6.492     20447232      1277952
      319488           64           7.063     40894464      2555904
      319488          128          15.208     81788928      5111808
      319488          256          12.253    163577856     10223616
      319488          512          19.226    327155712     20447232
      319488         1024          32.311    654311424     40894464
      319488         2048          66.374   1308622848     81788928
      319488         4096         110.436   2617245696    163577856
      351232            1          27.702       702464        43904
      351232            2          15.048      1404928        87808
      351232            4          34.325      2809856       175616
      351232            8           8.025      5619712       351232
      351232           16           6.442     11239424       702464
      351232           32          16.581     22478848      1404928
      351232           64          13.506     44957696      2809856
      351232          128          10.139     89915392      5619712
      351232          256          17.102    179830784     11239424
      351232          512          16.460    359661568     22478848
      351232         1024          29.365    719323136     44957696
      351232         2048          51.366   1438646272     89915392
      386048            1          10.971       772096        48256
      386048            2           6.102      1544192        96512
      386048            4           6.602      3088384       193024
      386048            8           5.370      6176768       386048
      386048           16           5.851     12353536       772096
      386048           32           6.892     24707072      1544192
      386048           64          15.479     49414144      3088384
      386048          128           9.729     98828288      6176768
      386048          256          12.072    197656576     12353536
      386048          512          22.422    395313152     24707072
      386048         1024          42.188    790626304     49414144
      386048         2048          59.411   1581252608     98828288
      423936            1          16.260       847872        52992
      423936            2           6.272      1695744       105984
      423936            4          13.325      3391488       211968
      423936            8           5.921      6782976       423936
      423936           16           7.995     13565952       847872
      423936           32           6.191     27131904      1695744
      423936           64           7.033     54263808      3391488
      423936          128          18.314    108527616      6782976
      423936          256          14.708    217055232     13565952
      423936          512          19.065    434110464     27131904
      423936         1024          33.172    868220928     54263808
      423936         2048          58.329   1736441856    108527616
      465920            1          15.249       931840        58240
      465920            2           7.885      1863680       116480
      465920            4           5.901      3727360       232960
      465920            8           7.974      7454720       465920
      465920           16           9.879     14909440       931840
      465920           32           7.825     29818880      1863680
      465920           64           7.885     59637760      3727360
      465920          128          10.559    119275520      7454720
      465920          256          15.629    238551040     14909440
      465920          512          19.706    477102080     29818880
      465920         1024          40.716    954204160     59637760
      465920         2048          63.609   1908408320    119275520
      512000            1          12.343      1024000        64000
      512000            2           7.645      2048000       128000
      512000            4           7.755      4096000       256000
      512000            8           7.955      8192000       512000
      512000           16          14.146     16384000      1024000
      512000           32           8.987     32768000      2048000
      512000           64           7.544     65536000      4096000
      512000          128          14.176    131072000      8192000
      512000          256          21.090    262144000     16384000
      512000          512          21.710    524288000     32768000
      512000         1024          36.267   1048576000     65536000
      512000         2048          68.899   2097152000    131072000
      563200            1          20.759      1126400        70400
      563200            2          13.064      2252800       140800
      563200            4           6.362      4505600       281600
      563200            8           5.671      9011200       563200
      563200           16          13.005     18022400      1126400
      563200           32           8.836     36044800      2252800
      563200           64           6.883     72089600      4505600
      563200          128         350.034    144179200      9011200
      563200          256          13.305    288358400     18022400
      563200          512          21.971    576716800     36044800
      563200         1024          41.397   1153433600     72089600
      563200         2048          71.554   2306867200    144179200
      619520            1          20.168      1239040        77440
      619520            2          68.749      2478080       154880
      619520            4           9.177      4956160       309760
      619520            8           7.524      9912320       619520
      619520           16           6.782     19824640      1239040
      619520           32           6.402     39649280      2478080
      619520           64          12.724     79298560      4956160
      619520          128          15.700    158597120      9912320
      619520          256          14.266    317194240     19824640
      619520          512          26.800    634388480     39649280
      619520         1024          42.880   1268776960     79298560
      619520         2048          79.539   2537553920    158597120
      680960            1          25.718      1361920        85120
      680960            2           8.706      2723840       170240
      680960            4           6.873      5447680       340480
      680960            8          12.935     10895360       680960
      680960           16           8.736     21790720      1361920
      680960           32           7.464     43581440      2723840
      680960           64          10.119     87162880      5447680
      680960          128          37.721    174325760     10895360
      680960          256          15.890    348651520     21790720
      680960          512          29.786    697303040     43581440
      680960         1024          45.365   1394606080     87162880
      748544            1          28.073      1497088        93568
      748544            2           6.182      2994176       187136
      748544            4          10.460      5988352       374272
      748544            8           6.181     11976704       748544
      748544           16           7.284     23953408      1497088
      748544           32           7.394     47906816      2994176
      748544           64          11.972     95813632      5988352
      748544          128          11.021    191627264     11976704
      748544          256          19.166    383254528     23953408
      748544          512          33.994    766509056     47906816
      748544         1024          52.599   1533018112     95813632
      823296            1          25.438      1646592       102912
      823296            2           6.482      3293184       205824
      823296            4           9.618      6586368       411648
      823296            8           9.047     13172736       823296
      823296           16           6.292     26345472      1646592
      823296           32           7.323     52690944      3293184
      823296           64           8.105    105381888      6586368
      823296          128          11.140    210763776     13172736
      823296          256          17.943    421527552     26345472
      823296          512          29.966    843055104     52690944
      823296         1024          53.630   1686110208    105381888
      905216            1          28.373      1810432       113152
      905216            2           6.332      3620864       226304
      905216            4          14.647      7241728       452608
      905216            8           6.873     14483456       905216
      905216           16           9.077     28966912      1810432
      905216           32          10.099     57933824      3620864
      905216           64          11.041    115867648      7241728
      905216          128          18.424    231735296     14483456
      905216          256          19.266    463470592     28966912
      905216          512          36.308    926941184     57933824
      905216         1024          56.886   1853882368    115867648
      995328            1          24.195      1990656       124416
      995328            2           8.295      3981312       248832
      995328            4           8.516      7962624       497664
      995328            8           7.795     15925248       995328
      995328           16           6.402     31850496      1990656
      995328           32           7.985     63700992      3981312
      995328           64           7.804    127401984      7962624
      995328          128          12.794    254803968     15925248
      995328          256          21.230    509607936     31850496
      995328          512          34.515   1019215872     63700992
      995328         1024          62.457   2038431744    127401984
     1094656            1         417.681      2189312       136832
     1094656            2           7.845      4378624       273664
     1094656            4           6.161      8757248       547328
     1094656            8           6.712     17514496      1094656
     1094656           16           6.652     35028992      2189312
     1094656           32           7.584     70057984      4378624
     1094656           64          10.489    140115968      8757248
     1094656          128          13.876    280231936     17514496
     1094656          256          23.153    560463872     35028992
     1094656          512          34.795   1120927744     70057984
     1094656         1024          63.809   2241855488    140115968
     1203200            1          22.672      2406400       150400
     1203200            2           6.533      4812800       300800
     1203200            4           6.212      9625600       601600
     1203200            8           6.803     19251200      1203200
     1203200           16           8.005     38502400      2406400
     1203200           32           7.684     77004800      4812800
     1203200           64          10.540    154009600      9625600
     1203200          128          13.906    308019200     19251200
     1203200          256          23.534    616038400     38502400
     1203200          512          37.069   1232076800     77004800
     1203200         1024          69.039   2464153600    154009600
     1323008            1          23.303      2646016       165376
     1323008            2           6.111      5292032       330752
     1323008            4           7.865     10584064       661504
     1323008            8           6.712     21168128      1323008
     1323008           16           7.484     42336256      2646016
     1323008           32           8.386     84672512      5292032
     1323008           64          12.293    169345024     10584064
     1323008          128          15.740    338690048     21168128
     1323008          256          22.883    677380096     42336256
     1323008          512          40.425   1354760192     84672512
     1323008         1024          73.838   2709520384    169345024
     1455104            1          40.495      2910208       181888
     1455104            2           6.232      5820416       363776
     1455104            4           6.262     11640832       727552
     1455104            8           6.372     23281664      1455104
     1455104           16           7.003     46563328      2910208
     1455104           32           9.598     93126656      5820416
     1455104           64          11.993    186253312     11640832
     1455104          128          16.340    372506624     23281664
     1455104          256          24.766    745013248     46563328
     1455104          512          44.443   1490026496     93126656
     1600512            1          32.110      3201024       200064
     1600512            2           6.602      6402048       400128
     1600512            4           5.931     12804096       800256
     1600512            8           6.662     25608192      1600512
     1600512           16           8.206     51216384      3201024
     1600512           32           8.005    102432768      6402048
     1600512           64          11.842    204865536     12804096
     1600512          128          18.163    409731072     25608192
     1600512          256          26.961    819462144     51216384
     1600512          512          47.038   1638924288    102432768
     1760256            1          25.087      3520512       220032
     1760256            2           6.692      7041024       440064
     1760256            4          19.357     14082048       880128
     1760256            8          10.189     28164096      1760256
     1760256           16           9.167     56328192      3520512
     1760256           32           9.117    112656384      7041024
     1760256           64          11.452    225312768     14082048
     1760256          128          17.272    450625536     28164096
     1760256          256          30.798    901251072     56328192
     1760256          512          50.294   1802502144    112656384
     1935360            1         189.845      3870720       241920
     1935360            2           6.672      7741440       483840
     1935360            4           7.083     15482880       967680
     1935360            8           7.665     30965760      1935360
     1935360           16           8.436     61931520      3870720
     1935360           32           9.027    123863040      7741440
     1935360           64          12.162    247726080     15482880
     1935360          128          19.246    495452160     30965760
     1935360          256          30.568    990904320     61931520
     1935360          512          60.053   1981808640    123863040
     2128896            1          36.999      4257792       266112
     2128896            2          11.311      8515584       532224
     2128896            4           6.813     17031168      1064448
     2128896            8           8.897     34062336      2128896
     2128896           16          23.594     68124672      4257792
     2128896           32          19.646    136249344      8515584
     2128896           64          34.895    272498688     17031168
     2128896          128          66.575    544997376     34062336
     2128896          256         130.995   1089994752     68124672
     2128896          512         257.041   2179989504    136249344
     2340864            1          35.316      4681728       292608
     2340864            2           7.384      9363456       585216
     2340864            4           6.793     18726912      1170432
     2340864            8           8.355     37453824      2340864
     2340864           16           8.176     74907648      4681728
     2340864           32          11.612    149815296      9363456
     2340864           64          13.435    299630592     18726912
     2340864          128          21.320    599261184     37453824
     2340864          256          35.887   1198522368     74907648
     2340864          512          65.262   2397044736    149815296
     2574336            1          32.070      5148672       321792
     2574336            2           6.602     10297344       643584
     2574336            4           8.065     20594688      1287168
     2574336            8           7.564     41189376      2574336
     2574336           16          10.199     82378752      5148672
     2574336           32          10.269    164757504     10297344
     2574336           64          14.627    329515008     20594688
     2574336          128          23.584    659030016     41189376
     2574336          256          38.342   1318060032     82378752
     2574336          512          71.454   2636120064    164757504
     2831360            1          40.917      5662720       353920
     2831360            2           7.765     11325440       707840
     2831360            4           6.893     22650880      1415680
     2831360            8           8.445     45301760      2831360
     2831360           16           8.306     90603520      5662720
     2831360           32          11.661    181207040     11325440
     2831360           64          17.663    362414080     22650880
     2831360          128          23.945    724828160     45301760
     2831360          256          42.560   1449656320     90603520
     3113984            1          41.116      6227968       389248
     3113984            2           8.796     12455936       778496
     3113984            4           8.266     24911872      1556992
     3113984            8          10.189     49823744      3113984
     3113984           16          15.599     99647488      6227968
     3113984           32          26.650    199294976     12455936
     3113984           64          49.302    398589952     24911872
     3113984          128          96.110    797179904     49823744
     3113984          256         188.863   1594359808     99647488
     3425280            1         402.412      6850560       428160
     3425280            2           8.305     13701120       856320
     3425280            4           7.875     27402240      1712640
     3425280            8          10.679     54804480      3425280
     3425280           16          15.659    109608960      6850560
     3425280           32          28.975    219217920     13701120
     3425280           64          54.382    438435840     27402240
     3425280          128         105.607    876871680     54804480
     3425280          256         207.679   1753743360    109608960
     3767296            1          38.262      7534592       470912
     3767296            2           7.964     15069184       941824
     3767296            4           9.749     30138368      1883648
     3767296            8          11.382     60276736      3767296
     3767296           16          16.501    120553472      7534592
     3767296           32          32.250    241106944     15069184
     3767296           64          59.742    482213888     30138368
     3767296          128         129.872    964427776     60276736
     3767296          256         228.227   1928855552    120553472
     4143104            1          50.805      8286208       517888
     4143104            2          26.139     16572416      1035776
     4143104            4         357.448     33144832      2071552
     4143104            8          12.203     66289664      4143104
     4143104           16          19.196    132579328      8286208
     4143104           32          34.414    265158656     16572416
     4143104           64          65.282    530317312     33144832
     4143104          128         127.368   1060634624     66289664
     4143104          256         251.159   2121269248    132579328
     4556800            1          52.418      9113600       569600
     4556800            2           8.325     18227200      1139200
     4556800            4           9.729     36454400      2278400
     4556800            8           8.676     72908800      4556800
     4556800           16          11.251    145817600      9113600
     4556800           32          13.966    291635200     18227200
     4556800           64          21.450    583270400     36454400
     4556800          128          37.109   1166540800     72908800
     4556800          256          63.068   2333081600    145817600
     5012480            1          49.853     10024960       626560
     5012480            2           8.045     20049920      1253120
     5012480            4          10.710     40099840      2506240
     5012480            8           9.238     80199680      5012480
     5012480           16          13.485    160399360     10024960
     5012480           32          15.048    320798720     20049920
     5012480           64          22.472    641597440     40099840
     5012480          128          37.430   1283194880     80199680
     5012480          256         478.925   2566389760    160399360
     5513216            1          49.232     11026432       689152
     5513216            2           7.925     22052864      1378304
     5513216            4          12.764     44105728      2756608
     5513216            8          10.069     88211456      5513216
     5513216           16          11.973    176422912     11026432
     5513216           32          15.910    352845824     22052864
     5513216           64          24.285    705691648     44105728
     5513216          128          41.237   1411383296     88211456
     6064128            1          73.608     12128256       758016
     6064128            2           9.759     24256512      1516032
     6064128            4           9.207     48513024      3032064
     6064128            8          11.181     97026048      6064128
     6064128           16          12.333    194052096     12128256
     6064128           32          16.982    388104192     24256512
     6064128           64          26.610    776208384     48513024
     6064128          128          44.784   1552416768     97026048
     6670336            1          56.485     13340672       833792
     6670336            2           8.246     26681344      1667584
     6670336            4          11.452     53362688      3335168
     6670336            8          10.670    106725376      6670336
     6670336           16          13.605    213450752     13340672
     6670336           32          18.464    426901504     26681344
     6670336           64          28.283    853803008     53362688
     6670336          128          48.471   1707606016    106725376
     7336960            1         443.088     14673920       917120
     7336960            2          11.732     29347840      1834240
     7336960            4           9.689     58695680      3668480
     7336960            8          12.965    117391360      7336960
     7336960           16          13.615    234782720     14673920
     7336960           32          19.637    469565440     29347840
     7336960           64          30.497    939130880     58695680
     7336960          128          52.859   1878261760    117391360
     8070144            1          70.863     16140288      1008768
     8070144            2           9.397     32280576      2017536
     8070144            4          11.842     64561152      4035072
     8070144            8          11.662    129122304      8070144
     8070144           16          14.778    258244608     16140288
     8070144           32          20.618    516489216     32280576
     8070144           64          32.751   1032978432     64561152
     8070144          128          58.690   2065956864    129122304
     8877056            1          72.807     17754112      1109632
     8877056            2          10.700     35508224      2219264
     8877056            4          12.002     71016448      4438528
     8877056            8          12.564    142032896      8877056
     8877056           16          15.329    284065792     17754112
     8877056           32          21.901    568131584     35508224
     8877056           64          35.887   1136263168     71016448
     8877056          128          64.521   2272526336    142032896
     9763840            1          91.310     19527680      1220480
     9763840            2          10.470     39055360      2440960
     9763840            4          13.826     78110720      4881920
     9763840            8          20.298    156221440      9763840
     9763840           16          20.288    312442880     19527680
     9763840           32          24.125    624885760     39055360
     9763840           64          38.762   1249771520     78110720
     9763840          128          70.081   2499543040    156221440
    10739712            1         121.888     21479424      1342464
    10739712            2          10.640     42958848      2684928
    10739712            4          14.026     85917696      5369856
    10739712            8          24.086    171835392     10739712
    10739712           16          19.857    343670784     21479424
    10739712           32          25.057    687341568     42958848
    10739712           64          44.934   1374683136     85917696
    11812864            1          98.845     23625728      1476608
    11812864            2          23.614     47251456      2953216
    11812864            4          14.777     94502912      5906432
    11812864            8          16.330    189005824     11812864
    11812864           16          21.290    378011648     23625728
    11812864           32          35.887    756023296     47251456
    11812864           64         558.795   1512046592     94502912
    12993536            1         108.193     25987072      1624192
    12993536            2          12.043     51974144      3248384
    12993536            4          12.474    103948288      6496768
    12993536            8          16.881    207896576     12993536
    12993536           16          19.817    415793152     25987072
    12993536           32          30.186    831586304     51974144
    12993536           64          49.242   1663172608    103948288
    14291968            1         113.402     28583936      1786496
    14291968            2          24.556     57167872      3572992
    14291968            4          16.871    114335744      7145984
    14291968            8          25.097    228671488     14291968
    14291968           16          56.565    457342976     28583936
    14291968           32          33.533    914685952     57167872
    14291968           64          60.372   1829371904    114335744
    15720448            1         121.247     31440896      1965056
    15720448            2          21.671     62881792      3930112
    15720448            4          14.577    125763584      7860224
    15720448            8          21.150    251527168     15720448
    15720448           16          24.887    503054336     31440896
    15720448           32          60.623   1006108672     62881792
    15720448           64          58.599   2012217344    125763584
    17292288            1         130.183     34584576      2161536
    17292288            2          13.425     69169152      4323072
    17292288            4          16.972    138338304      8646144
    17292288            8          18.084    276676608     17292288
    17292288           16          24.536    553353216     34584576
    17292288           32          37.550   1106706432     69169152
    17292288           64          63.398   2213412864    138338304
    19020800            1         160.009     38041600      2377600
    19020800            2          14.086     76083200      4755200
    19020800            4          21.420    152166400      9510400
    19020800            8          39.003    304332800     19020800
    19020800           16          74.990    608665600     38041600
    19020800           32         145.552   1217331200     76083200
    19020800           64         288.580   2434662400    152166400
    20922368            1         475.509     41844736      2615296
    20922368            2          15.048     83689472      5230592
    20922368            4          18.374    167378944     10461184
    20922368            8          20.779    334757888     20922368
    20922368           16          28.414    669515776     41844736
    20922368           32          43.622   1339031552     83689472
    20922368           64          75.942   2678063104    167378944
    23014400            1         162.133     46028800      2876800
    23014400            2          15.639     92057600      5753600
    23014400            4          21.400    184115200     11507200
    23014400            8          25.167    368230400     23014400
    23014400           16          30.907    736460800     46028800
    23014400           32          47.859   1472921600     92057600
    25315328            1         205.574     50630656      3164416
    25315328            2          25.678    101261312      6328832
    25315328            4          18.745    202522624     12657664
    25315328            8          27.682    405045248     25315328
    25315328           16          33.823    810090496     50630656
    25315328           32          53.590   1620180992    101261312
    27846656            1         212.718     55693312      3480832
    27846656            2          19.356    111386624      6961664
    27846656            4          24.415    222773248     13923328
    27846656            8          29.355    445546496     27846656
    27846656           16          37.360    891092992     55693312
    27846656           32          56.986   1782185984    111386624
    30630912            1         231.303     61261824      3828864
    30630912            2          20.839    122523648      7657728
    30630912            4          23.544    245047296     15315456
    30630912            8          27.611    490094592     30630912
    30630912           16          38.913    980189184     61261824
    30630912           32          62.347   1960378368    122523648
    33693696            1         273.631     67387392      4211712
    33693696            2          23.594    134774784      8423424
    33693696            4          43.502    269549568     16846848
    33693696            8          34.685    539099136     33693696
    33693696           16          42.800   1078198272     67387392
    33693696           32          67.947   2156396544    134774784
    37062656            1         339.946     74125312      4632832
    37062656            2          34.404    148250624      9265664
    37062656            4          25.848    296501248     18531328
    37062656            8          34.685    593002496     37062656
    37062656           16          56.566   1186004992     74125312
    37062656           32          74.208   2372009984    148250624
    40768512            1         298.448     81537024      5096064
    40768512            2          35.105    163074048     10192128
    40768512            4          28.102    326148096     20384256
    40768512            8          65.863    652296192     40768512
    40768512           16          58.409   1304592384     81537024
    40768512           32          82.564   2609184768    163074048
    44845056            1         331.961     89690112      5605632
    44845056            2          39.915    179380224     11211264
    44845056            4          30.527    358760448     22422528
    44845056            8          47.799    717520896     44845056
    44845056           16          55.654   1435041792     89690112
    49329152            1         353.631     98658304      6166144
    49329152            2          45.525    197316608     12332288
    49329152            4          32.772    394633216     24664576
    49329152            8          43.471    789266432     49329152
    49329152           16          61.995   1578532864     98658304
    54261760            1         892.789    108523520      6782720
    54261760            2          64.561    217047040     13565440
    54261760            4          36.919    434094080     27130880
    54261760            8          46.747    868188160     54261760
    54261760           16          67.576   1736376320    108523520
    59687936            1         493.042    119375872      7460992
    59687936            2          77.235    238751744     14921984
    59687936            4          46.307    477503488     29843968
    59687936            8          54.502    955006976     59687936
    59687936           16          77.545   1910013952    119375872
    65655808            1         512.658    131311616      8206976
    65655808            2          89.187    262623232     16413952
    65655808            4          57.638    525246464     32827904
    65655808            8          74.339   1050492928     65655808
    65655808           16          92.262   2100985856    131311616
    72220672            1         532.977    144441344      9027584
    72220672            2         150.922    288882688     18055168
    72220672            4          86.632    577765376     36110336
    72220672            8          91.110   1155530752     72220672
    72220672           16         115.046   2311061504    144441344
    79441920            1         572.209    158883840      9930240
    79441920            2         149.048    317767680     19860480
    79441920            4          92.093    635535360     39720960
    79441920            8         106.699   1271070720     79441920
    79441920           16         139.130   2542141440    158883840
    87386112            1         608.698    174772224     10923264
    87386112            2         164.087    349544448     21846528
    87386112            4         117.139    699088896     43693056
    87386112            8         129.192   1398177792     87386112
    96123904            1         667.017    192247808     12015488
    96123904            2         182.020    384495616     24030976
    96123904            4         142.546    768991232     48061952
    96123904            8         151.433   1537982464     96123904
   105736192            1         767.746    211472384     13217024
   105736192            2         209.552    422944768     26434048
   105736192            4         160.901    845889536     52868096
   105736192            8         175.438   1691779072    105736192
   116308992            1         862.152    232617984     14538624
   116308992            2         244.707    465235968     29077248
   116308992            4         177.522    930471936     58154496
   116308992            8         196.898   1860943872    116308992
   127939584            1         908.138    255879168     15992448
   127939584            2         249.546    511758336     31984896
   127939584            4         201.016   1023516672     63969792
   127939584            8         222.566   2047033344    127939584
   140733440            1         997.345    281466880     17591680
   140733440            2         277.268    562933760     35183360
   140733440            4         222.336   1125867520     70366720
   140733440            8         261.679   2251735040    140733440
   154806272            1        1071.013    309612544     19350784
   154806272            2         316.552    619225088     38701568
   154806272            4         249.757   1238450176     77403136
   154806272            8         277.699   2476900352    154806272
   170286080            1        1226.233    340572160     21285760
   170286080            2         323.395    681144320     42571520
   170286080            4         275.335   1362288640     85143040
   187314176            1        1296.574    374628352     23414272
   187314176            2         376.625    749256704     46828544
   187314176            4         308.236   1498513408     93657088
   206045184            1        1463.606    412090368     25755648
   206045184            2         371.505    824180736     51511296
   206045184            4         316.632   1648361472    103022592
   226649088            1        1615.751    453298176     28331136
   226649088            2         407.291    906596352     56662272
   226649088            4         352.629   1813192704    113324544
   249313280            1        1761.854    498626560     31164160
   249313280            2         431.858    997253120     62328320
   249313280            4       13215.128   1994506240    124656640
   274244608            1        3242.252    548489216     34280576
   274244608            2         497.450   1096978432     68561152
   274244608            4         475.398   2193956864    137122304
   301668352            1        2103.383    603336704     37708544
   301668352            2         517.628   1206673408     75417088
   301668352            4         481.139   2413346816    150834176
   331834368            1       11218.054    663668736     41479296
   331834368            2         747.868   1327337472     82958592
   331834368            4         556.380   2654674944    165917184
   365017088            1        2609.760    730034176     45627136
   365017088            2         589.132   1460068352     91254272
   401518592            1        2806.287    803037184     50189824
   401518592            2         687.215   1606074368    100379648
   441669632            1       15329.842    883339264     55208704
   441669632            2        1008.045   1766678528    110417408
   485835776            1        3393.525    971671552     60729472
   485835776            2        1007.594   1943343104    121458944
   534418432            1        3733.931   1068836864     66802304
   534418432            2        1662.278   2137673728    133604608
   587859968            1       14368.324   1175719936     73482496
   587859968            2        2793.563   2351439872    146964992
   646645760            1       16788.189   1293291520     80830720
   646645760            2        5396.049   2586583040    161661440
   711310336            1       11882.897   1422620672     88913792
   782440448            1        5468.906   1564880896     97805056
   860684288            1        6003.745   1721368576    107585536
   946752512            1        6612.824   1893505024    118344064
  1041427456            1        7297.294   2082854912    130178432
  1145569280            1        7978.047   2291138560    143196160
  1260126208            1        8767.453   2520252416    157515776

META_DATA
FLOPS          1
MPI_PROCS      128
OPENMP_THREADS 1
ERT_VERSION  1.1.0
HOSTNAME  ('tcn46.local.snellius.surf.nl', [], ['172.18.56.56'])
UNAME  uname_result(system='Linux', node='tcn46.local.snellius.surf.nl', release='4.18.0-372.80.1.el8_6.x86_64', version='#1 SMP Fri Nov 3 14:30:16 EDT 2023', machine='x86_64', processor='x86_64')
TIMESTAMP_DATA  1707384465.9897928
CONFIG  {'ERT_RESULTS': ['Results.snellius.01'], 'ERT_DRIVER': ['driver1'], 'ERT_KERNEL': ['kernel1'], 'ERT_MPI': ['True'], 'ERT_MPI_CFLAGS': [], 'ERT_MPI_LDFLAGS': [], 'ERT_OPENMP': ['True'], 'ERT_OPENMP_CFLAGS': ['-fopenmp'], 'ERT_OPENMP_LDFLAGS': ['-fopenmp'], 'ERT_FLOPS': ['1,2,4,8,16'], 'ERT_ALIGN': ['32'], 'ERT_CC': ['mpic++'], 'ERT_CFLAGS': ['-Ofast', '-fargument-noalias', '-mavx2'], 'ERT_LD': ['mpic++'], 'ERT_LDFLAGS': [], 'ERT_LDLIBS': [], 'ERT_RUN': ['export', 'OMP_NUM_THREADS=ERT_OPENMP_THREADS;', 'mpirun', '-np', 'ERT_MPI_PROCS', 'ERT_CODE'], 'ERT_PROCS_THREADS': ['32,64,128'], 'ERT_MPI_PROCS': ['32,64,128'], 'ERT_OPENMP_THREADS': ['1,2,4,8'], 'ERT_NUM_EXPERIMENTS': ['5'], 'ERT_MEMORY_MAX': ['1357905920'], 'ERT_WORKING_SET_MIN': ['1'], 'ERT_TRIALS_MIN': ['1'], 'ERT_GNUPLOT': ['gnuplot'], 'ERT_GPU': [False], 'ERT_HIP': [False], 'ERT_PRECISION': ['FP64'], 'ERT_OCL': [False], 'ERT_SYCL': [False], 'ERT_WSS_MULT': [1.1]}
