fp64
 1024 1048576 10073.021 10177.227 10602.873 202.53790156686782 211.00872054833798 213.19161828412746 101.26895078343391 105.50436027416899 106.59580914206373
 2048 524288 4798.28 4809.18 5425.925 395.78203679556947 446.5384219347165 447.552799753245 197.89101839778473 223.26921096735825 223.7763998766225
 3072 262144 2515.888 2516.008 2836.899 567.7370734735357 640.1461108231771 640.1766437933644 283.86853673676785 320.07305541158854 320.0883218966822
 4096 262144 2512.332 3065.066 3186.774 673.8738448349335 700.6321064538251 854.7770151397189 336.93692241746675 350.3160532269126 427.3885075698594
 5120 262144 2511.25 2523.463 3134.786 856.3119013546698 1063.758240164409 1068.9316316575412 428.1559506773349 531.8791200822045 534.4658158287706
 6144 131072 1251.042 1253.506 1255.53 1282.8150151728753 1284.8863395947046 1287.4169979904752 641.4075075864376 642.4431697973523 643.7084989952376
 7168 131072 1262.533 1278.202 1292.309 1454.0239153329428 1470.0713909069145 1488.3161010444876 727.0119576664714 735.0356954534573 744.1580505222438
 8192 131072 1251.191 1252.284 1285.546 1670.4837073119127 1714.8535380153382 1716.3515786158948 835.2418536559563 857.4267690076691 858.1757893079474
 9216 131072 1261.771 1264.998 1298.12 1861.0907342926696 1909.8204929968267 1914.7048901900584 930.5453671463348 954.9102464984134 957.3524450950292
 10240 131072 1252.664 1255.921 1875.65 1431.159629994935 2137.3594039752497 2142.9166640056715 715.5798149974675 1068.6797019876249 1071.4583320028357
 11264 65536 640.228 643.575 797.122 1852.1568944277037 2294.052764635046 2306.0456712296245 926.0784472138519 1147.026382317523 1153.0228356148123
 12288 65536 628.887 636.391 7480.399 215.31107311254385 2530.854044133245 2561.052678780131 107.65553655627193 1265.4270220666226 1280.5263393900655
 13312 65536 642.623 645.218 820.155 2127.4398912400707 2704.249515667573 2715.1696469002823 1063.7199456200353 1352.1247578337866 1357.5848234501411
 14336 65536 628.646 635.349 639.797 2936.9443620398342 2957.505547344845 2989.0402420440123 1468.4721810199171 1478.7527736724226 1494.5201210220062
 15360 65536 645.818 652.07 701.904 2868.2924160568964 3087.4996856165744 3117.3889857514037 1434.1462080284482 1543.7498428082872 1558.6944928757018
 16384 65536 635.43 640.81 755.814 2841.2858825054846 3351.2018351773545 3379.5754811702313 1420.6429412527423 1675.6009175886772 1689.7877405851157
 17408 65536 642.573 646.951 671.747 3396.6677573550755 3526.853464945568 3550.882741727399 1698.3338786775378 1763.426732472784 1775.4413708636996
 18432 65536 636.681 648.744 672.439 3592.770651315584 3723.9945248048534 3794.5519090407906 1796.385325657792 1861.9972624024267 1897.2759545203953
 19456 65536 659.965 669.844 679.472 3753.1154072574004 3807.060796245096 3864.048596516482 1876.5577036287002 1903.530398122548 1932.024298258241
 20480 65536 635.559 645.198 2701.175 993.7729173415273 4160.5128348196995 4223.611906998407 496.88645867076366 2080.2564174098497 2111.8059534992035
 22528 32768 322.894 323.505 628.917 2347.5196377264406 4563.747107463563 4572.382912039245 1173.7598188632203 2281.8735537317816 2286.1914560196224
 24576 32768 322.072 325.98 332.662 4841.589168585532 4940.832983618627 5000.784718944832 2420.794584292766 2470.4164918093134 2500.392359472416
 26624 32768 359.844 361.046 398.796 4375.245649404708 4832.709582712452 4848.852458287481 2187.622824702354 2416.354791356226 2424.4262291437403
 28672 32768 360.755 365.514 377.797 4973.698023012358 5140.837811957955 5208.65460492578 2486.849011506179 2570.4189059789774 2604.32730246289
 30720 32768 411.621 419.615 449.672 4477.187638990196 4797.88835003515 4891.06707383734 2238.593819495098 2398.944175017575 2445.53353691867
 33792 32768 470.301 481.781 486.751 4549.7441443366315 4596.6788063456215 4708.88327262753 2274.8720721683158 2298.3394031728108 2354.441636313765
 36864 32768 462.897 470.49 479.507 5038.339594625313 5134.900006376331 5219.128886123694 2519.1697973126566 2567.4500031881653 2609.564443061847
 39936 32768 576.168 580.015 602.126 4346.674443555003 4512.375879934139 4542.504436206106 2173.3372217775013 2256.1879399670697 2271.252218103053
 43008 16384 285.464 288.28 307.676 4580.422730404712 4888.601859303455 4936.826163719418 2290.211365202356 2444.3009296517275 2468.413081859709
 47104 16384 313.296 314.258 324.397 4758.070734316286 4911.581795849271 4926.663193912466 2379.035367158143 2455.7908979246354 2463.331596956233
 51200 16384 335.588 341.459 345.847 4851.051476519964 4913.391065984496 4999.3492019976875 2425.525738259982 2456.695532992248 2499.6746009988437
 56320 16384 388.276 393.977 669.232 2757.62928252086 4684.26776182366 4753.046183642564 1378.81464126043 2342.13388091183 2376.523091821282
 61440 16384 390.651 396.492 718.265 2802.9570144723743 5077.6961956357245 5153.617730403864 1401.4785072361872 2538.8480978178623 2576.808865201932
 67584 16384 437.098 546.463 759.973 2914.0410409317174 4052.593701677881 5066.581206045325 1457.0205204658587 2026.2968508389406 2533.2906030226627
 73728 16384 462.967 468.126 784.919 3077.9215485929117 5160.830853231822 5218.3397607172865 1538.9607742964558 2580.415426615911 2609.1698803586432
 80896 16384 553.957 592.549 889.004 2981.76400556128 4473.55430183833 4785.209191327125 1490.88200278064 2236.777150919165 2392.6045956635626
 88064 8192 285.243 286.426 289.412 4985.420701283983 5037.393867875123 5058.285658193189 2492.7103506419917 2518.6969339375614 2529.1428290965946
 96256 8192 310.111 318.125 468.317 3367.5017221241164 4957.354197249509 5085.463927432435 1683.7508610620582 2478.6770986247543 2542.7319637162177
 105472 8192 349.063 363.49 442.838 3902.224398086885 4754.059941126303 4950.548319357824 1951.1121990434424 2377.0299705631514 2475.274159678912
 115712 8192 375.703 549.278 687.136 2759.0250081497697 3451.4861472696884 5046.074713270856 1379.5125040748849 1725.7430736348442 2523.037356635428
 126976 8192 398.947 403.515 405.919 5125.098317644653 5155.631845160651 5214.664564465957 2562.5491588223267 2577.8159225803256 2607.3322822329783
 139264 8192 442.057 448.65 470.04 4854.270649306442 5085.704616070434 5161.55467733799 2427.135324653221 2542.852308035217 2580.777338668995
 152576 8192 490.017 500.497 524.471 4766.336335088117 4994.6456901839565 5101.466243007895 2383.1681675440586 2497.3228450919783 2550.7331215039476
 166912 4096 275.055 289.282 310.922 4397.704581856542 4726.678825505908 4971.162509316318 2198.852290928271 2363.339412752954 2485.581254658159
 183296 4096 296.435 302.015 433.141 3466.6790537030665 4971.808790954092 5065.3965692310285 1733.3395268515333 2485.904395477046 2532.6982846155142
 200704 4096 320.34 321.271 321.642 5111.792514659155 5117.695552975525 5132.569045389275 2555.8962573295776 2558.8477764877625 2566.2845226946374
 220160 4096 354.112 364.943 708.676 2544.9580908623966 4942.006614731616 5093.1646484728 1272.4790454311983 2471.003307365808 2546.5823242364
 241664 4096 383.869 384.219 702.023 2820.0094412861113 5152.560097236212 5157.25804375972 1410.0047206430556 2576.280048618106 2578.62902187986
 265216 4096 425.397 428.873 429.684 5056.389048696251 5065.950694028302 5107.345543104441 2528.1945243481255 2532.975347014151 2553.6727715522206
 290816 4096 461.063 462.967 1041.018 2288.4951768365195 5145.862819596213 5167.113110355852 1144.2475884182597 2572.9314097981064 2583.556555177926
 319488 4096 505.956 509.604 628.446 4164.631004095817 5135.842136246968 5172.872139079287 2082.3155020479085 2567.921068123484 2586.4360695396435
 351232 2048 284.652 296.776 888.132 1619.8563636936854 4847.582931234331 5054.052920759384 809.9281818468427 2423.7914656171656 2527.026460379692
 386048 2048 306.123 311.122 668.922 2363.8818995338765 5082.419783878993 5165.415888384734 1181.9409497669383 2541.2098919394966 2582.707944192367
 423936 2048 336.57 346.879 1020.51 1701.543204868154 5005.900778081117 5159.22945004011 850.771602434077 2502.9503890405585 2579.614725020055
 465920 2048 373.258 385.933 719.737 2651.535658164024 4944.921320540094 5112.839698010492 1325.767829082012 2472.460660270047 2556.419849005246
 512000 2048 400.369 405.229 1000.192 2096.7494241105705 5175.226847042042 5238.047900811501 1048.3747120552853 2587.613423521021 2619.0239504057504
 563200 2048 440.996 460.552 532.556 4331.689437354945 5008.917994059303 5231.038830284176 2165.8447186774724 2504.4589970296515 2615.519415142088
 619520 2048 489.085 496.93 1096.632 2313.9521006135146 5106.461513694082 5188.369956142593 1156.9760503067573 2553.230756847041 2594.1849780712964
 680960 1024 274.233 296.285 874.878 1594.0577771986493 4706.974973420861 5085.478698770753 797.0288885993247 2353.4874867104304 2542.7393493853765
 748544 1024 297.506 300.272 611.484 2507.045338880494 5105.431448819737 5152.898133146895 1253.522669440247 2552.7157244098685 2576.4490665734475
 823296 1024 322.794 333.324 934.248 1804.777969018933 5058.4722612233145 5223.486830610234 902.3889845094665 2529.2361306116572 2611.743415305117
 905216 1024 354.774 490.358 661.999 2800.4307680223083 3780.671199409411 5225.530529294707 1400.2153840111541 1890.3355997047056 2612.7652646473534
 995328 1024 391.422 394.379 980.535 2078.8974835166514 5168.712695148574 5207.759768229685 1039.4487417583257 2584.356347574287 2603.8798841148423
 1094656 1024 436.347 440.785 690.582 3246.3277177800755 5086.052129723108 5137.781371248113 1623.1638588900378 2543.026064861554 2568.8906856240565
 1203200 1024 476.592 830.835 1074.761 2292.745642984812 2965.876016296858 5170.362909994293 1146.372821492406 1482.938008148429 2585.1814549971464
 1323008 1024 520.323 521.035 786.532 3444.8952922449434 5200.265594441833 5207.381538006201 1722.4476461224717 2600.1327972209165 2603.6907690031003
 1455104 512 286.797 298.639 542.265 2747.7829031930883 4989.39018681418 5195.404749701008 1373.8914515965441 2494.69509340709 2597.702374850504
 1600512 512 313.757 318.917 350.827 4671.6024935367 5139.030807388756 5223.546528045589 2335.80124676835 2569.515403694378 2611.7732640227946
 1760256 512 346.248 350.085 350.997 5135.377635706288 5148.755713612409 5205.812435017675 2567.688817853144 2574.3778568062044 2602.9062175088375
 1935360 512 380.472 386.033 641.982 3087.0158976419903 5133.780376289073 5208.815996972182 1543.5079488209951 2566.8901881445363 2604.407998486091
 2128896 512 419.886 428.582 843.699 2583.8474432232347 5086.516708587855 5191.860419256655 1291.9237216116173 2543.2583542939274 2595.9302096283277
 2340864 512 457.776 462.837 504.975 4746.858232585771 5179.025739083089 5236.283107895564 2373.4291162928853 2589.5128695415447 2618.141553947782
 2574336 512 507.28 513.061 648.283 4066.310645196619 5138.024648141254 5196.577953004259 2033.1553225983096 2569.012324070627 2598.2889765021296
 2831360 256 279.173 280.195 293.118 4945.640731718967 5173.740859044594 5192.680954103728 2472.8203658594834 2586.870429522297 2596.340477051864
 3113984 256 306.042 306.754 562.172 2836.0711810620237 5197.519210833437 5209.611125270389 1418.0355905310118 2598.7596054167184 2604.8055626351943
 3425280 256 337.391 347.05 553.005 3171.297474706377 5053.287307304423 5197.955369289637 1585.6487373531886 2526.6436536522115 2598.9776846448185
 3767296 256 369.802 375.142 386.464 4991.035522066738 5141.667827116132 5215.914332534708 2495.517761033369 2570.833913558066 2607.957166267354
 4143104 256 405.269 405.9 672.749 3153.1362335729964 5226.088317319537 5234.225287401701 1576.5681167864982 2613.0441586597685 2617.1126437008506
 4556800 256 445.654 473.396 745.816 3128.2268012485647 4928.393142316369 5235.186041188905 1564.1134006242823 2464.1965711581847 2617.5930205944524
 5012480 256 490.618 500.687 765.603 3352.1156003829665 5125.736757694927 5230.932741970331 1676.0578001914832 2562.8683788474636 2615.4663709851657
 5513216 128 271.808 275.295 275.876 5116.006089692471 5126.803232895621 5192.574523192841 2558.0030448462353 2563.4016164478103 2596.2872615964206
 6064128 128 297.878 319.207 14023.485 110.70121071901885 4863.354400122805 5211.585843868967 55.35060535950942 2431.6772000614023 2605.7929219344833
 6670336 128 332.672 347.481 926.965 1842.1472396476672 4914.242839176818 5133.0019238168525 921.0736198238336 2457.121419588409 2566.5009619084262
 7336960 128 358.952 363.33 695.131 2702.0256038070524 5169.575207111992 5232.626535024181 1351.0128019035262 2584.787603555996 2616.3132675120905
 8070144 128 394.798 456.684 659.965 3130.403678982976 4523.821425756102 5232.946630935313 1565.201839491488 2261.910712878051 2616.4733154676564
 8877056 128 433.381 444.432 471.983 4814.847856808402 5113.327429168016 5243.714735994425 2407.423928404201 2556.663714584008 2621.8573679972124
 9763840 128 476.802 477.243 487.813 5123.977917767669 5237.4640172826 5242.308211794413 2561.9889588838346 2618.7320086413 2621.1541058972066
 10739712 64 263.514 267.641 273.101 5033.607112386992 5136.295022063137 5216.736628793916 2516.803556193496 2568.1475110315687 2608.368314396958
 11812864 64 289.912 308.267 431.778 3501.907443176817 4904.9901286871445 5215.53641104887 1750.9537215884086 2452.4950643435723 2607.768205524435
 12993536 64 318.115 330.849 348.542 4771.799691285412 5026.983935269564 5228.211835342565 2385.899845642706 2513.491967634782 2614.1059176712824
 14291968 64 349.514 352.469 367.848 4973.173441203976 5190.163969029901 5234.044713516483 2486.586720601988 2595.0819845149504 2617.0223567582416
 15720448 64 382.907 383.297 446.065 4511.040642058893 5249.760222490654 5255.1072296928505 2255.5203210294467 2624.880111245327 2627.5536148464253
 17292288 64 421.569 442.198 459.751 4814.373136763161 5005.47913830456 5250.4165723760525 2407.1865683815804 2502.73956915228 2625.2082861880262
 19020800 64 463.568 468.296 492.552 4942.955058552193 5198.981840545296 5252.007041038209 2471.4775292760964 2599.490920272648 2626.0035205191043
 20922368 64 513.531 545.622 675.284 3965.8323075920653 4908.275516749692 5214.997933912462 1982.9161537960326 2454.137758374846 2607.498966956231
 23014400 32 280.726 285.203 293.079 5025.681130343695 5164.467414438138 5246.830005058313 2512.8405651718476 2582.233707219069 2623.4150025291565
 25315328 32 309.9 312.705 331.03 4894.363024499291 5181.180320110008 5228.07677315263 2447.1815122496455 2590.590160055004 2614.038386576315
 27846656 32 337.882 338.443 520.625 3423.1663558223286 5265.83792248621 5274.581019409143 1711.5831779111643 2632.918961243105 2637.2905097045714
 30630912 32 371.214 376.364 506.247 3872.375279260914 5208.729761613758 5280.992548772407 1936.187639630457 2604.364880806879 2640.4962743862034
 33693696 32 408.394 414.786 433.692 4972.184278243546 5198.817086401181 5280.186643290548 2486.092139121773 2599.4085432005904 2640.093321645274
 37062656 32 452.918 477.514 674.101 3518.7753526548695 4967.414534442969 5237.173139508696 1759.3876763274347 2483.7072672214845 2618.586569754348
 40768512 32 494.165 498.783 779.219 3348.461431253601 5231.102038361371 5279.9869841045 1674.2307156268005 2615.5510191806857 2639.99349205225
 44845056 16 274.183 278.511 304.2 4717.428639053255 5152.549780798604 5233.883180211757 2358.7143195266276 2576.274890399302 2616.9415901058783
 49329152 16 296.705 305.802 307.315 5136.5304784992595 5161.944212268068 5320.2098515360385 2568.2652392496298 2580.972106134034 2660.1049257680193
 54261760 16 330.348 335.638 355.836 4879.709529108915 5173.360346563858 5256.203518713599 2439.8547645544577 2586.680173281929 2628.1017593567994
 59687936 16 360.655 370.974 397.744 4802.118830202341 5148.646406486708 5295.958608642609 2401.0594151011705 2574.323203243354 2647.9793043213044
 65655808 16 399.147 399.928 532.146 3948.1380222720836 5253.410253845692 5263.689457768692 1974.0690111360418 2626.705126922846 2631.844728884346
 72220672 16 442.798 452.777 496.068 4658.7594926502015 5104.193684749888 5219.222995587153 2329.3797463251008 2552.096842374944 2609.6114977935763
 79441920 16 490.688 502.711 1156.455 2198.2190746721662 5056.8645603537625 5180.769531759489 1099.1095373360831 2528.4322801768812 2590.3847658797445
 87386112 8 285.464 288.51 294.06 4754.736421138543 4846.20218363315 4897.912843651039 2377.3682105692715 2423.101091816575 2448.9564218255196
 96123904 8 322.173 337.281 338.183 4547.781715816584 4559.943975498175 4773.778261989676 2273.890857908292 2279.9719877490875 2386.889130994838
 105736192 8 367.257 368.549 375.623 4503.928332397111 4590.377594295467 4606.526416106432 2251.9641661985556 2295.1887971477336 2303.263208053216
 116308992 8 412.723 418.223 688.409 2703.253257874316 4449.644978874906 4508.941522522369 1351.626628937158 2224.822489437453 2254.4707612611846
 127939584 8 459.13 461.875 469.088 4363.857834777269 4432.007240054127 4458.504876614466 2181.9289173886345 2216.0036200270633 2229.252438307233
 140733440 8 504.264 515.184 700.341 3215.198082077159 4370.739463958507 4465.389240556533 1607.5990410385796 2185.3697319792536 2232.6946202782665
 154806272 8 562.884 577.781 785.269 3154.206204498076 4286.919009105526 4400.37441462184 1577.103102249038 2143.459504552763 2200.18720731092
 170286080 4 359.583 378.398 614.31 2217.5915091728934 3600.147569490325 3788.5234841469146 1108.7957545864467 1800.0737847451626 1894.2617420734573
 187314176 4 381.825 396.522 421.208 3557.65656872614 3779.1431698619494 3924.607891049565 1778.82828436307 1889.5715849309747 1962.3039455247824
 206045184 4 433.08 438.33 472.043 3491.973129566586 3760.5490657723635 3806.1362150180107 1745.986564783293 1880.2745328861818 1903.0681075090054
 226649088 4 464.238 471.272 509.503 3558.7478464307374 3847.444159636049 3905.739521538521 1779.3739232153687 1923.7220798180244 1952.8697607692604
 249313280 4 501.068 538.308 877.813 2272.1311258776072 3705.139511209196 3980.5101104041764 1136.0655629388036 1852.569755604598 1990.2550552020882
 274244608 4 589.013 625.291 813.312 2697.5587031790997 3508.6973329217913 3724.8021079331015 1348.7793515895498 1754.3486664608956 1862.4010539665508
 301668352 4 649.085 666.317 812.22 2971.296958952008 3621.919920998563 3718.075161188442 1485.648479476004 1810.9599604992816 1859.037580594221
 331834368 4 711.04 743.351 874.547 3035.4857360439173 3571.226707167946 3733.5099909991004 1517.7428680219587 1785.613353583973 1866.7549954995502
 365017088 2 564.035 578.423 605.564 2411.0884266568028 2524.2225015257 2588.6130328791655 1205.5442133284014 1262.11125076285 1294.3065164395828
 401518592 2 672.078 682.367 1044.665 1537.4061234941346 2353.681183292862 2389.7142415017306 768.7030617470673 1176.840591646431 1194.8571207508653
 441669632 2 761.645 796.56 836.205 2112.7337530868626 2217.885065782866 2319.5563917573145 1056.3668765434313 1108.942532891433 1159.7781958786572
 485835776 2 998.879 1043.904 1143.52 1699.4395410661814 1861.6109374042057 1945.5240364448546 849.7197705330907 930.8054687021029 972.7620182224273
 534418432 2 1633.848 1649.046 1693.188 1262.514102391465 1296.3093376412787 1308.367564179777 631.2570511957325 648.1546688206394 654.1837820898885
 587859968 2 2782.267 2904.896 3001.638 783.3855621497329 809.4747185441405 845.1524860841896 391.69278107486645 404.73735927207025 422.5762430420948
 646645760 2 5300.03 5356.916 5388.825 479.9901722546195 482.84928119089415 488.0317734050562 239.99508612730975 241.42464059544707 244.0158867025281
 711310336 1 4968.428 4975.993 5023.301 283.2043455090587 285.8968394851038 286.33215012877315 141.60217275452936 142.9484197425519 143.16607506438658
 782440448 1 5452.264 5474.827 5490.266 285.02824744739144 285.8320264731653 287.01487969034514 142.51412372369572 142.91601323658264 143.50743984517257
 860684288 1 5993.607 6204.021 7897.64 217.95986851768373 277.46014657268245 287.20077509252775 108.97993425884187 138.73007328634122 143.60038754626387
 946752512 1 6564.225 6626.522 6700.459 282.5933303972161 285.7464328949636 288.45827557708634 141.29666519860805 142.8732164474818 144.22913778854317
 1041427456 1 7225.352 7262.321 7493.604 277.951024900702 286.8029259516345 288.27037243306626 138.975512450351 143.40146297581725 144.13518621653313
 1145569280 1 7906.347 7950.259 7962.312 287.74790035858933 288.18414091918265 289.78472106018114 143.87395017929467 144.09207045959133 144.89236053009057
 1260126208 1 8768.58 8846.436 8883.685 283.6944821884162 284.8890124791498 287.4185348140748 141.8472410942081 142.4445062395749 143.7092674070374
 
META_DATA
 FLOPS          8
 MPI_PROCS      128
 ERT_VERSION  1.1.0
 HOSTNAME  ('tcn215.local.snellius.surf.nl', [], ['172.18.56.225'])
 UNAME  uname_result(system='Linux', node='tcn215.local.snellius.surf.nl', release='4.18.0-372.80.1.el8_6.x86_64', version='#1 SMP Fri Nov 3 14:30:16 EDT 2023', machine='x86_64', processor='x86_64')
 TIMESTAMP_DATA  1707390765.1349115
 CONFIG  {'ERT_RESULTS': ['Results.snellius.01'], 'ERT_DRIVER': ['driver1'], 'ERT_KERNEL': ['kernel1'], 'ERT_MPI': ['True'], 'ERT_MPI_CFLAGS': [], 'ERT_MPI_LDFLAGS': [], 'ERT_OPENMP': ['False'], 'ERT_OPENMP_CFLAGS': ['-fopenmp'], 'ERT_OPENMP_LDFLAGS': ['-fopenmp'], 'ERT_FLOPS': ['1,2,4,8'], 'ERT_ALIGN': ['32'], 'ERT_CC': ['mpic++'], 'ERT_CFLAGS': ['-Ofast', '-fargument-noalias', '-mavx2'], 'ERT_LD': ['mpic++'], 'ERT_LDFLAGS': [], 'ERT_LDLIBS': [], 'ERT_RUN': ['export', 'OMP_NUM_THREADS=ERT_OPENMP_THREADS;', 'mpirun', '-np', 'ERT_MPI_PROCS', 'ERT_CODE'], 'ERT_PROCS_THREADS': ['32,64,128'], 'ERT_MPI_PROCS': ['32,64,128'], 'ERT_OPENMP_THREADS': [], 'ERT_NUM_EXPERIMENTS': ['5'], 'ERT_MEMORY_MAX': ['1357905920'], 'ERT_WORKING_SET_MIN': ['1'], 'ERT_TRIALS_MIN': ['1'], 'ERT_GNUPLOT': ['gnuplot'], 'ERT_GPU': [False], 'ERT_HIP': [False], 'ERT_PRECISION': ['FP64'], 'ERT_OCL': [False], 'ERT_SYCL': [False], 'ERT_WSS_MULT': [1.1]}
 TIMESTAMP_DATA  1707390792.494168
 TIMESTAMP_DATA  1707390819.3694708
 TIMESTAMP_DATA  1707390846.2487905
 TIMESTAMP_DATA  1707390873.28783
 