fp64
        1024            1         982.779         2048         1024
        1024            2           4.308         4096         2048
        1024            4          15.519         8192         4096
        1024            8           4.388        16384         8192
        1024           16           6.052        32768        16384
        1024           32           6.282        65536        32768
        1024           64           5.510       131072        65536
        1024          128           6.021       262144       131072
        1024          256           6.722       524288       262144
        1024          512           9.889      1048576       524288
        1024         1024          14.226      2097152      1048576
        1024         2048          28.082      4194304      2097152
        1024         4096          48.310      8388608      4194304
        1024         8192          82.203     16777216      8388608
        1024        16384         162.354     33554432     16777216
        1024        32768         350.556     67108864     33554432
        1024        65536         631.001    134217728     67108864
        1024       131072        1292.078    268435456    134217728
        1024       262144        2990.336    536870912    268435456
        1024       524288        5044.200   1073741824    536870912
        1024      1048576       10156.217   2147483648   1073741824
        2048            1           6.281         4096         2048
        2048            2           6.262         8192         4096
        2048            4           4.408        16384         8192
        2048            8           4.859        32768        16384
        2048           16           5.661        65536        32768
        2048           32           4.549       131072        65536
        2048           64          17.222       262144       131072
        2048          128           5.871       524288       262144
        2048          256           6.773      1048576       524288
        2048          512           9.548      2097152      1048576
        2048         1024          14.297      4194304      2097152
        2048         2048          24.727      8388608      4194304
        2048         4096          44.714     16777216      8388608
        2048         8192          79.439     33554432     16777216
        2048        16384         174.857     67108864     33554432
        2048        32768         327.884    134217728     67108864
        2048        65536         609.481    268435456    134217728
        2048       131072        1207.680    536870912    268435456
        2048       262144        2405.211   1073741824    536870912
        2048       524288        5425.925   2147483648   1073741824
        3072            1           9.799         6144         3072
        3072            2           5.340        12288         6144
        3072            4           5.330        24576        12288
        3072            8           5.430        49152        24576
        3072           16           5.681        98304        49152
        3072           32           5.731       196608        98304
        3072           64           5.961       393216       196608
        3072          128           5.541       786432       393216
        3072          256           6.552      1572864       786432
        3072          512          11.452      3145728      1572864
        3072         1024          14.237      6291456      3145728
        3072         2048          44.974     12582912      6291456
        3072         4096          43.101     25165824     12582912
        3072         8192          83.837     50331648     25165824
        3072        16384         160.070    100663296     50331648
        3072        32768         319.989    201326592    100663296
        3072        65536         640.509    402653184    201326592
        3072       131072        1257.133    805306368    402653184
        3072       262144        2515.888   1610612736    805306368
        4096            1           9.898         8192         4096
        4096            2           5.180        16384         8192
        4096            4           4.458        32768        16384
        4096            8           5.029        65536        32768
        4096           16           6.382       131072        65536
        4096           32          24.586       262144       131072
        4096           64           6.352       524288       262144
        4096          128           5.660      1048576       524288
        4096          256           7.524      2097152      1048576
        4096          512           9.377      4194304      2097152
        4096         1024          14.918      8388608      4194304
        4096         2048          24.035     16777216      8388608
        4096         4096          43.271     33554432     16777216
        4096         8192          83.106     67108864     33554432
        4096        16384         161.261    134217728     67108864
        4096        32768         315.010    268435456    134217728
        4096        65536         631.181    536870912    268435456
        4096       131072        1251.702   1073741824    536870912
        4096       262144        2818.966   2147483648   1073741824
        5120            1           7.404        10240         5120
        5120            2           4.469        20480        10240
        5120            4           4.699        40960        20480
        5120            8           8.115        81920        40960
        5120           16           5.370       163840        81920
        5120           32           5.330       327680       163840
        5120           64          44.293       655360       327680
        5120          128           6.142      1310720       655360
        5120          256           8.005      2621440      1310720
        5120          512           9.327      5242880      2621440
        5120         1024          14.617     10485760      5242880
        5120         2048          23.754     20971520     10485760
        5120         4096          44.944     41943040     20971520
        5120         8192          82.465     83886080     41943040
        5120        16384         160.300    167772160     83886080
        5120        32768         320.660    335544320    167772160
        5120        65536        1014.157    671088640    335544320
        5120       131072        1262.532   1342177280    671088640
        5120       262144        3134.786   2684354560   1342177280
        6144            1          29.194        12288         6144
        6144            2           4.368        24576        12288
        6144            4           8.926        49152        24576
        6144            8           5.400        98304        49152
        6144           16           5.400       196608        98304
        6144           32           4.869       393216       196608
        6144           64           5.290       786432       393216
        6144          128           7.053      1572864       786432
        6144          256           7.354      3145728      1572864
        6144          512          11.031      6291456      3145728
        6144         1024          14.337     12582912      6291456
        6144         2048          24.316     25165824     12582912
        6144         4096          42.940     50331648     25165824
        6144         8192          81.803    100663296     50331648
        6144        16384         175.899    201326592    100663296
        6144        32768         313.306    402653184    201326592
        6144        65536         634.859    805306368    402653184
        6144       131072        1254.648   1610612736    805306368
        7168            1          16.822        14336         7168
        7168            2           4.559        28672        14336
        7168            4           5.350        57344        28672
        7168            8           4.909       114688        57344
        7168           16           4.939       229376       114688
        7168           32           4.819       458752       229376
        7168           64           5.430       917504       458752
        7168          128           7.233      1835008       917504
        7168          256           6.823      3670016      1835008
        7168          512          31.289      7340032      3670016
        7168         1024          14.527     14680064      7340032
        7168         2048          23.664     29360128     14680064
        7168         4096          43.932     58720256     29360128
        7168         8192          82.524    117440512     58720256
        7168        16384         161.162    234881024    117440512
        7168        32768         321.322    469762048    234881024
        7168        65536         640.589    939524096    469762048
        7168       131072        1286.257   1879048192    939524096
        8192            1           7.604        16384         8192
        8192            2           4.769        32768        16384
        8192            4           4.579        65536        32768
        8192            8           7.133       131072        65536
        8192           16           5.140       262144       131072
        8192           32           5.610       524288       262144
        8192           64           5.460      1048576       524288
        8192          128           6.231      2097152      1048576
        8192          256           7.504      4194304      2097152
        8192          512           9.879      8388608      4194304
        8192         1024          14.517     16777216      8388608
        8192         2048          23.745     33554432     16777216
        8192         4096          44.434     67108864     33554432
        8192         8192          81.743    134217728     67108864
        8192        16384         160.109    268435456    134217728
        8192        32768         317.554    536870912    268435456
        8192        65536         647.131   1073741824    536870912
        8192       131072        1251.191   2147483648   1073741824
        9216            1           5.440        18432         9216
        9216            2           6.953        36864        18432
        9216            4           5.470        73728        36864
        9216            8           7.874       147456        73728
        9216           16           5.039       294912       147456
        9216           32           5.030       589824       294912
        9216           64           5.820      1179648       589824
        9216          128           5.871      2359296      1179648
        9216          256           8.696      4718592      2359296
        9216          512           9.357      9437184      4718592
        9216         1024          15.720     18874368      9437184
        9216         2048          26.579     37748736     18874368
        9216         4096          46.257     75497472     37748736
        9216         8192          82.574    150994944     75497472
        9216        16384         165.309    301989888    150994944
        9216        32768         365.604    603979776    301989888
        9216        65536         629.388   1207959552    603979776
        9216       131072        1298.120   2415919104   1207959552
       10240            1          27.481        20480        10240
       10240            2           6.342        40960        20480
       10240            4           4.870        81920        40960
       10240            8           5.791       163840        81920
       10240           16           4.168       327680       163840
       10240           32           5.179       655360       327680
       10240           64           5.560      1310720       655360
       10240          128           5.671      2621440      1310720
       10240          256           9.248      5242880      2621440
       10240          512           9.297     10485760      5242880
       10240         1024          19.176     20971520     10485760
       10240         2048          25.067     41943040     20971520
       10240         4096          44.654     83886080     41943040
       10240         8192          94.557    167772160     83886080
       10240        16384         158.477    335544320    167772160
       10240        32768         313.927    671088640    335544320
       10240        65536        1191.580   1342177280    671088640
       10240       131072        1255.921   2684354560   1342177280
       11264            1          11.452        22528        11264
       11264            2           5.410        45056        22528
       11264            4          14.637        90112        45056
       11264            8           5.310       180224        90112
       11264           16           6.052       360448       180224
       11264           32           5.681       720896       360448
       11264           64           7.023      1441792       720896
       11264          128           5.891      2883584      1441792
       11264          256           8.446      5767168      2883584
       11264          512           9.507     11534336      5767168
       11264         1024          14.347     23068672     11534336
       11264         2048          24.466     46137344     23068672
       11264         4096          43.612     92274688     46137344
       11264         8192          83.316    184549376     92274688
       11264        16384         162.935    369098752    184549376
       11264        32768         321.581    738197504    369098752
       11264        65536         640.228   1476395008    738197504
       12288            1          22.432        24576        12288
       12288            2           5.070        49152        24576
       12288            4           5.200        98304        49152
       12288            8           4.759       196608        98304
       12288           16           5.230       393216       196608
       12288           32           6.592       786432       393216
       12288           64           4.990      1572864       786432
       12288          128           6.853      3145728      1572864
       12288          256           6.612      6291456      3145728
       12288          512           9.147     12582912      6291456
       12288         1024          14.447     25165824     12582912
       12288         2048          23.554     50331648     25165824
       12288         4096          44.183    100663296     50331648
       12288         8192          81.803    201326592    100663296
       12288        16384         159.849    402653184    201326592
       12288        32768         320.470    805306368    402653184
       12288        65536         636.631   1610612736    805306368
       13312            1          13.164        26624        13312
       13312            2           4.709        53248        26624
       13312            4           5.320       106496        53248
       13312            8           5.711       212992       106496
       13312           16           6.031       425984       212992
       13312           32           4.178       851968       425984
       13312           64           5.510      1703936       851968
       13312          128           5.310      3407872      1703936
       13312          256           6.733      6815744      3407872
       13312          512           9.598     13631488      6815744
       13312         1024          14.177     27262976     13631488
       13312         2048          25.026     54525952     27262976
       13312         4096          43.962    109051904     54525952
       13312         8192          83.897    218103808    109051904
       13312        16384         161.933    436207616    218103808
       13312        32768         325.559    872415232    436207616
       13312        65536         643.504   1744830464    872415232
       14336            1           6.843        28672        14336
       14336            2           4.779        57344        28672
       14336            4           5.110       114688        57344
       14336            8           7.815       229376       114688
       14336           16           5.710       458752       229376
       14336           32           6.061       917504       458752
       14336           64           4.879      1835008       917504
       14336          128           6.613      3670016      1835008
       14336          256           7.074      7340032      3670016
       14336          512           9.137     14680064      7340032
       14336         1024          14.738     29360128     14680064
       14336         2048          24.015     58720256     29360128
       14336         4096          44.503    117440512     58720256
       14336         8192          81.953    234881024    117440512
       14336        16384         160.300    469762048    234881024
       14336        32768         313.827    939524096    469762048
       14336        65536         630.600   1879048192    939524096
       15360            1          10.539        30720        15360
       15360            2           4.709        61440        30720
       15360            4           6.973       122880        61440
       15360            8           4.569       245760       122880
       15360           16           5.821       491520       245760
       15360           32           5.530       983040       491520
       15360           64           5.841      1966080       983040
       15360          128           6.703      3932160      1966080
       15360          256           7.424      7864320      3932160
       15360          512          10.740     15728640      7864320
       15360         1024          14.858     31457280     15728640
       15360         2048          26.149     62914560     31457280
       15360         4096          43.842    125829120     62914560
       15360         8192          84.538    251658240    125829120
       15360        16384         163.486    503316480    251658240
       15360        32768         325.950   1006632960    503316480
       15360        65536         652.070   2013265920   1006632960
       16384            1          12.513        32768        16384
       16384            2          24.676        65536        32768
       16384            4           5.150       131072        65536
       16384            8           7.144       262144       131072
       16384           16           5.460       524288       262144
       16384           32           4.769      1048576       524288
       16384           64           5.981      2097152      1048576
       16384          128           5.621      4194304      2097152
       16384          256           7.414      8388608      4194304
       16384          512           9.548     16777216      8388608
       16384         1024          16.310     33554432     16777216
       16384         2048          24.185     67108864     33554432
       16384         4096          44.363    134217728     67108864
       16384         8192          83.196    268435456    134217728
       16384        16384         161.983    536870912    268435456
       16384        32768         318.606   1073741824    536870912
       16384        65536         639.416   2147483648   1073741824
       17408            1          11.191        34816        17408
       17408            2           5.069        69632        34816
       17408            4           7.043       139264        69632
       17408            8           5.541       278528       139264
       17408           16           4.368       557056       278528
       17408           32           5.811      1114112       557056
       17408           64           5.019      2228224      1114112
       17408          128           6.452      4456448      2228224
       17408          256           7.013      8912896      4456448
       17408          512          10.690     17825792      8912896
       17408         1024          14.147     35651584     17825792
       17408         2048          24.626     71303168     35651584
       17408         4096          44.053    142606336     71303168
       17408         8192          84.789    285212672    142606336
       17408        16384         162.835    570425344    285212672
       17408        32768         325.429   1140850688    570425344
       17408        65536         647.121   2281701376   1140850688
       18432            1           8.235        36864        18432
       18432            2           6.251        73728        36864
       18432            4           4.859       147456        73728
       18432            8           6.422       294912       147456
       18432           16           6.271       589824       294912
       18432           32           4.599      1179648       589824
       18432           64           7.494      2359296      1179648
       18432          128           5.781      4718592      2359296
       18432          256           8.616      9437184      4718592
       18432          512          36.708     18874368      9437184
       18432         1024          14.948     37748736     18874368
       18432         2048          24.206     75497472     37748736
       18432         4096          43.792    150994944     75497472
       18432         8192          83.045    301989888    150994944
       18432        16384         162.825    603979776    301989888
       18432        32768         320.560   1207959552    603979776
       18432        65536         648.744   2415919104   1207959552
       19456            1          10.620        38912        19456
       19456            2           4.859        77824        38912
       19456            4           5.020       155648        77824
       19456            8           3.947       311296       155648
       19456           16           5.189       622592       311296
       19456           32           7.634      1245184       622592
       19456           64           5.400      2490368      1245184
       19456          128           7.925      4980736      2490368
       19456          256           6.743      9961472      4980736
       19456          512           9.699     19922944      9961472
       19456         1024          14.276     39845888     19922944
       19456         2048          24.867     79691776     39845888
       19456         4096          69.611    159383552     79691776
       19456         8192          88.947    318767104    159383552
       19456        16384         166.492    637534208    318767104
       19456        32768         331.681   1275068416    637534208
       19456        65536         659.965   2550136832   1275068416
       20480            1           9.628        40960        20480
       20480            2           5.971        81920        40960
       20480            4           4.849       163840        81920
       20480            8           5.310       327680       163840
       20480           16           6.161       655360       327680
       20480           32           4.709      1310720       655360
       20480           64           5.991      2621440      1310720
       20480          128           5.780      5242880      2621440
       20480          256           8.786     10485760      5242880
       20480          512           9.357     20971520     10485760
       20480         1024          15.139     41943040     20971520
       20480         2048          24.236     83886080     41943040
       20480         4096          43.902    167772160     83886080
       20480         8192          82.775    335544320    167772160
       20480        16384         161.202    671088640    335544320
       20480        32768         320.610   1342177280    671088640
       20480        65536         641.981   2684354560   1342177280
       22528            1           9.207        45056        22528
       22528            2           7.745        90112        45056
       22528            4           7.063       180224        90112
       22528            8           6.433       360448       180224
       22528           16           5.360       720896       360448
       22528           32           6.261      1441792       720896
       22528           64           5.390      2883584      1441792
       22528          128           6.402      5767168      2883584
       22528          256           7.784     11534336      5767168
       22528          512           9.709     23068672     11534336
       22528         1024          14.848     46137344     23068672
       22528         2048          24.175     92274688     46137344
       22528         4096          45.025    184549376     92274688
       22528         8192         104.816    369098752    184549376
       22528        16384         166.802    738197504    369098752
       22528        32768         323.395   1476395008    738197504
       24576            1          15.850        49152        24576
       24576            2           5.621        98304        49152
       24576            4           4.859       196608        98304
       24576            8           7.023       393216       196608
       24576           16           4.749       786432       393216
       24576           32           6.202      1572864       786432
       24576           64           4.979      3145728      1572864
       24576          128           7.203      6291456      3145728
       24576          256           6.883     12582912      6291456
       24576          512           9.437     25165824     12582912
       24576         1024          14.507     50331648     25165824
       24576         2048          24.275    100663296     50331648
       24576         4096          45.966    201326592    100663296
       24576         8192          84.127    402653184    201326592
       24576        16384         164.699    805306368    402653184
       24576        32768         322.072   1610612736    805306368
       26624            1           9.418        53248        26624
       26624            2           4.789       106496        53248
       26624            4           6.402       212992       106496
       26624            8          10.660       425984       212992
       26624           16           5.139       851968       425984
       26624           32           6.402      1703936       851968
       26624           64           4.979      3407872      1703936
       26624          128           6.081      6815744      3407872
       26624          256           7.153     13631488      6815744
       26624          512          10.980     27262976     13631488
       26624         1024          15.829     54525952     27262976
       26624         2048          26.751    109051904     54525952
       26624         4096          50.374    218103808    109051904
       26624         8192          93.435    436207616    218103808
       26624        16384         183.644    872415232    436207616
       26624        32768         359.844   1744830464    872415232
       28672            1           9.648        57344        28672
       28672            2           6.512       114688        57344
       28672            4           4.909       229376       114688
       28672            8           5.891       458752       229376
       28672           16           4.368       917504       458752
       28672           32           6.973      1835008       917504
       28672           64           5.431      3670016      1835008
       28672          128           7.103      7340032      3670016
       28672          256           7.554     14680064      7340032
       28672          512          10.199     29360128     14680064
       28672         1024          35.456     58720256     29360128
       28672         2048          27.251    117440512     58720256
       28672         4096          50.064    234881024    117440512
       28672         8192          93.856    469762048    234881024
       28672        16384         184.956    939524096    469762048
       28672        32768         365.514   1879048192    939524096
       30720            1          10.440        61440        30720
       30720            2           4.900       122880        61440
       30720            4           7.213       245760       122880
       30720            8           6.773       491520       245760
       30720           16           5.520       983040       491520
       30720           32           6.863      1966080       983040
       30720           64           4.859      3932160      1966080
       30720          128           6.331      7864320      3932160
       30720          256           8.345     15728640      7864320
       30720          512          10.980     31457280     15728640
       30720         1024          17.743     62914560     31457280
       30720         2048          29.385    125829120     62914560
       30720         4096          56.827    251658240    125829120
       30720         8192         106.219    503316480    251658240
       30720        16384         210.995   1006632960    503316480
       30720        32768         423.032   2013265920   1006632960
       33792            1          47.589        67584        33792
       33792            2           5.019       135168        67584
       33792            4           4.799       270336       135168
       33792            8           5.561       540672       270336
       33792           16           5.861      1081344       540672
       33792           32           8.176      2162688      1081344
       33792           64           6.001      4325376      2162688
       33792          128           7.314      8650752      4325376
       33792          256           8.516     17301504      8650752
       33792          512          12.092     34603008     17301504
       33792         1024          20.989     69206016     34603008
       33792         2048          33.372    138412032     69206016
       33792         4096          63.970    276824064    138412032
       33792         8192         120.615    553648128    276824064
       33792        16384         238.786   1107296256    553648128
       33792        32768         475.580   2214592512   1107296256
       36864            1          12.804        73728        36864
       36864            2           5.310       147456        73728
       36864            4           5.160       294912       147456
       36864            8           5.470       589824       294912
       36864           16           6.352      1179648       589824
       36864           32           5.801      2359296      1179648
       36864           64           5.370      4718592      2359296
       36864          128           6.682      9437184      4718592
       36864          256           9.057     18874368      9437184
       36864          512          11.932     37748736     18874368
       36864         1024          19.958     75497472     37748736
       36864         2048          33.001    150994944     75497472
       36864         4096          63.459    301989888    150994944
       36864         8192         123.070    603979776    301989888
       36864        16384         272.560   1207959552    603979776
       36864        32768         462.967   2415919104   1207959552
       39936            1          10.550        79872        39936
       39936            2           5.901       159744        79872
       39936            4           8.766       319488       159744
       39936            8           5.530       638976       319488
       39936           16           4.849      1277952       638976
       39936           32           6.863      2555904      1277952
       39936           64           5.360      5111808      2555904
       39936          128           7.434     10223616      5111808
       39936          256           9.277     20447232     10223616
       39936          512          13.215     40894464     20447232
       39936         1024          23.174     81788928     40894464
       39936         2048          39.784    163577856     81788928
       39936         4096          76.553    327155712    163577856
       39936         8192         146.464    654311424    327155712
       39936        16384         293.910   1308622848    654311424
       39936        32768         580.015   2617245696   1308622848
       43008            1          14.587        86016        43008
       43008            2           5.560       172032        86016
       43008            4           5.360       344064       172032
       43008            8           6.312       688128       344064
       43008           16           5.029      1376256       688128
       43008           32           5.510      2752512      1376256
       43008           64           5.491      5505024      2752512
       43008          128           7.194     11010048      5505024
       43008          256           9.438     22020096     11010048
       43008          512          15.329     44040192     22020096
       43008         1024          22.042     88080384     44040192
       43008         2048          39.995    176160768     88080384
       43008         4096          76.043    352321536    176160768
       43008         8192         144.610    704643072    352321536
       43008        16384         285.464   1409286144    704643072
       47104            1         279.974        94208        47104
       47104            2           4.809       188416        94208
       47104            4           6.603       376832       188416
       47104            8           5.420       753664       376832
       47104           16           6.683      1507328       753664
       47104           32           4.839      3014656      1507328
       47104           64           7.084      6029312      3014656
       47104          128           6.642     12058624      6029312
       47104          256           9.277     24117248     12058624
       47104          512          14.828     48234496     24117248
       47104         1024          23.264     96468992     48234496
       47104         2048          43.412    192937984     96468992
       47104         4096          80.321    385875968    192937984
       47104         8192         171.792    771751936    385875968
       47104        16384         315.200   1543503872    771751936
       51200            1          11.873       102400        51200
       51200            2           5.049       204800       102400
       51200            4           7.064       409600       204800
       51200            8           7.023       819200       409600
       51200           16           5.671      1638400       819200
       51200           32           6.983      3276800      1638400
       51200           64           5.480      6553600      3276800
       51200          128           7.434     13107200      6553600
       51200          256          10.039     26214400     13107200
       51200          512          15.599     52428800     26214400
       51200         1024          27.562    104857600     52428800
       51200         2048         415.247    209715200    104857600
       51200         4096          87.564    419430400    209715200
       51200         8192         170.148    838860800    419430400
       51200        16384         345.847   1677721600    838860800
       56320            1          11.080       112640        56320
       56320            2           5.300       225280       112640
       56320            4           6.172       450560       225280
       56320            8           5.140       901120       450560
       56320           16           5.149      1802240       901120
       56320           32           4.919      3604480      1802240
       56320           64           7.404      7208960      3604480
       56320          128           7.484     14417920      7208960
       56320          256          11.681     28835840     14417920
       56320          512          16.551     57671680     28835840
       56320         1024          28.944    115343360     57671680
       56320         2048          53.239    230686720    115343360
       56320         4096         100.608    461373440    230686720
       56320         8192         537.315    922746880    461373440
       56320        16384         388.276   1845493760    922746880
       61440            1          23.413       122880        61440
       61440            2           5.020       245760       122880
       61440            4           7.624       491520       245760
       61440            8           5.290       983040       491520
       61440           16           5.871      1966080       983040
       61440           32           6.282      3932160      1966080
       61440           64           6.633      7864320      3932160
       61440          128           9.608     15728640      7864320
       61440          256          11.692     31457280     15728640
       61440          512          18.966     62914560     31457280
       61440         1024          28.494    125829120     62914560
       61440         2048          53.129    251658240    125829120
       61440         4096         100.828    503316480    251658240
       61440         8192         195.666   1006632960    503316480
       61440        16384         718.265   2013265920   1006632960
       67584            1           5.300       135168        67584
       67584            2           5.771       270336       135168
       67584            4          11.692       540672       270336
       67584            8           5.851      1081344       540672
       67584           16           4.678      2162688      1081344
       67584           32           5.881      4325376      2162688
       67584           64           6.001      8650752      4325376
       67584          128           8.246     17301504      8650752
       67584          256          11.802     34603008     17301504
       67584          512          18.104     69206016     34603008
       67584         1024          33.363    138412032     69206016
       67584         2048          58.169    276824064    138412032
       67584         4096         119.043    553648128    276824064
       67584         8192         220.863   1107296256    553648128
       67584        16384         759.973   2214592512   1107296256
       73728            1          29.475       147456        73728
       73728            2           4.929       294912       147456
       73728            4          63.509       589824       294912
       73728            8           4.799      1179648       589824
       73728           16           6.321      2359296      1179648
       73728           32           5.681      4718592      2359296
       73728           64           6.653      9437184      4718592
       73728          128           8.686     18874368      9437184
       73728          256          11.241     37748736     18874368
       73728          512          20.579     75497472     37748736
       73728         1024          33.302    150994944     75497472
       73728         2048          62.778    301989888    150994944
       73728         4096         118.943    603979776    301989888
       73728         8192         234.899   1207959552    603979776
       73728        16384         784.919   2415919104   1207959552
       80896            1          25.507       161792        80896
       80896            2           4.749       323584       161792
       80896            4           7.805       647168       323584
       80896            8           6.772      1294336       647168
       80896           16           4.940      2588672      1294336
       80896           32           6.121      5177344      2588672
       80896           64           6.442     10354688      5177344
       80896          128           8.857     20709376     10354688
       80896          256          13.515     41418752     20709376
       80896          512          21.530     82837504     41418752
       80896         1024          38.943    165675008     82837504
       80896         2048          76.343    331350016    165675008
       80896         4096         140.042    662700032    331350016
       80896         8192         277.911   1325400064    662700032
       80896        16384         889.004   2650800128   1325400064
       88064            1           6.633       176128        88064
       88064            2           4.448       352256       176128
       88064            4           7.283       704512       352256
       88064            8           5.420      1409024       704512
       88064           16           6.973      2818048      1409024
       88064           32           5.921      5636096      2818048
       88064           64           7.925     11272192      5636096
       88064          128           8.476     22544384     11272192
       88064          256          13.815     45088768     22544384
       88064          512          21.621     90177536     45088768
       88064         1024          44.403    180355072     90177536
       88064         2048          78.657    360710144    180355072
       88064         4096         144.400    721420288    360710144
       88064         8192         285.334   1442840576    721420288
       96256            1          17.423       192512        96256
       96256            2           5.460       385024       192512
       96256            4          15.389       770048       385024
       96256            8           5.771      1540096       770048
       96256           16           5.941      3080192      1540096
       96256           32           5.551      6160384      3080192
       96256           64           9.017     12320768      6160384
       96256          128          10.289     24641536     12320768
       96256          256          14.407     49283072     24641536
       96256          512          24.175     98566144     49283072
       96256         1024          43.081    197132288     98566144
       96256         2048          80.591    394264576    197132288
       96256         4096         161.703    788529152    394264576
       96256         8192         310.111   1577058304    788529152
      105472            1           9.818       210944       105472
      105472            2           6.832       421888       210944
      105472            4           6.943       843776       421888
      105472            8           5.571      1687552       843776
      105472           16           6.281      3375104      1687552
      105472           32           6.041      6750208      3375104
      105472           64           8.376     13500416      6750208
      105472          128           9.968     27000832     13500416
      105472          256          16.240     54001664     27000832
      105472          512          25.898    108003328     54001664
      105472         1024          48.360    216006656    108003328
      105472         2048          91.040    432013312    216006656
      105472         4096         177.662    864026624    432013312
      105472         8192         442.838   1728053248    864026624
      115712            1          10.970       231424       115712
      115712            2           6.893       462848       231424
      115712            4           7.514       925696       462848
      115712            8           7.254      1851392       925696
      115712           16           5.039      3702784      1851392
      115712           32           5.951      7405568      3702784
      115712           64           7.213     14811136      7405568
      115712          128          10.780     29622272     14811136
      115712          256          16.551     59244544     29622272
      115712          512          27.702    118489088     59244544
      115712         1024          53.600    236978176    118489088
      115712         2048         118.763    473956352    236978176
      115712         4096         190.647    947912704    473956352
      115712         8192         375.703   1895825408    947912704
      126976            1          14.988       253952       126976
      126976            2           5.250       507904       253952
      126976            4           6.442      1015808       507904
      126976            8           6.722      2031616      1015808
      126976           16           5.120      4063232      2031616
      126976           32           8.045      8126464      4063232
      126976           64           7.745     16252928      8126464
      126976          128          11.392     32505856     16252928
      126976          256          16.691     65011712     32505856
      126976          512          29.385    130023424     65011712
      126976         1024          54.061    260046848    130023424
      126976         2048         103.263    520093696    260046848
      126976         4096         201.908   1040187392    520093696
      126976         8192         405.769   2080374784   1040187392
      139264            1          11.071       278528       139264
      139264            2           5.421       557056       278528
      139264            4           9.287      1114112       557056
      139264            8           6.072      2228224      1114112
      139264           16           5.320      4456448      2228224
      139264           32           6.733      8912896      4456448
      139264           64           7.654     17825792      8912896
      139264          128          11.401     35651584     17825792
      139264          256          17.973     71303168     35651584
      139264          512          31.829    142606336     71303168
      139264         1024          59.231    285212672    142606336
      139264         2048         112.610    570425344    285212672
      139264         4096         251.291   1140850688    570425344
      139264         8192         442.278   2281701376   1140850688
      152576            1          12.674       305152       152576
      152576            2          24.556       610304       305152
      152576            4          11.371      1220608       610304
      152576            8           7.484      2441216      1220608
      152576           16           5.741      4882432      2441216
      152576           32           7.244      9764864      4882432
      152576           64           8.295     19529728      9764864
      152576          128          12.974     39059456     19529728
      152576          256          19.526     78118912     39059456
      152576          512          36.388    156237824     78118912
      152576         1024          68.518    312475648    156237824
      152576         2048         125.985    624951296    312475648
      152576         4096         252.623   1249902592    624951296
      152576         8192         508.651   2499805184   1249902592
      166912            1           9.488       333824       166912
      166912            2           4.849       667648       333824
      166912            4          10.430      1335296       667648
      166912            8           5.230      2670592      1335296
      166912           16           7.183      5341184      2670592
      166912           32           7.173     10682368      5341184
      166912           64           9.197     21364736     10682368
      166912          128          13.185     42729472     21364736
      166912          256          20.759     85458944     42729472
      166912          512          39.424    170917888     85458944
      166912         1024          70.933    341835776    170917888
      166912         2048         138.580    683671552    341835776
      166912         4096         289.282   1367343104    683671552
      183296            1          17.132       366592       183296
      183296            2           5.551       733184       366592
      183296            4           9.598      1466368       733184
      183296            8           6.111      2932736      1466368
      183296           16           5.651      5865472      2932736
      183296           32           7.635     11730944      5865472
      183296           64           8.837     23461888     11730944
      183296          128          14.808     46923776     23461888
      183296          256          22.703     93847552     46923776
      183296          512          40.966    187695104     93847552
      183296         1024          77.315    375390208    187695104
      183296         2048         154.860    750780416    375390208
      183296         4096         296.435   1501560832    750780416
      200704            1          16.481       401408       200704
      200704            2           7.133       802816       401408
      200704            4           6.462      1605632       802816
      200704            8           5.941      3211264      1605632
      200704           16           5.500      6422528      3211264
      200704           32           7.144     12845056      6422528
      200704           64           9.708     25690112     12845056
      200704          128          14.738     51380224     25690112
      200704          256          26.189    102760448     51380224
      200704          512          45.185    205520896    102760448
      200704         1024          85.090    411041792    205520896
      200704         2048         160.410    822083584    411041792
      200704         4096         321.271   1644167168    822083584
      220160            1           8.737       440320       220160
      220160            2           4.779       880640       440320
      220160            4           9.368      1761280       880640
      220160            8           5.681      3522560      1761280
      220160           16           8.456      7045120      3522560
      220160           32           7.323     14090240      7045120
      220160           64          10.650     28180480     14090240
      220160          128          17.172     56360960     28180480
      220160          256          27.010    112721920     56360960
      220160          512          47.769    225443840    112721920
      220160         1024          97.422    450887680    225443840
      220160         2048         181.660    901775360    450887680
      220160         4096         364.943   1803550720    901775360
      241664            1          11.772       483328       241664
      241664            2           5.019       966656       483328
      241664            4          10.700      1933312       966656
      241664            8           6.152      3866624      1933312
      241664           16           6.442      7733248      3866624
      241664           32           7.895     15466496      7733248
      241664           64          10.560     30932992     15466496
      241664          128          18.104     61865984     30932992
      241664          256          27.631    123731968     61865984
      241664          512          51.897    247463936    123731968
      241664         1024         116.708    494927872    247463936
      241664         2048         197.800    989855744    494927872
      241664         4096         384.900   1979711488    989855744
      265216            1         320.430       530432       265216
      265216            2           6.011      1060864       530432
      265216            4           9.918      2121728      1060864
      265216            8          11.031      4243456      2121728
      265216           16           7.514      8486912      4243456
      265216           32           8.977     16973824      8486912
      265216           64          11.071     33947648     16973824
      265216          128          17.663     67895296     33947648
      265216          256          31.739    135790592     67895296
      265216          512          56.626    271581184    135790592
      265216         1024         110.006    543162368    271581184
      265216         2048         222.106   1086324736    543162368
      265216         4096         428.262   2172649472   1086324736
      290816            1          11.883       581632       290816
      290816            2           4.889      1163264       581632
      290816            4          10.219      2326528      1163264
      290816            8           5.741      4653056      2326528
      290816           16           7.764      9306112      4653056
      290816           32           8.316     18612224      9306112
      290816           64          13.835     37224448     18612224
      290816          128         396.583     74448896     37224448
      290816          256          32.972    148897792     74448896
      290816          512          61.064    297795584    148897792
      290816         1024         117.409    595591168    297795584
      290816         2048         230.711   1191182336    595591168
      290816         4096         462.967   2382364672   1191182336
      319488            1          10.399       638976       319488
      319488            2           5.089      1277952       638976
      319488            4           9.668      2555904      1277952
      319488            8           5.881      5111808      2555904
      319488           16           6.532     10223616      5111808
      319488           32           8.907     20447232     10223616
      319488           64          12.253     40894464     20447232
      319488          128          21.149     81788928     40894464
      319488          256          35.737    163577856     81788928
      319488          512         442.679    327155712    163577856
      319488         1024         128.160    654311424    327155712
      319488         2048         258.584   1308622848    654311424
      319488         4096         541.253   2617245696   1308622848
      351232            1          11.131       702464       351232
      351232            2           5.690      1404928       702464
      351232            4          10.479      2809856      1404928
      351232            8           7.223      5619712      2809856
      351232           16           7.043     11239424      5619712
      351232           32          10.209     22478848     11239424
      351232           64          13.555     44957696     22478848
      351232          128          21.871     89915392     44957696
      351232          256          38.672    179830784     89915392
      351232          512         445.944    359661568    179830784
      351232         1024         143.168    719323136    359661568
      351232         2048         284.653   1438646272    719323136
      386048            1          14.097       772096       386048
      386048            2           4.809      1544192       772096
      386048            4           9.708      3088384      1544192
      386048            8           6.512      6176768      3088384
      386048           16           7.935     12353536      6176768
      386048           32          10.109     24707072     12353536
      386048           64          13.735     49414144     24707072
      386048          128          26.289     98828288     49414144
      386048          256          43.321    197656576     98828288
      386048          512          80.651    395313152    197656576
      386048         1024         154.870    790626304    395313152
      386048         2048         668.922   1581252608    790626304
      423936            1          22.853       847872       423936
      423936            2           5.631      1695744       847872
      423936            4          12.273      3391488      1695744
      423936            8           5.781      6782976      3391488
      423936           16          10.921     13565952      6782976
      423936           32          10.750     27131904     13565952
      423936           64          15.459     54263808     27131904
      423936          128          25.057    108527616     54263808
      423936          256          45.956    217055232    108527616
      423936          512          88.486    434110464    217055232
      423936         1024         168.886    868220928    434110464
      423936         2048         922.898   1736441856    868220928
      465920            1          20.298       931840       465920
      465920            2           5.199      1863680       931840
      465920            4           8.926      3727360      1863680
      465920            8           7.003      7454720      3727360
      465920           16           7.073     14909440      7454720
      465920           32          11.632     29818880     14909440
      465920           64          17.092     59637760     29818880
      465920          128          27.261    119275520     59637760
      465920          256          51.076    238551040    119275520
      465920          512          95.849    477102080    238551040
      465920         1024         188.923    954204160    477102080
      465920         2048         719.737   1908408320    954204160
      512000            1         375.623      1024000       512000
      512000            2           5.821      2048000      1024000
      512000            4           7.684      4096000      2048000
      512000            8           7.804      8192000      4096000
      512000           16           7.695     16384000      8192000
      512000           32          11.030     32768000     16384000
      512000           64          16.951     65536000     32768000
      512000          128          33.332    131072000     65536000
      512000          256          54.041    262144000    131072000
      512000          512         103.504    524288000    262144000
      512000         1024         569.996   1048576000    524288000
      512000         2048         405.229   2097152000   1048576000
      563200            1          17.353      1126400       563200
      563200            2           5.270      2252800      1126400
      563200            4           9.518      4505600      2252800
      563200            8           5.901      9011200      4505600
      563200           16           7.915     18022400      9011200
      563200           32          12.003     36044800     18022400
      563200           64          18.365     72089600     36044800
      563200          128          33.072    144179200     72089600
      563200          256         664.343    288358400    144179200
      563200          512         114.495    576716800    288358400
      563200         1024         227.816   1153433600    576716800
      563200         2048         446.535   2306867200   1153433600
      619520            1         394.248      1239040       619520
      619520            2           2.825      2478080      1239040
      619520            4           9.818      4956160      2478080
      619520            8           6.693      9912320      4956160
      619520           16           9.698     19824640      9912320
      619520           32          12.203     39649280     19824640
      619520           64          19.646     79298560     39649280
      619520          128          35.086    158597120     79298560
      619520          256          66.034    317194240    158597120
      619520          512         128.220    634388480    317194240
      619520         1024         799.366   1268776960    634388480
      619520         2048         496.930   2537553920   1268776960
      680960            1          14.778      1361920       680960
      680960            2           6.612      2723840      1361920
      680960            4           9.077      5447680      2723840
      680960            8           6.903     10895360      5447680
      680960           16           9.318     21790720     10895360
      680960           32          12.884     43581440     21790720
      680960           64          23.173     87162880     43581440
      680960          128          37.601    174325760     87162880
      680960          256          76.893    348651520    174325760
      680960          512         144.440    697303040    348651520
      680960         1024         274.544   1394606080    697303040
      748544            1          24.165      1497088       748544
      748544            2           4.919      2994176      1497088
      748544            4           9.347      5988352      2994176
      748544            8           7.524     11976704      5988352
      748544           16           9.908     23953408     11976704
      748544           32          13.275     47906816     23953408
      748544           64          22.893     95813632     47906816
      748544          128          40.777    191627264     95813632
      748544          256         424.755    383254528    191627264
      748544          512         152.325    766509056    383254528
      748544         1024         300.272   1533018112    766509056
      823296            1          40.386      1646592       823296
      823296            2           5.630      3293184      1646592
      823296            4          10.950      6586368      3293184
      823296            8           7.584     13172736      6586368
      823296           16           9.798     26345472     13172736
      823296           32          14.437     52690944     26345472
      823296           64          24.495    105381888     52690944
      823296          128          49.322    210763776    105381888
      823296          256         101.380    421527552    210763776
      823296          512         165.590    843055104    421527552
      823296         1024         906.326   1686110208    843055104
      905216            1          17.874      1810432       905216
      905216            2           5.981      3620864      1810432
      905216            4           8.666      7241728      3620864
      905216            8           6.913     14483456      7241728
      905216           16          10.390     28966912     14483456
      905216           32          17.442     57933824     28966912
      905216           64          26.008    115867648     57933824
      905216          128          49.262    231735296    115867648
      905216          256          96.721    463470592    231735296
      905216          512         196.979    926941184    463470592
      905216         1024         354.774   1853882368    926941184
      995328            1         411.620      1990656       995328
      995328            2           8.757      3981312      1990656
      995328            4           9.628      7962624      3981312
      995328            8           9.778     15925248      7962624
      995328           16          10.750     31850496     15925248
      995328           32          17.913     63700992     31850496
      995328           64          28.924    127401984     63700992
      995328          128          53.299    254803968    127401984
      995328          256         106.078    509607936    254803968
      995328          512         236.864   1019215872    509607936
      995328         1024         391.422   2038431744   1019215872
     1094656            1         211.276      2189312      1094656
     1094656            2           5.981      4378624      2189312
     1094656            4           9.368      8757248      4378624
     1094656            8           7.895     17514496      8757248
     1094656           16          12.383     35028992     17514496
     1094656           32          18.113     70057984     35028992
     1094656           64          32.030    140115968     70057984
     1094656          128          58.039    280231936    140115968
     1094656          256         111.769    560463872    280231936
     1094656          512         817.550   1120927744    560463872
     1094656         1024         446.766   2241855488   1120927744
     1203200            1          31.399      2406400      1203200
     1203200            2           5.500      4812800      2406400
     1203200            4           8.436      9625600      4812800
     1203200            8           8.516     19251200      9625600
     1203200           16          15.139     38502400     19251200
     1203200           32          20.870     77004800     38502400
     1203200           64          55.815    154009600     77004800
     1203200          128          63.088    308019200    154009600
     1203200          256         121.748    616038400    308019200
     1203200          512         238.747   1232076800    616038400
     1203200         1024         476.592   2464153600   1232076800
     1323008            1         215.223      2646016      1323008
     1323008            2           5.701      5292032      2646016
     1323008            4          10.570     10584064      5292032
     1323008            8           8.646     21168128     10584064
     1323008           16          14.267     42336256     21168128
     1323008           32          21.891     84672512     42336256
     1323008           64          39.864    169345024     84672512
     1323008          128          68.898    338690048    169345024
     1323008          256         132.508    677380096    338690048
     1323008          512         278.952   1354760192    677380096
     1323008         1024         521.035   2709520384   1354760192
     1455104            1          26.230      2910208      1455104
     1455104            2           5.470      5820416      2910208
     1455104            4          12.764     11640832      5820416
     1455104            8           9.879     23281664     11640832
     1455104           16          13.555     46563328     23281664
     1455104           32          25.067     93126656     46563328
     1455104           64          39.584    186253312     93126656
     1455104          128          76.292    372506624    186253312
     1455104          256         145.082    745013248    372506624
     1455104          512         298.639   1490026496    745013248
     1600512            1          36.148      3201024      1600512
     1600512            2           5.690      6402048      3201024
     1600512            4           9.498     12804096      6402048
     1600512            8           9.808     25608192     12804096
     1600512           16         458.117     51216384     25608192
     1600512           32          25.157    102432768     51216384
     1600512           64          44.544    204865536    102432768
     1600512          128          81.883    409731072    204865536
     1600512          256         164.608    819462144    409731072
     1600512          512         325.068   1638924288    819462144
     1760256            1          23.183      3520512      1760256
     1760256            2           6.221      7041024      3520512
     1760256            4          11.873     14082048      7041024
     1760256            8          12.463     28164096     14082048
     1760256           16          15.289     56328192     28164096
     1760256           32          26.058    112656384     56328192
     1760256           64          47.339    225312768    112656384
     1760256          128          89.808    450625536    225312768
     1760256          256         502.030    901251072    450625536
     1760256          512         349.223   1802502144    901251072
     1935360            1          33.352      3870720      1935360
     1935360            2           6.382      7741440      3870720
     1935360            4          13.996     15482880      7741440
     1935360            8          10.459     30965760     15482880
     1935360           16          16.070     61931520     30965760
     1935360           32          27.481    123863040     61931520
     1935360           64          50.796    247726080    123863040
     1935360          128         114.124    495452160    247726080
     1935360          256         194.083    990904320    495452160
     1935360          512         380.472   1981808640    990904320
     2128896            1          28.754      4257792      2128896
     2128896            2           7.164      8515584      4257792
     2128896            4          12.554     17031168      8515584
     2128896            8          11.291     34062336     17031168
     2128896           16          17.984     68124672     34062336
     2128896           32          29.956    136249344     68124672
     2128896           64          57.408    272498688    136249344
     2128896          128         107.251    544997376    272498688
     2128896          256         211.706   1089994752    544997376
     2128896          512         428.582   2179989504   1089994752
     2340864            1          21.560      4681728      2340864
     2340864            2           7.064      9363456      4681728
     2340864            4          11.652     18726912      9363456
     2340864            8          12.914     37453824     18726912
     2340864           16          19.076     74907648     37453824
     2340864           32          34.154    149815296     74907648
     2340864           64          66.455    299630592    149815296
     2340864          128         123.120    599261184    299630592
     2340864          256         259.115   1198522368    599261184
     2340864          512         457.776   2397044736   1198522368
     2574336            1          43.982      5148672      2574336
     2574336            2           6.201     10297344      5148672
     2574336            4          12.955     20594688     10297344
     2574336            8          12.444     41189376     20594688
     2574336           16          21.510     82378752     41189376
     2574336           32          35.496    164757504     82378752
     2574336           64          67.837    329515008    164757504
     2574336          128         130.064    659030016    329515008
     2574336          256         253.715   1318060032    659030016
     2574336          512         513.061   2636120064   1318060032
     2831360            1          32.260      5662720      2831360
     2831360            2           7.043     11325440      5662720
     2831360            4          11.812     22650880     11325440
     2831360            8          13.896     45301760     22650880
     2831360           16          22.342     90603520     45301760
     2831360           32          38.843    181207040     90603520
     2831360           64          73.497    362414080    181207040
     2831360          128         166.561    724828160    362414080
     2831360          256         280.195   1449656320    724828160
     3113984            1          30.528      6227968      3113984
     3113984            2           8.687     12455936      6227968
     3113984            4          12.213     24911872     12455936
     3113984            8          14.317     49823744     24911872
     3113984           16          24.045     99647488     49823744
     3113984           32          79.198    199294976     99647488
     3113984           64          80.520    398589952    199294976
     3113984          128         155.110    797179904    398589952
     3113984          256         318.666   1594359808    797179904
     3425280            1          37.119      6850560      3425280
     3425280            2           7.484     13701120      6850560
     3425280            4        2479.230     27402240     13701120
     3425280            8          14.868     54804480     27402240
     3425280           16          25.618    109608960     54804480
     3425280           32          45.766    219217920    109608960
     3425280           64          88.055    438435840    219217920
     3425280          128         170.008    876871680    438435840
     3425280          256         347.050   1753743360    876871680
     3767296            1          34.465      7534592      3767296
     3767296            2           6.993     15069184      7534592
     3767296            4          12.904     30138368     15069184
     3767296            8          16.030     60276736     30138368
     3767296           16          29.125    120553472     60276736
     3767296           32          49.773    241106944    120553472
     3767296           64          98.695    482213888    241106944
     3767296          128         219.120    964427776    482213888
     3767296          256         374.080   1928855552    964427776
     4143104            1          37.360      8286208      4143104
     4143104            2           7.624     16572416      8286208
     4143104            4          13.766     33144832     16572416
     4143104            8          16.661     66289664     33144832
     4143104           16          56.255    132579328     66289664
     4143104           32          54.622    265158656    132579328
     4143104           64         107.120    530317312    265158656
     4143104          128         204.884   1060634624    530317312
     4143104          256         405.269   2121269248   1060634624
     4556800            1          38.151      9113600      4556800
     4556800            2           8.556     18227200      9113600
     4556800            4          16.821     36454400     18227200
     4556800            8          18.284     72908800     36454400
     4556800           16          32.982    145817600     72908800
     4556800           32          59.491    291635200    145817600
     4556800           64         114.644    583270400    291635200
     4556800          128         224.701   1166540800    583270400
     4556800          256         483.324   2333081600   1166540800
     5012480            1          46.577     10024960      5012480
     5012480            2           7.244     20049920     10024960
     5012480            4          17.784     40099840     20049920
     5012480            8          22.281     80199680     40099840
     5012480           16          38.312    160399360     80199680
     5012480           32          87.353    320798720    160399360
     5012480           64         125.615    641597440    320798720
     5012480          128         251.981   1283194880    641597440
     5012480          256         490.618   2566389760   1283194880
     5513216            1          43.862     11026432      5513216
     5513216            2           8.827     22052864     11026432
     5513216            4          15.208     44105728     22052864
     5513216            8          21.650     88211456     44105728
     5513216           16          55.504    176422912     88211456
     5513216           32          70.923    352845824    176422912
     5513216           64         137.929    705691648    352845824
     5513216          128         275.756   1411383296    705691648
     6064128            1          82.004     12128256      6064128
     6064128            2         357.629     24256512     12128256
     6064128            4          17.203     48513024     24256512
     6064128            8          24.246     97026048     48513024
     6064128           16          40.757    194052096     97026048
     6064128           32          77.675    388104192    194052096
     6064128           64         151.324    776208384    388104192
     6064128          128         306.834   1552416768    776208384
     6670336            1          56.145     13340672      6670336
     6670336            2           8.005     26681344     13340672
     6670336            4          20.398     53362688     26681344
     6670336            8          24.165    106725376     53362688
     6670336           16          45.214    213450752    106725376
     6670336           32          84.668    426901504    213450752
     6670336           64         165.209    853803008    426901504
     6670336          128         926.965   1707606016    853803008
     7336960            1          57.648     14673920      7336960
     7336960            2          10.369     29347840     14673920
     7336960            4          19.446     58695680     29347840
     7336960            8          27.692    117391360     58695680
     7336960           16          48.401    234782720    117391360
     7336960           32          92.613    469565440    234782720
     7336960           64         180.438    939130880    469565440
     7336960          128         695.131   1878261760    939130880
     8070144            1          60.062     16140288      8070144
     8070144            2           9.628     32280576     16140288
     8070144            4          19.286     64561152     32280576
     8070144            8          28.494    129122304     64561152
     8070144           16         215.974    258244608    129122304
     8070144           32         100.699    516489216    258244608
     8070144           64         204.512   1032978432    516489216
     8070144          128         394.798   2065956864   1032978432
     8877056            1          68.729     17754112      8877056
     8877056            2          12.534     35508224     17754112
     8877056            4          20.528     71016448     35508224
     8877056            8          32.201    142032896     71016448
     8877056           16          57.878    284065792    142032896
     8877056           32         111.408    568131584    284065792
     8877056           64         219.130   1136263168    568131584
     8877056          128         471.983   2272526336   1136263168
     9763840            1          74.129     19527680      9763840
     9763840            2          11.031     39055360     19527680
     9763840            4          22.111     78110720     39055360
     9763840            8          33.091    156221440     78110720
     9763840           16          83.506    312442880    156221440
     9763840           32         126.958    624885760    312442880
     9763840           64         243.406   1249771520    624885760
     9763840          128         477.072   2499543040   1249771520
    10739712            1          82.344     21479424     10739712
    10739712            2          12.153     42958848     21479424
    10739712            4          22.261     85917696     42958848
    10739712            8          37.109    171835392     85917696
    10739712           16          69.190    343670784    171835392
    10739712           32         133.229    687341568    343670784
    10739712           64         263.514   1374683136    687341568
    11812864            1          91.361     23625728     11812864
    11812864            2          13.565     47251456     23625728
    11812864            4          21.810     94502912     47251456
    11812864            8          40.746    189005824     94502912
    11812864           16          74.509    378011648    189005824
    11812864           32         146.625    756023296    378011648
    11812864           64         308.267   1512046592    756023296
    12993536            1          97.182     25987072     12993536
    12993536            2          13.415     51974144     25987072
    12993536            4          27.141    103948288     51974144
    12993536            8          43.682    207896576    103948288
    12993536           16          81.874    415793152    207896576
    12993536           32         161.131    831586304    415793152
    12993536           64         335.609   1663172608    831586304
    14291968            1         108.202     28583936     14291968
    14291968            2          14.337     57167872     28583936
    14291968            4          27.321    114335744     57167872
    14291968            8          47.058    228671488    114335744
    14291968           16         109.325    457342976    228671488
    14291968           32         181.169    914685952    457342976
    14291968           64         350.085   1829371904    914685952
    15720448            1         172.323     31440896     15720448
    15720448            2          14.707     62881792     31440896
    15720448            4          31.860    125763584     62881792
    15720448            8          52.728    251527168    125763584
    15720448           16          97.973    503054336    251527168
    15720448           32         213.420   1006108672    503054336
    15720448           64         383.147   2012217344   1006108672
    17292288            1         132.368     34584576     17292288
    17292288            2          17.833     69169152     34584576
    17292288            4          32.501    138338304     69169152
    17292288            8          55.935    276676608    138338304
    17292288           16         107.201    553353216    276676608
    17292288           32         212.477   1106706432    553353216
    17292288           64         435.566   2213412864   1106706432
    19020800            1         142.808     38041600     19020800
    19020800            2          16.722     76083200     38041600
    19020800            4          34.254    152166400     76083200
    19020800            8         798.505    304332800    152166400
    19020800           16         117.279    608665600    304332800
    19020800           32         375.733   1217331200    608665600
    19020800           64         466.904   2434662400   1217331200
    20922368            1         539.920     41844736     20922368
    20922368            2          17.733     83689472     41844736
    20922368            4         419.214    167378944     83689472
    20922368            8          66.154    334757888    167378944
    20922368           16         133.089    669515776    334757888
    20922368           32         255.608   1339031552    669515776
    20922368           64         545.622   2678063104   1339031552
    23014400            1         174.847     46028800     23014400
    23014400            2          19.527     92057600     46028800
    23014400            4          40.225    184115200     92057600
    23014400            8          91.842    368230400    184115200
    23014400           16         141.245    736460800    368230400
    23014400           32         285.234   1472921600    736460800
    25315328            1         183.493     50630656     25315328
    25315328            2          22.111    101261312     50630656
    25315328            4          42.409    202522624    101261312
    25315328            8          80.350    405045248    202522624
    25315328           16         159.839    810090496    405045248
    25315328           32         312.705   1620180992    810090496
    27846656            1         227.255     55693312     27846656
    27846656            2          23.934    111386624     55693312
    27846656            4          44.684    222773248    111386624
    27846656            8          85.730    445546496    222773248
    27846656           16         170.739    891092992    445546496
    27846656           32         342.241   1782185984    891092992
    30630912            1         502.801     61261824     30630912
    30630912            2          25.387    122523648     61261824
    30630912            4          50.595    245047296    122523648
    30630912            8          93.224    490094592    245047296
    30630912           16         215.864    980189184    490094592
    30630912           32         375.422   1960378368    980189184
    33693696            1         243.396     67387392     33693696
    33693696            2         407.162    134774784     67387392
    33693696            4          53.851    269549568    134774784
    33693696            8         103.804    539099136    269549568
    33693696           16         207.659   1078198272    539099136
    33693696           32         433.692   2156396544   1078198272
    37062656            1         261.820     74125312     37062656
    37062656            2          33.002    148250624     74125312
    37062656            4          60.513    296501248    148250624
    37062656            8         112.220    593002496    296501248
    37062656           16         612.285   1186004992    593002496
    37062656           32         477.514   2372009984   1186004992
    40768512            1         290.484     81537024     40768512
    40768512            2          40.186    163074048     81537024
    40768512            4          63.679    326148096    163074048
    40768512            8         126.246    652296192    326148096
    40768512           16         620.171   1304592384    652296192
    40768512           32         497.972   2609184768   1304592384
    44845056            1         310.311     89690112     44845056
    44845056            2          45.456    179380224     89690112
    44845056            4          67.586    358760448    179380224
    44845056            8         135.714    717520896    358760448
    44845056           16         274.183   1435041792    717520896
    49329152            1         349.334     98658304     49329152
    49329152            2          52.218    197316608     98658304
    49329152            4          76.403    394633216    197316608
    49329152            8         154.008    789266432    394633216
    49329152           16         305.802   1578532864    789266432
    54261760            1         376.635    108523520     54261760
    54261760            2          60.493    217047040    108523520
    54261760            4          82.134    434094080    217047040
    54261760            8         164.508    868188160    434094080
    54261760           16         337.973   1736376320    868188160
    59687936            1         417.201    119375872     59687936
    59687936            2          74.379    238751744    119375872
    59687936            4          92.604    477503488    238751744
    59687936            8         194.164    955006976    477503488
    59687936           16         360.655   1910013952    955006976
    65655808            1         459.751    131311616     65655808
    65655808            2         108.683    262623232    131311616
    65655808            4         100.488    525246464    262623232
    65655808            8         198.571   1050492928    525246464
    65655808           16         399.307   2100985856   1050492928
    72220672            1         521.956    144441344     72220672
    72220672            2         105.828    288882688    144441344
    72220672            4         112.100    577765376    288882688
    72220672            8         221.846   1155530752    577765376
    72220672           16         496.068   2311061504   1155530752
    79441920            1         543.918    158883840     79441920
    79441920            2         125.415    317767680    158883840
    79441920            4         133.921    635535360    317767680
    79441920            8         279.944   1271070720    635535360
    79441920           16         491.199   2542141440   1271070720
    87386112            1         628.616    174772224     87386112
    87386112            2         152.195    349544448    174772224
    87386112            4         157.275    699088896    349544448
    87386112            8         285.464   1398177792    699088896
    96123904            1         702.876    192247808     96123904
    96123904            2         175.789    384495616    192247808
    96123904            4         190.878    768991232    384495616
    96123904            8         338.143   1537982464    768991232
   105736192            1         753.090    211472384    105736192
   105736192            2         199.874    422944768    211472384
   105736192            4         218.699    845889536    422944768
   105736192            8         367.257   1691779072    845889536
   116308992            1        1043.262    232617984    116308992
   116308992            2         224.991    465235968    232617984
   116308992            4         238.476    930471936    465235968
   116308992            8         412.723   1860943872    930471936
   127939584            1        1236.905    255879168    127939584
   127939584            2         247.122    511758336    255879168
   127939584            4         276.067   1023516672    511758336
   127939584            8         461.875   2047033344   1023516672
   140733440            1        1357.000    281466880    140733440
   140733440            2         264.926    562933760    281466880
   140733440            4         373.609   1125867520    562933760
   140733440            8         513.891   2251735040   1125867520
   154806272            1        1550.161    309612544    154806272
   154806272            2         286.507    619225088    309612544
   154806272            4         365.103   1238450176    619225088
   154806272            8         568.625   2476900352   1238450176
   170286080            1        1583.293    340572160    170286080
   170286080            2         321.752    681144320    340572160
   170286080            4         378.398   1362288640    681144320
   187314176            1        1315.152    374628352    187314176
   187314176            2         553.506    749256704    374628352
   187314176            4         393.166   1498513408    749256704
   206045184            1        1833.732    412090368    206045184
   206045184            2         557.634    824180736    412090368
   206045184            4         472.043   1648361472    824180736
   226649088            1        1600.716    453298176    226649088
   226649088            2         404.688    906596352    453298176
   226649088            4         469.639   1813192704    906596352
   249313280            1        1757.419    498626560    249313280
   249313280            2         430.736    997253120    498626560
   249313280            4         707.794   1994506240    997253120
   274244608            1        2002.638    548489216    274244608
   274244608            2         453.078   1096978432    548489216
   274244608            4         738.792   2193956864   1096978432
   301668352            1        2111.201    603336704    301668352
   301668352            2         484.717   1206673408    603336704
   301668352            4         812.220   2413346816   1206673408
   331834368            1        2334.409    663668736    331834368
   331834368            2         538.678   1327337472    663668736
   331834368            4         874.547   2654674944   1327337472
   365017088            1        2580.059    730034176    365017088
   365017088            2         578.423   1460068352    730034176
   401518592            1        2821.280    803037184    401518592
   401518592            2         680.614   1606074368    803037184
   441669632            1        3094.692    883339264    441669632
   441669632            2         796.560   1766678528    883339264
   485835776            1        3381.899    971671552    485835776
   485835776            2        1043.904   1943343104    971671552
   534418432            1        3728.868   1068836864    534418432
   534418432            2        1638.126   2137673728   1068836864
   587859968            1        4115.903   1175719936    587859968
   587859968            2        2887.043   2351439872   1175719936
   646645760            1        4682.022   1293291520    646645760
   646645760            2        5356.916   2586583040   1293291520
   711310336            1        4975.993   1422620672    711310336
   782440448            1        5490.266   1564880896    782440448
   860684288            1        6038.741   1721368576    860684288
   946752512            1        6607.125   1893505024    946752512
  1041427456            1        7289.582   2082854912   1041427456
  1145569280            1        7960.418   2291138560   1145569280
  1260126208            1        8846.436   2520252416   1260126208

META_DATA
FLOPS          8
MPI_PROCS      128
ERT_VERSION  1.1.0
HOSTNAME  ('tcn215.local.snellius.surf.nl', [], ['172.18.56.225'])
UNAME  uname_result(system='Linux', node='tcn215.local.snellius.surf.nl', release='4.18.0-372.80.1.el8_6.x86_64', version='#1 SMP Fri Nov 3 14:30:16 EDT 2023', machine='x86_64', processor='x86_64')
TIMESTAMP_DATA  1707390819.3694708
CONFIG  {'ERT_RESULTS': ['Results.snellius.01'], 'ERT_DRIVER': ['driver1'], 'ERT_KERNEL': ['kernel1'], 'ERT_MPI': ['True'], 'ERT_MPI_CFLAGS': [], 'ERT_MPI_LDFLAGS': [], 'ERT_OPENMP': ['False'], 'ERT_OPENMP_CFLAGS': ['-fopenmp'], 'ERT_OPENMP_LDFLAGS': ['-fopenmp'], 'ERT_FLOPS': ['1,2,4,8'], 'ERT_ALIGN': ['32'], 'ERT_CC': ['mpic++'], 'ERT_CFLAGS': ['-Ofast', '-fargument-noalias', '-mavx2'], 'ERT_LD': ['mpic++'], 'ERT_LDFLAGS': [], 'ERT_LDLIBS': [], 'ERT_RUN': ['export', 'OMP_NUM_THREADS=ERT_OPENMP_THREADS;', 'mpirun', '-np', 'ERT_MPI_PROCS', 'ERT_CODE'], 'ERT_PROCS_THREADS': ['32,64,128'], 'ERT_MPI_PROCS': ['32,64,128'], 'ERT_OPENMP_THREADS': [], 'ERT_NUM_EXPERIMENTS': ['5'], 'ERT_MEMORY_MAX': ['1357905920'], 'ERT_WORKING_SET_MIN': ['1'], 'ERT_TRIALS_MIN': ['1'], 'ERT_GNUPLOT': ['gnuplot'], 'ERT_GPU': [False], 'ERT_HIP': [False], 'ERT_PRECISION': ['FP64'], 'ERT_OCL': [False], 'ERT_SYCL': [False], 'ERT_WSS_MULT': [1.1]}
