fp64
        1024            1        2477.697         2048         1024
        1024            2         611.885         4096         2048
        1024            4          14.037         8192         4096
        1024            8           4.348        16384         8192
        1024           16           7.774        32768        16384
        1024           32           4.699        65536        32768
        1024           64           5.129       131072        65536
        1024          128           5.510       262144       131072
        1024          256           6.753       524288       262144
        1024          512          10.210      1048576       524288
        1024         1024          13.776      2097152      1048576
        1024         2048          30.087      4194304      2097152
        1024         4096          45.836      8388608      4194304
        1024         8192          82.815     16777216      8388608
        1024        16384         160.611     33554432     16777216
        1024        32768         944.026     67108864     33554432
        1024        65536         859.428    134217728     67108864
        1024       131072        1269.786    268435456    134217728
        1024       262144        2529.915    536870912    268435456
        1024       524288        5064.298   1073741824    536870912
        1024      1048576       10073.021   2147483648   1073741824
        2048            1           6.892         4096         2048
        2048            2           5.381         8192         4096
        2048            4           5.260        16384         8192
        2048            8           5.040        32768        16384
        2048           16           5.901        65536        32768
        2048           32           4.388       131072        65536
        2048           64          12.594       262144       131072
        2048          128           5.821       524288       262144
        2048          256           6.542      1048576       524288
        2048          512           8.797      2097152      1048576
        2048         1024          13.716      4194304      2097152
        2048         2048          48.090      8388608      4194304
        2048         4096          41.317     16777216      8388608
        2048         8192          78.778     33554432     16777216
        2048        16384         152.465     67108864     33554432
        2048        32768         327.994    134217728     67108864
        2048        65536         613.218    268435456    134217728
        2048       131072        1207.330    536870912    268435456
        2048       262144        2710.603   1073741824    536870912
        2048       524288        4808.299   2147483648   1073741824
        3072            1          24.025         6144         3072
        3072            2           4.709        12288         6144
        3072            4           6.583        24576        12288
        3072            8           4.929        49152        24576
        3072           16           5.671        98304        49152
        3072           32           5.210       196608        98304
        3072           64           5.530       393216       196608
        3072          128           6.131       786432       393216
        3072          256           6.582      1572864       786432
        3072          512          10.500      3145728      1572864
        3072         1024          14.186      6291456      3145728
        3072         2048          23.695     12582912      6291456
        3072         4096          42.870     25165824     12582912
        3072         8192          82.896     50331648     25165824
        3072        16384         159.679    100663296     50331648
        3072        32768         328.254    201326592    100663296
        3072        65536         629.619    402653184    201326592
        3072       131072        1261.611    805306368    402653184
        3072       262144        2515.909   1610612736    805306368
        4096            1          18.695         8192         4096
        4096            2           5.089        16384         8192
        4096            4           4.889        32768        16384
        4096            8           4.739        65536        32768
        4096           16           3.717       131072        65536
        4096           32           4.358       262144       131072
        4096           64           6.292       524288       262144
        4096          128           5.751      1048576       524288
        4096          256           7.174      2097152      1048576
        4096          512           8.987      4194304      2097152
        4096         1024          13.956      8388608      4194304
        4096         2048          23.925     16777216      8388608
        4096         4096          42.980     33554432     16777216
        4096         8192          82.154     67108864     33554432
        4096        16384         159.870    134217728     67108864
        4096        32768         315.560    268435456    134217728
        4096        65536         636.962    536870912    268435456
        4096       131072        1351.419   1073741824    536870912
        4096       262144        3186.774   2147483648   1073741824
        5120            1          13.445        10240         5120
        5120            2           5.590        20480        10240
        5120            4           5.100        40960        20480
        5120            8           5.330        81920        40960
        5120           16           5.170       163840        81920
        5120           32           5.320       327680       163840
        5120           64           5.120       655360       327680
        5120          128           5.821      1310720       655360
        5120          256           7.154      2621440      1310720
        5120          512           9.367      5242880      2621440
        5120         1024          15.268     10485760      5242880
        5120         2048          23.484     20971520     10485760
        5120         4096          44.914     41943040     20971520
        5120         8192          86.773     83886080     41943040
        5120        16384         159.619    167772160     83886080
        5120        32768         330.599    335544320    167772160
        5120        65536         630.300    671088640    335544320
        5120       131072        1271.049   1342177280    671088640
        5120       262144        2515.247   2684354560   1342177280
        6144            1          12.282        12288         6144
        6144            2           5.130        24576        12288
        6144            4           6.442        49152        24576
        6144            8           4.829        98304        49152
        6144           16           5.380       196608        98304
        6144           32           4.709       393216       196608
        6144           64           5.390       786432       393216
        6144          128           7.003      1572864       786432
        6144          256           6.953      3145728      1572864
        6144          512          11.011      6291456      3145728
        6144         1024          14.327     12582912      6291456
        6144         2048          23.634     25165824     12582912
        6144         4096          43.421     50331648     25165824
        6144         8192          81.823    100663296     50331648
        6144        16384         159.649    201326592    100663296
        6144        32768         314.448    402653184    201326592
        6144        65536        1286.828    805306368    402653184
        6144       131072        1252.444   1610612736    805306368
        7168            1          14.968        14336         7168
        7168            2           4.619        28672        14336
        7168            4           4.979        57344        28672
        7168            8           5.370       114688        57344
        7168           16           4.759       229376       114688
        7168           32           5.491       458752       229376
        7168           64           4.708       917504       458752
        7168          128           7.114      1835008       917504
        7168          256           7.343      3670016      1835008
        7168          512           9.989      7340032      3670016
        7168         1024          14.097     14680064      7340032
        7168         2048          24.005     29360128     14680064
        7168         4096          43.872     58720256     29360128
        7168         8192          82.003    117440512     58720256
        7168        16384         161.973    234881024    117440512
        7168        32768         321.902    469762048    234881024
        7168        65536         890.616    939524096    469762048
        7168       131072        1292.309   1879048192    939524096
        8192            1           4.678        16384         8192
        8192            2           5.620        32768        16384
        8192            4           4.418        65536        32768
        8192            8           7.163       131072        65536
        8192           16           4.508       262144       131072
        8192           32           5.881       524288       262144
        8192           64           5.210      1048576       524288
        8192          128           6.322      2097152      1048576
        8192          256           7.233      4194304      2097152
        8192          512           9.638      8388608      4194304
        8192         1024          14.397     16777216      8388608
        8192         2048          23.744     33554432     16777216
        8192         4096          44.053     67108864     33554432
        8192         8192          85.390    134217728     67108864
        8192        16384         198.662    268435456    134217728
        8192        32768         317.714    536870912    268435456
        8192        65536         631.602   1073741824    536870912
        8192       131072        1251.322   2147483648   1073741824
        9216            1          10.810        18432         9216
        9216            2           5.981        36864        18432
        9216            4           4.869        73728        36864
        9216            8           7.424       147456        73728
        9216           16           4.268       294912       147456
        9216           32           5.370       589824       294912
        9216           64           6.162      1179648       589824
        9216          128           6.111      2359296      1179648
        9216          256           7.985      4718592      2359296
        9216          512           9.167      9437184      4718592
        9216         1024          15.038     18874368      9437184
        9216         2048          23.424     37748736     18874368
        9216         4096          44.613     75497472     37748736
        9216         8192         103.373    150994944     75497472
        9216        16384         159.879    301989888    150994944
        9216        32768         316.081    603979776    301989888
        9216        65536         634.708   1207959552    603979776
        9216       131072        1264.998   2415919104   1207959552
       10240            1           8.385        20480        10240
       10240            2           6.192        40960        20480
       10240            4           4.388        81920        40960
       10240            8           4.979       163840        81920
       10240           16           5.511       327680       163840
       10240           32           4.990       655360       327680
       10240           64           5.230      1310720       655360
       10240          128           5.330      2621440      1310720
       10240          256           8.146      5242880      2621440
       10240          512          30.177     10485760      5242880
       10240         1024          15.399     20971520     10485760
       10240         2048          24.686     41943040     20971520
       10240         4096          43.301     83886080     41943040
       10240         8192          86.772    167772160     83886080
       10240        16384         158.687    335544320    167772160
       10240        32768         313.327    671088640    335544320
       10240        65536         632.163   1342177280    671088640
       10240       131072        1252.685   2684354560   1342177280
       11264            1          12.122        22528        11264
       11264            2           6.973        45056        22528
       11264            4           5.400        90112        45056
       11264            8           5.059       180224        90112
       11264           16           6.402       360448       180224
       11264           32           4.288       720896       360448
       11264           64           6.412      1441792       720896
       11264          128           5.250      2883584      1441792
       11264          256           9.167      5767168      2883584
       11264          512           9.348     11534336      5767168
       11264         1024          13.715     23068672     11534336
       11264         2048          23.654     46137344     23068672
       11264         4096          43.973     92274688     46137344
       11264         8192          83.396    184549376     92274688
       11264        16384         163.326    369098752    184549376
       11264        32768         323.706    738197504    369098752
       11264        65536         643.575   1476395008    738197504
       12288            1          37.860        24576        12288
       12288            2           5.470        49152        24576
       12288            4           4.919        98304        49152
       12288            8           5.440       196608        98304
       12288           16           4.890       393216       196608
       12288           32           6.842       786432       393216
       12288           64           4.969      1572864       786432
       12288          128           5.781      3145728      1572864
       12288          256           6.462      6291456      3145728
       12288          512           9.267     12582912      6291456
       12288         1024          14.246     25165824     12582912
       12288         2048          23.614     50331648     25165824
       12288         4096          43.111    100663296     50331648
       12288         8192          81.332    201326592    100663296
       12288        16384         159.829    402653184    201326592
       12288        32768         313.396    805306368    402653184
       12288        65536         636.391   1610612736    805306368
       13312            1          17.353        26624        13312
       13312            2           4.559        53248        26624
       13312            4           5.340       106496        53248
       13312            8           4.869       212992       106496
       13312           16           6.713       425984       212992
       13312           32           5.310       851968       425984
       13312           64           6.032      1703936       851968
       13312          128           6.462      3407872      1703936
       13312          256           7.073      6815744      3407872
       13312          512           9.548     13631488      6815744
       13312         1024          13.866     27262976     13631488
       13312         2048          25.187     54525952     27262976
       13312         4096          44.022    109051904     54525952
       13312         8192          85.390    218103808    109051904
       13312        16384         162.324    436207616    218103808
       13312        32768        1003.308    872415232    436207616
       13312        65536         739.053   1744830464    872415232
       14336            1          47.038        28672        14336
       14336            2           6.342        57344        28672
       14336            4           5.039       114688        57344
       14336            8           8.035       229376       114688
       14336           16           4.919       458752       229376
       14336           32           6.572       917504       458752
       14336           64           5.561      1835008       917504
       14336          128           5.681      3670016      1835008
       14336          256           7.164      7340032      3670016
       14336          512           9.057     14680064      7340032
       14336         1024          14.978     29360128     14680064
       14336         2048          25.828     58720256     29360128
       14336         4096          44.713    117440512     58720256
       14336         8192          81.833    234881024    117440512
       14336        16384         161.682    469762048    234881024
       14336        32768         315.370    939524096    469762048
       14336        65536         639.797   1879048192    939524096
       15360            1          12.263        30720        15360
       15360            2           5.019        61440        30720
       15360            4           7.625       122880        61440
       15360            8           4.799       245760       122880
       15360           16           6.493       491520       245760
       15360           32           4.859       983040       491520
       15360           64          64.711      1966080       983040
       15360          128           5.580      3932160      1966080
       15360          256           7.163      7864320      3932160
       15360          512          10.710     15728640      7864320
       15360         1024          14.688     31457280     15728640
       15360         2048          25.467     62914560     31457280
       15360         4096          43.622    125829120     62914560
       15360         8192          87.033    251658240    125829120
       15360        16384         163.255    503316480    251658240
       15360        32768         321.842   1006632960    503316480
       15360        65536         656.098   2013265920   1006632960
       16384            1           5.660        32768        16384
       16384            2         118.823        65536        32768
       16384            4           3.526       131072        65536
       16384            8           8.116       262144       131072
       16384           16           4.960       524288       262144
       16384           32           5.109      1048576       524288
       16384           64           5.570      2097152      1048576
       16384          128           5.651      4194304      2097152
       16384          256           7.384      8388608      4194304
       16384          512           9.457     16777216      8388608
       16384         1024          16.772     33554432     16777216
       16384         2048          23.784     67108864     33554432
       16384         4096          47.409    134217728     67108864
       16384         8192          86.802    268435456    134217728
       16384        16384         161.081    536870912    268435456
       16384        32768         318.255   1073741824    536870912
       16384        65536         755.814   2147483648   1073741824
       17408            1          33.402        34816        17408
       17408            2           7.083        69632        34816
       17408            4           7.924       139264        69632
       17408            8           5.821       278528       139264
       17408           16           5.500       557056       278528
       17408           32           5.881      1114112       557056
       17408           64           4.999      2228224      1114112
       17408          128           5.540      4456448      2228224
       17408          256           6.823      8912896      4456448
       17408          512          12.083     17825792      8912896
       17408         1024          14.367     35651584     17825792
       17408         2048          25.638     71303168     35651584
       17408         4096          43.842    142606336     71303168
       17408         8192          83.857    285212672    142606336
       17408        16384         163.566    570425344    285212672
       17408        32768         459.570   1140850688    570425344
       17408        65536         643.845   2281701376   1140850688
       18432            1          10.459        36864        18432
       18432            2           6.281        73728        36864
       18432            4           4.849       147456        73728
       18432            8           6.472       294912       147456
       18432           16           5.841       589824       294912
       18432           32           4.669      1179648       589824
       18432           64           6.132      2359296      1179648
       18432          128           5.791      4718592      2359296
       18432          256           8.796      9437184      4718592
       18432          512           9.188     18874368      9437184
       18432         1024          14.407     37748736     18874368
       18432         2048          23.865     75497472     37748736
       18432         4096          43.942    150994944     75497472
       18432         8192          82.505    301989888    150994944
       18432        16384         162.635    603979776    301989888
       18432        32768         331.129   1207959552    603979776
       18432        65536         636.681   2415919104   1207959552
       19456            1          42.219        38912        19456
       19456            2           4.459        77824        38912
       19456            4           4.699       155648        77824
       19456            8           4.619       311296       155648
       19456           16           5.560       622592       311296
       19456           32           6.923      1245184       622592
       19456           64           4.819      2490368      1245184
       19456          128           6.993      4980736      2490368
       19456          256           6.823      9961472      4980736
       19456          512           9.768     19922944      9961472
       19456         1024          14.336     39845888     19922944
       19456         2048          24.646     79691776     39845888
       19456         4096          45.556    159383552     79691776
       19456         8192          84.999    318767104    159383552
       19456        16384         168.315    637534208    318767104
       19456        32768         338.944   1275068416    637534208
       19456        65536         660.466   2550136832   1275068416
       20480            1           5.039        40960        20480
       20480            2           5.159        81920        40960
       20480            4           7.274       163840        81920
       20480            8           4.809       327680       163840
       20480           16           5.470       655360       327680
       20480           32           3.898      1310720       655360
       20480           64           6.212      2621440      1310720
       20480          128           5.370      5242880      2621440
       20480          256           7.053     10485760      5242880
       20480          512           9.828     20971520     10485760
       20480         1024          14.116     41943040     20971520
       20480         2048          25.087     83886080     41943040
       20480         4096          43.751    167772160     83886080
       20480         8192          83.987    335544320    167772160
       20480        16384         162.424    671088640    335544320
       20480        32768         332.342   1342177280    671088640
       20480        65536         635.559   2684354560   1342177280
       22528            1          11.131        45056        22528
       22528            2           5.711        90112        45056
       22528            4           7.194       180224        90112
       22528            8           6.823       360448       180224
       22528           16           5.190       720896       360448
       22528           32           5.500      1441792       720896
       22528           64           4.538      2883584      1441792
       22528          128           6.682      5767168      2883584
       22528          256           7.595     11534336      5767168
       22528          512           9.488     23068672     11534336
       22528         1024          15.108     46137344     23068672
       22528         2048          24.426     92274688     46137344
       22528         4096          44.673    184549376     92274688
       22528         8192          83.596    369098752    184549376
       22528        16384         163.977    738197504    369098752
       22528        32768         337.581   1476395008    738197504
       24576            1          17.683        49152        24576
       24576            2           4.428        98304        49152
       24576            4           5.129       196608        98304
       24576            8           4.859       393216       196608
       24576           16           4.188       786432       393216
       24576           32           7.554      1572864       786432
       24576           64           4.879      3145728      1572864
       24576          128           5.761      6291456      3145728
       24576          256           7.564     12582912      6291456
       24576          512           9.197     25165824     12582912
       24576         1024          14.537     50331648     25165824
       24576         2048          24.105    100663296     50331648
       24576         4096          44.984    201326592    100663296
       24576         8192          84.137    402653184    201326592
       24576        16384         184.585    805306368    402653184
       24576        32768         324.908   1610612736    805306368
       26624            1           5.571        53248        26624
       26624            2           5.460       106496        53248
       26624            4           8.125       212992       106496
       26624            8           8.185       425984       212992
       26624           16           5.130       851968       425984
       26624           32          24.506      1703936       851968
       26624           64           6.382      3407872      1703936
       26624          128           6.903      6815744      3407872
       26624          256           7.675     13631488      6815744
       26624          512           9.989     27262976     13631488
       26624         1024          17.713     54525952     27262976
       26624         2048          26.861    109051904     54525952
       26624         4096          50.875    218103808    109051904
       26624         8192          93.265    436207616    218103808
       26624        16384         187.060    872415232    436207616
       26624        32768         361.136   1744830464    872415232
       28672            1           6.522        57344        28672
       28672            2           5.551       114688        57344
       28672            4           5.370       229376       114688
       28672            8           5.340       458752       229376
       28672           16           5.069       917504       458752
       28672           32           6.763      1835008       917504
       28672           64           5.040      3670016      1835008
       28672          128           6.312      7340032      3670016
       28672          256           7.404     14680064      7340032
       28672          512          10.019     29360128     14680064
       28672         1024          15.890     58720256     29360128
       28672         2048          26.710    117440512     58720256
       28672         4096          51.076    234881024    117440512
       28672         8192          93.445    469762048    234881024
       28672        16384         185.046    939524096    469762048
       28672        32768         377.797   1879048192    939524096
       30720            1         555.410        61440        30720
       30720            2           5.150       122880        61440
       30720            4           7.985       245760       122880
       30720            8           7.534       491520       245760
       30720           16           5.029       983040       491520
       30720           32           7.254      1966080       983040
       30720           64           5.661      3932160      1966080
       30720          128           8.045      7864320      3932160
       30720          256           8.145     15728640      7864320
       30720          512          10.710     31457280     15728640
       30720         1024          17.773     62914560     31457280
       30720         2048          29.946    125829120     62914560
       30720         4096          56.115    251658240    125829120
       30720         8192         319.468    503316480    251658240
       30720        16384         209.322   1006632960    503316480
       30720        32768         416.720   2013265920   1006632960
       33792            1           6.732        67584        33792
       33792            2           3.927       135168        67584
       33792            4           5.110       270336       135168
       33792            8           7.674       540672       270336
       33792           16           5.200      1081344       540672
       33792           32           6.642      2162688      1081344
       33792           64           5.320      4325376      2162688
       33792          128           6.181      8650752      4325376
       33792          256           8.686     17301504      8650752
       33792          512          11.572     34603008     17301504
       33792         1024          20.508     69206016     34603008
       33792         2048          35.296    138412032     69206016
       33792         4096          64.010    276824064    138412032
       33792         8192         120.956    553648128    276824064
       33792        16384         238.096   1107296256    553648128
       33792        32768         484.787   2214592512   1107296256
       36864            1          11.281        73728        36864
       36864            2           5.280       147456        73728
       36864            4           5.010       294912       147456
       36864            8           5.781       589824       294912
       36864           16           5.611      1179648       589824
       36864           32           6.652      2359296      1179648
       36864           64           5.491      4718592      2359296
       36864          128           7.494      9437184      4718592
       36864          256          47.038     18874368      9437184
       36864          512          11.702     37748736     18874368
       36864         1024          19.447     75497472     37748736
       36864         2048          32.792    150994944     75497472
       36864         4096          62.728    301989888    150994944
       36864         8192         118.632    603979776    301989888
       36864        16384         237.995   1207959552    603979776
       36864        32768         479.507   2415919104   1207959552
       39936            1          13.485        79872        39936
       39936            2           5.250       159744        79872
       39936            4           9.238       319488       159744
       39936            8           6.923       638976       319488
       39936           16           4.639      1277952       638976
       39936           32           6.051      2555904      1277952
       39936           64           6.001      5111808      2555904
       39936          128           6.923     10223616      5111808
       39936          256           9.348     20447232     10223616
       39936          512          13.315     40894464     20447232
       39936         1024          22.072     81788928     40894464
       39936         2048          40.296    163577856     81788928
       39936         4096          75.932    327155712    163577856
       39936         8192         146.865    654311424    327155712
       39936        16384         323.947   1308622848    654311424
       39936        32768         576.168   2617245696   1308622848
       43008            1          12.554        86016        43008
       43008            2           5.280       172032        86016
       43008            4           4.729       344064       172032
       43008            8           7.454       688128       344064
       43008           16           4.979      1376256       688128
       43008           32           6.282      2752512      1376256
       43008           64           6.562      5505024      2752512
       43008          128           7.975     11010048      5505024
       43008          256           8.947     22020096     11010048
       43008          512          13.506     44040192     22020096
       43008         1024          22.412     88080384     44040192
       43008         2048          39.173    176160768     88080384
       43008         4096          77.966    352321536    176160768
       43008         8192         144.681    704643072    352321536
       43008        16384         307.676   1409286144    704643072
       47104            1           6.933        94208        47104
       47104            2           5.270       188416        94208
       47104            4           5.871       376832       188416
       47104            8           5.269       753664       376832
       47104           16           7.705      1507328       753664
       47104           32           5.130      3014656      1507328
       47104           64           7.945      6029312      3014656
       47104          128           6.512     12058624      6029312
       47104          256           9.067     24117248     12058624
       47104          512          14.317     48234496     24117248
       47104         1024          23.434     96468992     48234496
       47104         2048          43.181    192937984     96468992
       47104         4096          80.932    385875968    192937984
       47104         8192         158.246    771751936    385875968
       47104        16384         324.397   1543503872    771751936
       51200            1          14.187       102400        51200
       51200            2           4.558       204800       102400
       51200            4           6.432       409600       204800
       51200            8           5.591       819200       409600
       51200           16           4.779      1638400       819200
       51200           32           6.312      3276800      1638400
       51200           64           5.811      6553600      3276800
       51200          128           7.444     13107200      6553600
       51200          256          10.029     26214400     13107200
       51200          512          14.978     52428800     26214400
       51200         1024          25.618    104857600     52428800
       51200         2048          45.515    209715200    104857600
       51200         4096         124.634    419430400    209715200
       51200         8192         169.898    838860800    419430400
       51200        16384         341.459   1677721600    838860800
       56320            1          11.872       112640        56320
       56320            2           5.190       225280       112640
       56320            4           5.621       450560       225280
       56320            8           5.480       901120       450560
       56320           16           5.220      1802240       901120
       56320           32           5.069      3604480      1802240
       56320           64           8.666      7208960      3604480
       56320          128           7.193     14417920      7208960
       56320          256          12.102     28835840     14417920
       56320          512          16.100     57671680     28835840
       56320         1024          28.874    115343360     57671680
       56320         2048          53.951    230686720    115343360
       56320         4096         105.278    461373440    230686720
       56320         8192         196.969    922746880    461373440
       56320        16384         418.383   1845493760    922746880
       61440            1          11.511       122880        61440
       61440            2           4.929       245760       122880
       61440            4           6.903       491520       245760
       61440            8           4.638       983040       491520
       61440           16           5.190      1966080       983040
       61440           32           5.361      3932160      1966080
       61440           64           5.641      7864320      3932160
       61440          128           8.445     15728640      7864320
       61440          256          10.119     31457280     15728640
       61440          512          17.743     62914560     31457280
       61440         1024          29.285    125829120     62914560
       61440         2048          52.749    251658240    125829120
       61440         4096         363.370    503316480    251658240
       61440         8192         195.536   1006632960    503316480
       61440        16384         396.492   2013265920   1006632960
       67584            1          10.329       135168        67584
       67584            2           7.063       270336       135168
       67584            4           8.727       540672       270336
       67584            8           6.232      1081344       540672
       67584           16           4.909      2162688      1081344
       67584           32           5.421      4325376      2162688
       67584           64           5.770      8650752      4325376
       67584          128           7.394     17301504      8650752
       67584          256          12.013     34603008     17301504
       67584          512          17.683     69206016     34603008
       67584         1024          33.723    138412032     69206016
       67584         2048          58.790    276824064    138412032
       67584         4096         117.650    553648128    276824064
       67584         8192         221.675   1107296256    553648128
       67584        16384         709.107   2214592512   1107296256
       73728            1           8.927       147456        73728
       73728            2           5.020       294912       147456
       73728            4           7.725       589824       294912
       73728            8           5.210      1179648       589824
       73728           16           5.710      2359296      1179648
       73728           32           5.590      4718592      2359296
       73728           64           6.763      9437184      4718592
       73728          128           8.496     18874368      9437184
       73728          256          11.531     37748736     18874368
       73728          512          19.276     75497472     37748736
       73728         1024          35.657    150994944     75497472
       73728         2048          62.417    301989888    150994944
       73728         4096         118.813    603979776    301989888
       73728         8192         239.327   1207959552    603979776
       73728        16384         722.282   2415919104   1207959552
       80896            1          27.652       161792        80896
       80896            2           5.180       323584       161792
       80896            4           8.817       647168       323584
       80896            8           6.092      1294336       647168
       80896           16           4.739      2588672      1294336
       80896           32           7.494      5177344      2588672
       80896           64           6.582     10354688      5177344
       80896          128           8.737     20709376     10354688
       80896          256          13.114     41418752     20709376
       80896          512          21.490     82837504     41418752
       80896         1024          39.093    165675008     82837504
       80896         2048          71.865    331350016    165675008
       80896         4096         141.435    662700032    331350016
       80896         8192         277.790   1325400064    662700032
       80896        16384         832.247   2650800128   1325400064
       88064            1          20.809       176128        88064
       88064            2           5.210       352256       176128
       88064            4           5.290       704512       352256
       88064            8           5.240      1409024       704512
       88064           16           6.742      2818048      1409024
       88064           32           5.901      5636096      2818048
       88064           64          10.460     11272192      5636096
       88064          128           9.097     22544384     11272192
       88064          256          13.615     45088768     22544384
       88064          512          21.450     90177536     45088768
       88064         1024          39.383    180355072     90177536
       88064         2048          77.916    360710144    180355072
       88064         4096         145.613    721420288    360710144
       88064         8192         286.867   1442840576    721420288
       96256            1           6.532       192512        96256
       96256            2           8.045       385024       192512
       96256            4           7.594       770048       385024
       96256            8           5.580      1540096       770048
       96256           16           7.274      3080192      1540096
       96256           32           5.310      6160384      3080192
       96256           64           7.965     12320768      6160384
       96256          128           8.947     24641536     12320768
       96256          256          14.577     49283072     24641536
       96256          512          23.725     98566144     49283072
       96256         1024          44.243    197132288     98566144
       96256         2048          83.937    394264576    197132288
       96256         4096         164.167    788529152    394264576
       96256         8192         468.317   1577058304    788529152
      105472            1          15.670       210944       105472
      105472            2           7.715       421888       210944
      105472            4           7.434       843776       421888
      105472            8           5.240      1687552       843776
      105472           16           6.983      3375104      1687552
      105472           32           6.162      6750208      3375104
      105472           64           8.025     13500416      6750208
      105472          128          10.309     27000832     13500416
      105472          256          16.060     54001664     27000832
      105472          512          26.520    108003328     54001664
      105472         1024          50.154    216006656    108003328
      105472         2048         100.669    432013312    216006656
      105472         4096         186.169    864026624    432013312
      105472         8192         368.029   1728053248    864026624
      115712            1           7.143       231424       115712
      115712            2           6.652       462848       231424
      115712            4           6.201       925696       462848
      115712            8           6.512      1851392       925696
      115712           16           5.290      3702784      1851392
      115712           32           8.045      7405568      3702784
      115712           64           8.165     14811136      7405568
      115712          128          10.149     29622272     14811136
      115712          256          16.431     59244544     29622272
      115712          512          27.261    118489088     59244544
      115712         1024          52.167    236978176    118489088
      115712         2048         101.049    473956352    236978176
      115712         4096         191.459    947912704    473956352
      115712         8192         549.278   1895825408    947912704
      126976            1          14.247       253952       126976
      126976            2           5.821       507904       253952
      126976            4           7.635      1015808       507904
      126976            8           7.314      2031616      1015808
      126976           16           5.820      4063232      2031616
      126976           32           7.424      8126464      4063232
      126976           64           8.095     16252928      8126464
      126976          128          10.900     32505856     16252928
      126976          256          17.332     65011712     32505856
      126976          512          28.824    130023424     65011712
      126976         1024          54.401    260046848    130023424
      126976         2048         120.376    520093696    260046848
      126976         4096         203.120   1040187392    520093696
      126976         8192         403.515   2080374784   1040187392
      139264            1           7.825       278528       139264
      139264            2           4.638       557056       278528
      139264            4           5.660      1114112       557056
      139264            8           5.780      2228224      1114112
      139264           16           5.410      4456448      2228224
      139264           32           7.675      8912896      4456448
      139264           64           7.864     17825792      8912896
      139264          128          12.614     35651584     17825792
      139264          256          18.064     71303168     35651584
      139264          512          31.919    142606336     71303168
      139264         1024          58.629    285212672    142606336
      139264         2048         117.540    570425344    285212672
      139264         4096         226.384   1140850688    570425344
      139264         8192         462.486   2281701376   1140850688
      152576            1          13.565       305152       152576
      152576            2           5.240       610304       305152
      152576            4          11.191      1220608       610304
      152576            8           4.298      2441216      1220608
      152576           16           5.510      4882432      2441216
      152576           32           8.066      9764864      4882432
      152576           64           9.137     19529728      9764864
      152576          128          12.733     39059456     19529728
      152576          256          19.246     78118912     39059456
      152576          512          36.628    156237824     78118912
      152576         1024         253.735    312475648    156237824
      152576         2048         127.429    624951296    312475648
      152576         4096         251.581   1249902592    624951296
      152576         8192         524.471   2499805184   1249902592
      166912            1           6.933       333824       166912
      166912            2           4.478       667648       333824
      166912            4           9.418      1335296       667648
      166912            8           5.250      2670592      1335296
      166912           16           5.700      5341184      2670592
      166912           32           6.102     10682368      5341184
      166912           64           8.616     21364736     10682368
      166912          128          12.383     42729472     21364736
      166912          256          21.019     85458944     42729472
      166912          512          38.312    170917888     85458944
      166912         1024          74.039    341835776    170917888
      166912         2048         138.329    683671552    341835776
      166912         4096         310.922   1367343104    683671552
      183296            1           9.839       366592       183296
      183296            2           5.480       733184       366592
      183296            4           9.297      1466368       733184
      183296            8           6.463      2932736      1466368
      183296           16           5.640      5865472      2932736
      183296           32           8.225     11730944      5865472
      183296           64           8.146     23461888     11730944
      183296          128          15.389     46923776     23461888
      183296          256          24.596     93847552     46923776
      183296          512          42.800    187695104     93847552
      183296         1024          81.172    375390208    187695104
      183296         2048         157.374    750780416    375390208
      183296         4096         433.141   1501560832    750780416
      200704            1           7.074       401408       200704
      200704            2           8.296       802816       401408
      200704            4           7.534      1605632       802816
      200704            8           6.993      3211264      1605632
      200704           16           6.352      6422528      3211264
      200704           32           6.282     12845056      6422528
      200704           64           9.738     25690112     12845056
      200704          128          13.796     51380224     25690112
      200704          256          24.727    102760448     51380224
      200704          512          43.201    205520896    102760448
      200704         1024          82.534    411041792    205520896
      200704         2048         161.583    822083584    411041792
      200704         4096         321.451   1644167168    822083584
      220160            1          16.130       440320       220160
      220160            2           4.910       880640       440320
      220160            4           9.187      1761280       880640
      220160            8           5.099      3522560      1761280
      220160           16           7.324      7045120      3522560
      220160           32           7.254     14090240      7045120
      220160           64          11.221     28180480     14090240
      220160          128          16.160     56360960     28180480
      220160          256          26.099    112721920     56360960
      220160          512          48.201    225443840    112721920
      220160         1024          92.032    450887680    225443840
      220160         2048         180.548    901775360    450887680
      220160         4096         399.868   1803550720    901775360
      241664            1           8.366       483328       241664
      241664            2           6.041       966656       483328
      241664            4           9.297      1933312       966656
      241664            8           5.951      3866624      1933312
      241664           16           6.422      7733248      3866624
      241664           32           8.636     15466496      7733248
      241664           64          10.610     30932992     15466496
      241664          128          18.284     61865984     30932992
      241664          256          27.982    123731968     61865984
      241664          512          56.094    247463936    123731968
      241664         1024         191.759    494927872    247463936
      241664         2048         192.400    989855744    494927872
      241664         4096         384.149   1979711488    989855744
      265216            1           8.165       530432       265216
      265216            2           6.833      1060864       530432
      265216            4          10.309      2121728      1060864
      265216            8           7.313      4243456      2121728
      265216           16           6.442      8486912      4243456
      265216           32           8.386     16973824      8486912
      265216           64          10.540     33947648     16973824
      265216          128          17.263     67895296     33947648
      265216          256          31.619    135790592     67895296
      265216          512          56.556    271581184    135790592
      265216         1024         149.630    543162368    271581184
      265216         2048         213.810   1086324736    543162368
      265216         4096         428.873   2172649472   1086324736
      290816            1          10.640       581632       290816
      290816            2           4.408      1163264       581632
      290816            4           7.935      2326528      1163264
      290816            8           5.640      4653056      2326528
      290816           16          10.009      9306112      4653056
      290816           32           7.785     18612224      9306112
      290816           64          14.617     37224448     18612224
      290816          128          18.825     74448896     37224448
      290816          256          33.122    148897792     74448896
      290816          512          60.974    297795584    148897792
      290816         1024         118.662    595591168    297795584
      290816         2048         232.495   1191182336    595591168
      290816         4096        1041.018   2382364672   1191182336
      319488            1          22.292       638976       319488
      319488            2           5.009      1277952       638976
      319488            4           7.785      2555904      1277952
      319488            8           6.172      5111808      2555904
      319488           16           6.692     10223616      5111808
      319488           32           8.967     20447232     10223616
      319488           64          12.082     40894464     20447232
      319488          128          21.400     81788928     40894464
      319488          256          35.547    163577856     81788928
      319488          512          67.857    327155712    163577856
      319488         1024         127.970    654311424    327155712
      319488         2048         292.738   1308622848    654311424
      319488         4096         506.307   2617245696   1308622848
      351232            1          54.723       702464       351232
      351232            2           6.483      1404928       702464
      351232            4           8.757      2809856      1404928
      351232            8           7.033      5619712      2809856
      351232           16           6.723     11239424      5619712
      351232           32           9.858     22478848     11239424
      351232           64          14.297     44957696     22478848
      351232          128          21.841     89915392     44957696
      351232          256          38.633    179830784     89915392
      351232          512          73.337    359661568    179830784
      351232         1024         741.728    719323136    359661568
      351232         2048         296.776   1438646272    719323136
      386048            1       42735.639       772096       386048
      386048            2          18.755      1544192       772096
      386048            4           7.063      3088384      1544192
      386048            8           5.480      6176768      3088384
      386048           16           7.203     12353536      6176768
      386048           32           9.938     24707072     12353536
      386048           64          14.206     49414144     24707072
      386048          128          25.638     98828288     49414144
      386048          256          41.938    197656576     98828288
      386048          512          84.629    395313152    197656576
      386048         1024         156.473    790626304    395313152
      386048         2048         306.123   1581252608    790626304
      423936            1         207.368       847872       423936
      423936            2           5.129      1695744       847872
      423936            4           7.765      3391488      1695744
      423936            8           6.151      6782976      3391488
      423936           16           7.624     13565952      6782976
      423936           32           9.348     27131904     13565952
      423936           64          15.459     54263808     27131904
      423936          128          25.939    108527616     54263808
      423936          256          45.385    217055232    108527616
      423936          512          87.173    434110464    217055232
      423936         1024         169.076    868220928    434110464
      423936         2048         346.879   1736441856    868220928
      465920            1         356.337       931840       465920
      465920            2           5.651      1863680       931840
      465920            4           5.770      3727360      1863680
      465920            8           6.692      7454720      3727360
      465920           16           8.706     14909440      7454720
      465920           32           9.858     29818880     14909440
      465920           64          16.732     59637760     29818880
      465920          128          27.080    119275520     59637760
      465920          256          49.973    238551040    119275520
      465920          512          95.900    477102080    238551040
      465920         1024         186.830    954204160    477102080
      465920         2048         385.933   1908408320    954204160
      512000            1          27.040      1024000       512000
      512000            2           6.112      2048000      1024000
      512000            4           9.007      4096000      2048000
      512000            8          44.864      8192000      4096000
      512000           16           8.426     16384000      8192000
      512000           32         120.625     32768000     16384000
      512000           64          17.583     65536000     32768000
      512000          128          29.425    131072000     65536000
      512000          256          54.101    262144000    131072000
      512000          512         112.700    524288000    262144000
      512000         1024         203.351   1048576000    524288000
      512000         2048         400.369   2097152000   1048576000
      563200            1          25.909      1126400       563200
      563200            2           4.679      2252800      1126400
      563200            4           8.576      4505600      2252800
      563200            8           7.034      9011200      4505600
      563200           16           7.574     18022400      9011200
      563200           32          12.243     36044800     18022400
      563200           64          18.084     72089600     36044800
      563200          128          32.150    144179200     72089600
      563200          256          58.850    288358400    144179200
      563200          512         210.334    576716800    288358400
      563200         1024         227.305   1153433600    576716800
      563200         2048         460.552   2306867200   1153433600
      619520            1          21.440      1239040       619520
      619520            2           5.269      2478080      1239040
      619520            4          11.291      4956160      2478080
      619520            8           6.883      9912320      4956160
      619520           16           9.498     19824640      9912320
      619520           32          12.053     39649280     19824640
      619520           64          19.407     79298560     39649280
      619520          128          34.565    158597120     79298560
      619520          256          64.731    317194240    158597120
      619520          512         139.010    634388480    317194240
      619520         1024         250.549   1268776960    634388480
      619520         2048         489.085   2537553920   1268776960
      680960            1          31.008      1361920       680960
      680960            2           7.024      2723840      1361920
      680960            4           8.726      5447680      2723840
      680960            8           6.622     10895360      5447680
      680960           16          10.520     21790720     10895360
      680960           32          13.415     43581440     21790720
      680960           64          20.909     87162880     43581440
      680960          128          37.991    174325760     87162880
      680960          256          71.124    348651520    174325760
      680960          512         137.788    697303040    348651520
      680960         1024         367.968   1394606080    697303040
      748544            1          10.890      1497088       748544
      748544            2           4.969      2994176      1497088
      748544            4           8.926      5988352      2994176
      748544            8           7.013     11976704      5988352
      748544           16          11.030     23953408     11976704
      748544           32          13.846     47906816     23953408
      748544           64          24.536     95813632     47906816
      748544          128          41.448    191627264     95813632
      748544          256          77.455    383254528    191627264
      748544          512         394.909    766509056    383254528
      748544         1024         297.817   1533018112    766509056
      823296            1         428.212      1646592       823296
      823296            2           5.170      3293184      1646592
      823296            4           9.357      6586368      3293184
      823296            8           8.426     13172736      6586368
      823296           16           9.438     26345472     13172736
      823296           32          22.733     52690944     26345472
      823296           64          24.085    105381888     52690944
      823296          128          44.203    210763776    105381888
      823296          256          83.877    421527552    210763776
      823296          512        2633.548    843055104    421527552
      823296         1024         322.794   1686110208    843055104
      905216            1          13.455      1810432       905216
      905216            2           5.230      3620864      1810432
      905216            4           9.427      7241728      3620864
      905216            8           8.546     14483456      7241728
      905216           16          10.480     28966912     14483456
      905216           32          15.820     57933824     28966912
      905216           64          26.289    115867648     57933824
      905216          128          49.653    231735296    115867648
      905216          256          91.732    463470592    231735296
      905216          512         179.365    926941184    463470592
      905216         1024         490.358   1853882368    926941184
      995328            1          15.860      1990656       995328
      995328            2           6.813      3981312      1990656
      995328            4           8.566      7962624      3981312
      995328            8           9.558     15925248      7962624
      995328           16          10.450     31850496     15925248
      995328           32          16.802     63700992     31850496
      995328           64          28.924    127401984     63700992
      995328          128         108.293    254803968    127401984
      995328          256         100.087    509607936    254803968
      995328          512         196.848   1019215872    509607936
      995328         1024         394.158   2038431744   1019215872
     1094656            1          16.390      2189312      1094656
     1094656            2           7.033      4378624      2189312
     1094656            4           9.848      8757248      4378624
     1094656            8           8.616     17514496      8757248
     1094656           16          10.650     35028992     17514496
     1094656           32          17.443     70057984     35028992
     1094656           64          32.000    140115968     70057984
     1094656          128          57.949    280231936    140115968
     1094656          256         114.714    560463872    280231936
     1094656          512         217.798   1120927744    560463872
     1094656         1024         439.713   2241855488   1120927744
     1203200            1          16.190      2406400      1203200
     1203200            2           5.390      4812800      2406400
     1203200            4           9.718      9625600      4812800
     1203200            8           8.196     19251200      9625600
     1203200           16          15.099     38502400     19251200
     1203200           32          18.755     77004800     38502400
     1203200           64          78.747    154009600     77004800
     1203200          128          62.607    308019200    154009600
     1203200          256         121.337    616038400    308019200
     1203200          512         244.017   1232076800    616038400
     1203200         1024         478.436   2464153600   1232076800
     1323008            1          18.334      2646016      1323008
     1323008            2           5.330      5292032      2646016
     1323008            4          12.784     10584064      5292032
     1323008            8           8.516     21168128     10584064
     1323008           16          12.574     42336256     21168128
     1323008           32          21.249     84672512     42336256
     1323008           64          36.368    169345024     84672512
     1323008          128          68.989    338690048    169345024
     1323008          256         132.007    677380096    338690048
     1323008          512         290.744   1354760192    677380096
     1323008         1024         520.323   2709520384   1354760192
     1455104            1         965.487      2910208      1455104
     1455104            2           5.670      5820416      2910208
     1455104            4          10.630     11640832      5820416
     1455104            8           8.616     23281664     11640832
     1455104           16          15.028     46563328     23281664
     1455104           32          23.705     93126656     46563328
     1455104           64          39.874    186253312     93126656
     1455104          128         177.923    372506624    186253312
     1455104          256         150.422    745013248    372506624
     1455104          512         286.797   1490026496    745013248
     1600512            1          54.742      3201024      1600512
     1600512            2           5.851      6402048      3201024
     1600512            4          10.189     12804096      6402048
     1600512            8           9.157     25608192     12804096
     1600512           16          15.600     51216384     25608192
     1600512           32          23.874    102432768     51216384
     1600512           64          45.595    204865536    102432768
     1600512          128          82.234    409731072    204865536
     1600512          256         159.589    819462144    409731072
     1600512          512         350.827   1638924288    819462144
     1760256            1          17.363      3520512      1760256
     1760256            2           7.214      7041024      3520512
     1760256            4          11.211     14082048      7041024
     1760256            8          11.451     28164096     14082048
     1760256           16          15.168     56328192     28164096
     1760256           32          26.981    112656384     56328192
     1760256           64          47.108    225312768    112656384
     1760256          128          89.768    450625536    225312768
     1760256          256         314.729    901251072    450625536
     1760256          512         350.085   1802502144    901251072
     1935360            1          22.792      3870720      1935360
     1935360            2           5.730      7741440      3870720
     1935360            4          12.533     15482880      7741440
     1935360            8          10.410     30965760     15482880
     1935360           16          16.842     61931520     30965760
     1935360           32          30.738    123863040     61931520
     1935360           64          50.675    247726080    123863040
     1935360          128          99.275    495452160    247726080
     1935360          256         195.806    990904320    495452160
     1935360          512         386.033   1981808640    990904320
     2128896            1          17.693      4257792      2128896
     2128896            2           7.464      8515584      4257792
     2128896            4          11.371     17031168      8515584
     2128896            8          10.911     34062336     17031168
     2128896           16          19.286     68124672     34062336
     2128896           32          32.762    136249344     68124672
     2128896           64          58.600    272498688    136249344
     2128896          128         108.102    544997376    272498688
     2128896          256         212.207   1089994752    544997376
     2128896          512         436.798   2179989504   1089994752
     2340864            1          27.131      4681728      2340864
     2340864            2           6.933      9363456      4681728
     2340864            4          11.281     18726912      9363456
     2340864            8          13.245     37453824     18726912
     2340864           16          18.484     74907648     37453824
     2340864           32          55.313    149815296     74907648
     2340864           64          60.864    299630592    149815296
     2340864          128         117.631    599261184    299630592
     2340864          256         233.748   1198522368    599261184
     2340864          512         462.837   2397044736   1198522368
     2574336            1          28.864      5148672      2574336
     2574336            2           6.733     10297344      5148672
     2574336            4          15.639     20594688     10297344
     2574336            8          12.112     41189376     20594688
     2574336           16          21.159     82378752     41189376
     2574336           32          47.990    164757504     82378752
     2574336           64          67.006    329515008    164757504
     2574336          128         129.142    659030016    329515008
     2574336          256         267.901   1318060032    659030016
     2574336          512         507.280   2636120064   1318060032
     2831360            1          26.911      5662720      2831360
     2831360            2          35.046     11325440      5662720
     2831360            4          12.022     22650880     11325440
     2831360            8          13.014     45301760     22650880
     2831360           16          27.712     90603520     45301760
     2831360           32          38.392    181207040     90603520
     2831360           64          72.936    362414080    181207040
     2831360          128         140.873    724828160    362414080
     2831360          256         280.104   1449656320    724828160
     3113984            1          28.173      6227968      3113984
     3113984            2           8.516     12455936      6227968
     3113984            4          13.455     24911872     12455936
     3113984            8          13.956     49823744     24911872
     3113984           16          23.033     99647488     49823744
     3113984           32          41.558    199294976     99647488
     3113984           64          80.390    398589952    199294976
     3113984          128         154.980    797179904    398589952
     3113984          256         562.172   1594359808    797179904
     3425280            1          29.696      6850560      3425280
     3425280            2         260.707     13701120      6850560
     3425280            4          12.333     27402240     13701120
     3425280            8          14.798     54804480     27402240
     3425280           16          26.649    109608960     54804480
     3425280           32          47.819    219217920    109608960
     3425280           64          88.375    438435840    219217920
     3425280          128         174.236    876871680    438435840
     3425280          256         553.005   1753743360    876871680
     3767296            1          36.228      7534592      3767296
     3767296            2           8.877     15069184      7534592
     3767296            4          13.165     30138368     15069184
     3767296            8          15.880     60276736     30138368
     3767296           16          28.423    120553472     60276736
     3767296           32          49.302    241106944    120553472
     3767296           64          96.991    482213888    241106944
     3767296          128         512.108    964427776    482213888
     3767296          256         375.142   1928855552    964427776
     4143104            1          36.037      8286208      4143104
     4143104            2           7.373     16572416      8286208
     4143104            4          13.335     33144832     16572416
     4143104            8          16.521     66289664     33144832
     4143104           16          30.567    132579328     66289664
     4143104           32          54.102    265158656    132579328
     4143104           64         104.766    530317312    265158656
     4143104          128         205.134   1060634624    530317312
     4143104          256         672.749   2121269248   1060634624
     4556800            1          42.950      9113600      4556800
     4556800            2         104.386     18227200      9113600
     4556800            4          13.174     36454400     18227200
     4556800            8          17.953     72908800     36454400
     4556800           16          32.681    145817600     72908800
     4556800           32          58.850    291635200    145817600
     4556800           64         115.306    583270400    291635200
     4556800          128         228.528   1166540800    583270400
     4556800          256         745.816   2333081600   1166540800
     5012480            1          45.505     10024960      5012480
     5012480            2           7.815     20049920     10024960
     5012480            4          15.700     40099840     20049920
     5012480            8          19.557     80199680     40099840
     5012480           16          35.848    160399360     80199680
     5012480           32          65.293    320798720    160399360
     5012480           64         325.870    641597440    320798720
     5012480          128         250.940   1283194880    641597440
     5012480          256         765.603   2566389760   1283194880
     5513216            1          44.764     11026432      5513216
     5513216            2           8.186     22052864     11026432
     5513216            4          14.357     44105728     22052864
     5513216            8          31.189     88211456     44105728
     5513216           16          38.172    176422912     88211456
     5513216           32          70.512    352845824    176422912
     5513216           64         137.307    705691648    352845824
     5513216          128         275.295   1411383296    705691648
     6064128            1       11343.960     12128256      6064128
     6064128            2           9.227     24256512     12128256
     6064128            4          14.207     48513024     24256512
     6064128            8          22.933     97026048     48513024
     6064128           16          40.015    194052096     97026048
     6064128           32          83.867    388104192    194052096
     6064128           64         151.153    776208384    388104192
     6064128          128       14023.485   1552416768    776208384
     6670336            1          53.690     13340672      6670336
     6670336            2           9.407     26681344     13340672
     6670336            4          15.730     53362688     26681344
     6670336            8          23.403    106725376     53362688
     6670336           16          48.100    213450752    106725376
     6670336           32          84.528    426901504    213450752
     6670336           64         165.480    853803008    426901504
     6670336          128         347.481   1707606016    853803008
     7336960            1          61.064     14673920      7336960
     7336960            2          10.720     29347840     14673920
     7336960            4          17.132     58695680     29347840
     7336960            8          27.912    117391360     58695680
     7336960           16          48.550    234782720    117391360
     7336960           32          98.254    469565440    234782720
     7336960           64         313.016    939130880    469565440
     7336960          128         363.029   1878261760    939130880
     8070144            1          63.379     16140288      8070144
     8070144            2           9.928     32280576     16140288
     8070144            4          19.887     64561152     32280576
     8070144            8          29.665    129122304     64561152
     8070144           16          53.490    258244608    129122304
     8070144           32         101.089    516489216    258244608
     8070144           64         203.301   1032978432    516489216
     8070144          128         580.387   2065956864   1032978432
     8877056            1          74.570     17754112      8877056
     8877056            2          12.323     35508224     17754112
     8877056            4          19.046     71016448     35508224
     8877056            8          31.820    142032896     71016448
     8877056           16          56.947    284065792    142032896
     8877056           32         110.988    568131584    284065792
     8877056           64         223.198   1136263168    568131584
     8877056          128         456.204   2272526336   1136263168
     9763840            1          77.595     19527680      9763840
     9763840            2          10.861     39055360     19527680
     9763840            4          23.875     78110720     39055360
     9763840            8          32.891    156221440     78110720
     9763840           16          63.379    312442880    156221440
     9763840           32         121.127    624885760    312442880
     9763840           64       27422.431   1249771520    624885760
     9763840          128         476.802   2499543040   1249771520
    10739712            1          84.829     21479424     10739712
    10739712            2          14.036     42958848     21479424
    10739712            4          20.749     85917696     42958848
    10739712            8          37.290    171835392     85917696
    10739712           16          68.017    343670784    171835392
    10739712           32         133.900    687341568    343670784
    10739712           64         267.641   1374683136    687341568
    11812864            1          87.154     23625728     11812864
    11812864            2          13.545     47251456     23625728
    11812864            4          23.023     94502912     47251456
    11812864            8          41.568    189005824     94502912
    11812864           16          74.460    378011648    189005824
    11812864           32         151.113    756023296    378011648
    11812864           64         306.494   1512046592    756023296
    12993536            1         106.449     25987072     12993536
    12993536            2          13.355     51974144     25987072
    12993536            4          26.139    103948288     51974144
    12993536            8          44.032    207896576    103948288
    12993536           16          81.884    415793152    207896576
    12993536           32         804.145    831586304    415793152
    12993536           64         326.170   1663172608    831586304
    14291968            1         115.687     28583936     14291968
    14291968            2          14.056     57167872     28583936
    14291968            4          27.401    114335744     57167872
    14291968            8          47.198    228671488    114335744
    14291968           16          94.316    457342976    228671488
    14291968           32         201.667    914685952    457342976
    14291968           64         349.514   1829371904    914685952
    15720448            1         117.540     31440896     15720448
    15720448            2          14.637     62881792     31440896
    15720448            4          28.333    125763584     62881792
    15720448            8         102.462    251527168    125763584
    15720448           16         103.434    503054336    251527168
    15720448           32         197.039   1006108672    503054336
    15720448           64         382.907   2012217344   1006108672
    17292288            1       17210.629     34584576     17292288
    17292288            2          18.234     69169152     34584576
    17292288            4          31.659    138338304     69169152
    17292288            8          56.235    276676608    138338304
    17292288           16         107.351    553353216    276676608
    17292288           32         212.037   1106706432    553353216
    17292288           64         442.198   2213412864   1106706432
    19020800            1         174.196     38041600     19020800
    19020800            2          17.142     76083200     38041600
    19020800            4          35.206    152166400     76083200
    19020800            8          60.182    304332800    152166400
    19020800           16         122.689    608665600    304332800
    19020800           32         379.080   1217331200    608665600
    19020800           64         463.568   2434662400   1217331200
    20922368            1         158.176     41844736     20922368
    20922368            2          17.964     83689472     41844736
    20922368            4          35.416    167378944     83689472
    20922368            8          65.332    334757888    167378944
    20922368           16         128.961    669515776    334757888
    20922368           32         254.827   1339031552    669515776
    20922368           64         675.284   2678063104   1339031552
    23014400            1         187.451     46028800     23014400
    23014400            2          20.178     92057600     46028800
    23014400            4          41.076    184115200     92057600
    23014400            8          71.914    368230400    184115200
    23014400           16         141.545    736460800    368230400
    23014400           32         281.416   1472921600    736460800
    25315328            1         182.792     50630656     25315328
    25315328            2          20.990    101261312     50630656
    25315328            4          42.149    202522624    101261312
    25315328            8          79.809    405045248    202522624
    25315328           16         154.840    810090496    405045248
    25315328           32         309.900   1620180992    810090496
    27846656            1         202.960     55693312     27846656
    27846656            2          24.505    111386624     55693312
    27846656            4          45.074    222773248    111386624
    27846656            8          85.169    445546496    222773248
    27846656           16         174.617    891092992    445546496
    27846656           32         338.243   1782185984    891092992
    30630912            1         256.019     61261824     30630912
    30630912            2          24.796    122523648     61261824
    30630912            4          50.154    245047296    122523648
    30630912            8          93.395    490094592    245047296
    30630912           16         186.139    980189184    490094592
    30630912           32         506.247   1960378368    980189184
    33693696            1         243.867     67387392     33693696
    33693696            2          29.666    134774784     67387392
    33693696            4          53.340    269549568    134774784
    33693696            8         103.925    539099136    269549568
    33693696           16         265.116   1078198272    539099136
    33693696           32         412.973   2156396544   1078198272
    37062656            1         291.236     74125312     37062656
    37062656            2          33.754    148250624     74125312
    37062656            4          59.241    296501248    148250624
    37062656            8         112.490    593002496    296501248
    37062656           16         225.932   1186004992    593002496
    37062656           32         483.234   2372009984   1186004992
    40768512            1         323.977     81537024     40768512
    40768512            2          37.209    163074048     81537024
    40768512            4          77.385    326148096    163074048
    40768512            8         127.949    652296192    326148096
    40768512           16         251.871   1304592384    652296192
    40768512           32         494.165   2609184768   1304592384
    44845056            1         319.778     89690112     44845056
    44845056            2          44.713    179380224     89690112
    44845056            4          70.232    358760448    179380224
    44845056            8         135.844    717520896    358760448
    44845056           16         278.511   1435041792    717520896
    49329152            1         345.216     98658304     49329152
    49329152            2          51.978    197316608     98658304
    49329152            4          74.820    394633216    197316608
    49329152            8         150.221    789266432    394633216
    49329152           16         306.314   1578532864    789266432
    54261760            1         396.992    108523520     54261760
    54261760            2          62.347    217047040    108523520
    54261760            4         100.969    434094080    217047040
    54261760            8         168.406    868188160    434094080
    54261760           16         331.059   1736376320    868188160
    59687936            1         437.839    119375872     59687936
    59687936            2          81.633    238751744    119375872
    59687936            4          91.241    477503488    238751744
    59687936            8         182.793    955006976    477503488
    59687936           16         397.744   1910013952    955006976
    65655808            1         472.344    131311616     65655808
    65655808            2          88.065    262623232    131311616
    65655808            4         100.298    525246464    262623232
    65655808            8         196.888   1050492928    525246464
    65655808           16         532.146   2100985856   1050492928
    72220672            1         504.975    144441344     72220672
    72220672            2         111.499    288882688    144441344
    72220672            4         115.756    577765376    288882688
    72220672            8         225.883   1155530752    577765376
    72220672           16         442.798   2311061504   1155530752
    79441920            1         569.426    158883840     79441920
    79441920            2         130.695    317767680    158883840
    79441920            4         136.405    635535360    317767680
    79441920            8         254.156   1271070720    635535360
    79441920           16         502.711   2542141440   1271070720
    87386112            1         633.035    174772224     87386112
    87386112            2         152.225    349544448    174772224
    87386112            4         161.943    699088896    349544448
    87386112            8         290.513   1398177792    699088896
    96123904            1         919.270    192247808     96123904
    96123904            2         183.994    384495616    192247808
    96123904            4         193.091    768991232    384495616
    96123904            8         329.577   1537982464    768991232
   105736192            1         775.681    211472384    105736192
   105736192            2         207.538    422944768    211472384
   105736192            4         228.738    845889536    422944768
   105736192            8         369.081   1691779072    845889536
   116308992            1         847.336    232617984    116308992
   116308992            2         231.253    465235968    232617984
   116308992            4         244.998    930471936    465235968
   116308992            8         418.223   1860943872    930471936
   127939584            1         927.105    255879168    127939584
   127939584            2         250.909    511758336    255879168
   127939584            4         299.180   1023516672    511758336
   127939584            8         459.130   2047033344   1023516672
   140733440            1         989.562    281466880    140733440
   140733440            2         658.843    562933760    281466880
   140733440            4         304.610   1125867520    562933760
   140733440            8         700.341   2251735040   1125867520
   154806272            1        1152.687    309612544    154806272
   154806272            2         294.411    619225088    309612544
   154806272            4         341.339   1238450176    619225088
   154806272            8         783.547   2476900352   1238450176
   170286080            1       28837.118    340572160    170286080
   170286080            2         380.743    681144320    340572160
   170286080            4         381.985   1362288640    681144320
   187314176            1        1295.034    374628352    187314176
   187314176            2         399.748    749256704    374628352
   187314176            4         396.522   1498513408    749256704
   206045184            1        1443.601    412090368    206045184
   206045184            2         366.776    824180736    412090368
   206045184            4         438.330   1648361472    824180736
   226649088            1        1665.638    453298176    226649088
   226649088            2         387.826    906596352    453298176
   226649088            4         477.544   1813192704    906596352
   249313280            1        1756.116    498626560    249313280
   249313280            2       19650.446    997253120    498626560
   249313280            4         877.813   1994506240    997253120
   274244608            1        1979.415    548489216    274244608
   274244608            2         445.504   1096978432    548489216
   274244608            4         615.102   2193956864   1096978432
   301668352            1        2256.413    603336704    301668352
   301668352            2         492.902   1206673408    603336704
   301668352            4         694.841   2413346816   1206673408
   331834368            1        2484.730    663668736    331834368
   331834368            2         509.624   1327337472    663668736
   331834368            4         737.420   2654674944   1327337472
   365017088            1        2746.410    730034176    365017088
   365017088            2         605.564   1460068352    730034176
   401518592            1        2957.575    803037184    401518592
   401518592            2        1044.665   1606074368    803037184
   441669632            1        3195.831    883339264    441669632
   441669632            2         836.205   1766678528    883339264
   485835776            1        3552.449    971671552    485835776
   485835776            2        1143.520   1943343104    971671552
   534418432            1        3864.713   1068836864    534418432
   534418432            2        1653.845   2137673728   1068836864
   587859968            1        4235.486   1175719936    587859968
   587859968            2        2985.217   2351439872   1175719936
   646645760            1        4665.382   1293291520    646645760
   646645760            2        5300.030   2586583040   1293291520
   711310336            1        4968.428   1422620672    711310336
   782440448            1        5474.827   1564880896    782440448
   860684288            1        7897.640   1721368576    860684288
   946752512            1        6700.459   1893505024    946752512
  1041427456            1        7225.352   2082854912   1041427456
  1145569280            1        7919.962   2291138560   1145569280
  1260126208            1        8848.190   2520252416   1260126208

META_DATA
FLOPS          8
MPI_PROCS      128
ERT_VERSION  1.1.0
HOSTNAME  ('tcn215.local.snellius.surf.nl', [], ['172.18.56.225'])
UNAME  uname_result(system='Linux', node='tcn215.local.snellius.surf.nl', release='4.18.0-372.80.1.el8_6.x86_64', version='#1 SMP Fri Nov 3 14:30:16 EDT 2023', machine='x86_64', processor='x86_64')
TIMESTAMP_DATA  1707390846.2487905
CONFIG  {'ERT_RESULTS': ['Results.snellius.01'], 'ERT_DRIVER': ['driver1'], 'ERT_KERNEL': ['kernel1'], 'ERT_MPI': ['True'], 'ERT_MPI_CFLAGS': [], 'ERT_MPI_LDFLAGS': [], 'ERT_OPENMP': ['False'], 'ERT_OPENMP_CFLAGS': ['-fopenmp'], 'ERT_OPENMP_LDFLAGS': ['-fopenmp'], 'ERT_FLOPS': ['1,2,4,8'], 'ERT_ALIGN': ['32'], 'ERT_CC': ['mpic++'], 'ERT_CFLAGS': ['-Ofast', '-fargument-noalias', '-mavx2'], 'ERT_LD': ['mpic++'], 'ERT_LDFLAGS': [], 'ERT_LDLIBS': [], 'ERT_RUN': ['export', 'OMP_NUM_THREADS=ERT_OPENMP_THREADS;', 'mpirun', '-np', 'ERT_MPI_PROCS', 'ERT_CODE'], 'ERT_PROCS_THREADS': ['32,64,128'], 'ERT_MPI_PROCS': ['32,64,128'], 'ERT_OPENMP_THREADS': [], 'ERT_NUM_EXPERIMENTS': ['5'], 'ERT_MEMORY_MAX': ['1357905920'], 'ERT_WORKING_SET_MIN': ['1'], 'ERT_TRIALS_MIN': ['1'], 'ERT_GNUPLOT': ['gnuplot'], 'ERT_GPU': [False], 'ERT_HIP': [False], 'ERT_PRECISION': ['FP64'], 'ERT_OCL': [False], 'ERT_SYCL': [False], 'ERT_WSS_MULT': [1.1]}
