fp64
        1024            1        1202.009         2048         1024
        1024            2           4.529         4096         2048
        1024            4          13.696         8192         4096
        1024            8           5.050        16384         8192
        1024           16           6.542        32768        16384
        1024           32           4.699        65536        32768
        1024           64           5.420       131072        65536
        1024          128           5.270       262144       131072
        1024          256           6.512       524288       262144
        1024          512          11.251      1048576       524288
        1024         1024          13.815      2097152      1048576
        1024         2048          26.951      4194304      2097152
        1024         4096          42.920      8388608      4194304
        1024         8192          85.621     16777216      8388608
        1024        16384         162.043     33554432     16777216
        1024        32768         317.063     67108864     33554432
        1024        65536         639.908    134217728     67108864
        1024       131072        1272.922    268435456    134217728
        1024       262144        2647.144    536870912    268435456
        1024       524288        5574.422   1073741824    536870912
        1024      1048576       10552.629   2147483648   1073741824
        2048            1          12.744         4096         2048
        2048            2           5.050         8192         4096
        2048            4           3.787        16384         8192
        2048            8           4.980        32768        16384
        2048           16           5.009        65536        32768
        2048           32           4.879       131072        65536
        2048           64           7.044       262144       131072
        2048          128           4.919       524288       262144
        2048          256           6.733      1048576       524288
        2048          512           8.846      2097152      1048576
        2048         1024          18.274      4194304      2097152
        2048         2048          22.102      8388608      4194304
        2048         4096          41.117     16777216      8388608
        2048         8192          79.148     33554432     16777216
        2048        16384         152.456     67108864     33554432
        2048        32768         302.516    134217728     67108864
        2048        65536         869.167    268435456    134217728
        2048       131072        1214.182    536870912    268435456
        2048       262144        3011.125   1073741824    536870912
        2048       524288        4822.846   2147483648   1073741824
        3072            1           9.047         6144         3072
        3072            2           4.529        12288         6144
        3072            4           5.100        24576        12288
        3072            8           4.899        49152        24576
        3072           16           5.881        98304        49152
        3072           32           6.062       196608        98304
        3072           64           5.009       393216       196608
        3072          128           5.620       786432       393216
        3072          256           6.422      1572864       786432
        3072          512          10.550      3145728      1572864
        3072         1024          14.017      6291456      3145728
        3072         2048          24.366     12582912      6291456
        3072         4096          48.641     25165824     12582912
        3072         8192          86.622     50331648     25165824
        3072        16384         160.120    100663296     50331648
        3072        32768         348.252    201326592    100663296
        3072        65536         631.472    402653184    201326592
        3072       131072        1505.628    805306368    402653184
        3072       262144        2516.008   1610612736    805306368
        4096            1           7.384         8192         4096
        4096            2           5.019        16384         8192
        4096            4           4.669        32768        16384
        4096            8           5.841        65536        32768
        4096           16           6.082       131072        65536
        4096           32           4.769       262144       131072
        4096           64           5.451       524288       262144
        4096          128           5.761      1048576       524288
        4096          256           7.423      2097152      1048576
        4096          512           9.327      4194304      2097152
        4096         1024          14.758      8388608      4194304
        4096         2048          26.830     16777216      8388608
        4096         4096          46.397     33554432     16777216
        4096         8192          82.965     67108864     33554432
        4096        16384         159.759    134217728     67108864
        4096        32768         323.075    268435456    134217728
        4096        65536         631.462    536870912    268435456
        4096       131072        1262.173   1073741824    536870912
        4096       262144        3071.438   2147483648   1073741824
        5120            1          10.870        10240         5120
        5120            2           6.212        20480        10240
        5120            4           4.559        40960        20480
        5120            8           7.224        81920        40960
        5120           16           4.549       163840        81920
        5120           32           5.780       327680       163840
        5120           64           5.089       655360       327680
        5120          128           5.571      1310720       655360
        5120          256           6.682      2621440      1310720
        5120          512           9.238      5242880      2621440
        5120         1024          14.627     10485760      5242880
        5120         2048          23.574     20971520     10485760
        5120         4096          44.594     41943040     20971520
        5120         8192         100.498     83886080     41943040
        5120        16384         159.679    167772160     83886080
        5120        32768         318.856    335544320    167772160
        5120        65536         637.192    671088640    335544320
        5120       131072        1277.391   1342177280    671088640
        5120       262144        2722.064   2684354560   1342177280
        6144            1          13.204        12288         6144
        6144            2           4.378        24576        12288
        6144            4           8.616        49152        24576
        6144            8           4.869        98304        49152
        6144           16           5.501       196608        98304
        6144           32           5.039       393216       196608
        6144           64           4.969       786432       393216
        6144          128           7.714      1572864       786432
        6144          256           6.873      3145728      1572864
        6144          512          11.331      6291456      3145728
        6144         1024          14.537     12582912      6291456
        6144         2048          24.536     25165824     12582912
        6144         4096          43.311     50331648     25165824
        6144         8192          81.733    100663296     50331648
        6144        16384         462.135    201326592    100663296
        6144        32768         318.025    402653184    201326592
        6144        65536         628.747    805306368    402653184
        6144       131072        1253.506   1610612736    805306368
        7168            1          15.369        14336         7168
        7168            2           4.599        28672        14336
        7168            4           4.989        57344        28672
        7168            8           5.310       114688        57344
        7168           16           5.040       229376       114688
        7168           32           5.190       458752       229376
        7168           64           5.280       917504       458752
        7168          128           7.444      1835008       917504
        7168          256           6.762      3670016      1835008
        7168          512           9.217      7340032      3670016
        7168         1024          14.287     14680064      7340032
        7168         2048          23.755     29360128     14680064
        7168         4096          43.361     58720256     29360128
        7168         8192          82.504    117440512     58720256
        7168        16384         165.260    234881024    117440512
        7168        32768         320.500    469762048    234881024
        7168        65536         638.695    939524096    469762048
        7168       131072        1264.386   1879048192    939524096
        8192            1          29.205        16384         8192
        8192            2           4.318        32768        16384
        8192            4           5.300        65536        32768
        8192            8           5.931       131072        65536
        8192           16           5.791       262144       131072
        8192           32           6.612       524288       262144
        8192           64           4.889      1048576       524288
        8192          128           5.931      2097152      1048576
        8192          256           7.604      4194304      2097152
        8192          512           9.538      8388608      4194304
        8192         1024          14.897     16777216      8388608
        8192         2048          24.175     33554432     16777216
        8192         4096          46.688     67108864     33554432
        8192         8192          83.647    134217728     67108864
        8192        16384         159.729    268435456    134217728
        8192        32768         322.093    536870912    268435456
        8192        65536         628.656   1073741824    536870912
        8192       131072        1285.546   2147483648   1073741824
        9216            1          29.265        18432         9216
        9216            2           6.041        36864        18432
        9216            4           4.549        73728        36864
        9216            8           7.373       147456        73728
        9216           16           5.751       294912       147456
        9216           32           4.659       589824       294912
        9216           64           5.420      1179648       589824
        9216          128           5.430      2359296      1179648
        9216          256           7.985      4718592      2359296
        9216          512           9.207      9437184      4718592
        9216         1024          15.239     18874368      9437184
        9216         2048          23.564     37748736     18874368
        9216         4096          44.333     75497472     37748736
        9216         8192         102.091    150994944     75497472
        9216        16384         162.033    301989888    150994944
        9216        32768         319.959    603979776    301989888
        9216        65536         644.236   1207959552    603979776
        9216       131072        1261.771   2415919104   1207959552
       10240            1          10.741        20480        10240
       10240            2          31.749        40960        20480
       10240            4           4.589        81920        40960
       10240            8           6.181       163840        81920
       10240           16           6.182       327680       163840
       10240           32           4.739       655360       327680
       10240           64           5.290      1310720       655360
       10240          128           5.591      2621440      1310720
       10240          256           7.795      5242880      2621440
       10240          512           9.308     10485760      5242880
       10240         1024          14.538     20971520     10485760
       10240         2048          23.975     41943040     20971520
       10240         4096          43.612     83886080     41943040
       10240         8192          81.723    167772160     83886080
       10240        16384         164.318    335544320    167772160
       10240        32768         314.819    671088640    335544320
       10240        65536         639.987   1342177280    671088640
       10240       131072        1252.664   2684354560   1342177280
       11264            1          30.236        22528        11264
       11264            2           5.110        45056        22528
       11264            4           6.252        90112        45056
       11264            8           4.929       180224        90112
       11264           16           5.661       360448       180224
       11264           32           4.789       720896       360448
       11264           64           6.422      1441792       720896
       11264          128           5.570      2883584      1441792
       11264          256           8.075      5767168      2883584
       11264          512           9.217     11534336      5767168
       11264         1024          14.187     23068672     11534336
       11264         2048          24.065     46137344     23068672
       11264         4096          43.602     92274688     46137344
       11264         8192          86.292    184549376     92274688
       11264        16384         162.184    369098752    184549376
       11264        32768         339.635    738197504    369098752
       11264        65536         641.240   1476395008    738197504
       12288            1          12.683        24576        12288
       12288            2           5.620        49152        24576
       12288            4           5.630        98304        49152
       12288            8           5.460       196608        98304
       12288           16           4.870       393216       196608
       12288           32           7.674       786432       393216
       12288           64           5.020      1572864       786432
       12288          128           6.933      3145728      1572864
       12288          256           6.903      6291456      3145728
       12288          512           9.417     12582912      6291456
       12288         1024          14.557     25165824     12582912
       12288         2048          23.745     50331648     25165824
       12288         4096          44.203    100663296     50331648
       12288         8192          82.554    201326592    100663296
       12288        16384         160.230    402653184    201326592
       12288        32768         329.737    805306368    402653184
       12288        65536         628.887   1610612736    805306368
       13312            1          22.161        26624        13312
       13312            2           4.508        53248        26624
       13312            4           5.410       106496        53248
       13312            8           5.099       212992       106496
       13312           16           6.192       425984       212992
       13312           32           4.889       851968       425984
       13312           64           6.362      1703936       851968
       13312          128           5.871      3407872      1703936
       13312          256           7.113      6815744      3407872
       13312          512           9.447     13631488      6815744
       13312         1024          32.260     27262976     13631488
       13312         2048          24.576     54525952     27262976
       13312         4096          44.012    109051904     54525952
       13312         8192          83.947    218103808    109051904
       13312        16384         163.025    436207616    218103808
       13312        32768         325.429    872415232    436207616
       13312        65536         642.623   1744830464    872415232
       14336            1          23.414        28672        14336
       14336            2           5.100        57344        28672
       14336            4           4.718       114688        57344
       14336            8           7.013       229376       114688
       14336           16           5.210       458752       229376
       14336           32           5.731       917504       458752
       14336           64          10.230      1835008       917504
       14336          128           5.871      3670016      1835008
       14336          256           6.833      7340032      3670016
       14336          512         114.334     14680064      7340032
       14336         1024          15.779     29360128     14680064
       14336         2048          24.075     58720256     29360128
       14336         4096          44.834    117440512     58720256
       14336         8192          81.603    234881024    117440512
       14336        16384         160.029    469762048    234881024
       14336        32768         317.825    939524096    469762048
       14336        65536         635.349   1879048192    939524096
       15360            1          10.059        30720        15360
       15360            2           4.609        61440        30720
       15360            4           6.963       122880        61440
       15360            8           4.979       245760       122880
       15360           16           6.973       491520       245760
       15360           32           3.887       983040       491520
       15360           64           5.370      1966080       983040
       15360          128           6.783      3932160      1966080
       15360          256           6.923      7864320      3932160
       15360          512           9.959     15728640      7864320
       15360         1024          14.477     31457280     15728640
       15360         2048          25.027     62914560     31457280
       15360         4096          44.002    125829120     62914560
       15360         8192          84.528    251658240    125829120
       15360        16384         164.218    503316480    251658240
       15360        32768         322.774   1006632960    503316480
       15360        65536         645.818   2013265920   1006632960
       16384            1           4.609        32768        16384
       16384            2           6.001        65536        32768
       16384            4           4.779       131072        65536
       16384            8           7.343       262144       131072
       16384           16           4.919       524288       262144
       16384           32           5.099      1048576       524288
       16384           64           6.032      2097152      1048576
       16384          128           5.710      4194304      2097152
       16384          256           8.076      8388608      4194304
       16384          512          35.506     16777216      8388608
       16384         1024          15.338     33554432     16777216
       16384         2048          23.384     67108864     33554432
       16384         4096          43.993    134217728     67108864
       16384         8192          84.669    268435456    134217728
       16384        16384         173.614    536870912    268435456
       16384        32768         318.375   1073741824    536870912
       16384        65536         674.282   2147483648   1073741824
       17408            1          32.621        34816        17408
       17408            2           4.969        69632        34816
       17408            4           7.665       139264        69632
       17408            8           6.482       278528       139264
       17408           16           5.170       557056       278528
       17408           32           4.759      1114112       557056
       17408           64           5.120      2228224      1114112
       17408          128           7.143      4456448      2228224
       17408          256           7.133      8912896      4456448
       17408          512          10.821     17825792      8912896
       17408         1024          14.006     35651584     17825792
       17408         2048          24.616     71303168     35651584
       17408         4096          44.413    142606336     71303168
       17408         8192          85.179    285212672    142606336
       17408        16384         177.833    570425344    285212672
       17408        32768         323.906   1140850688    570425344
       17408        65536         671.747   2281701376   1140850688
       18432            1           5.971        36864        18432
       18432            2           7.153        73728        36864
       18432            4           5.059       147456        73728
       18432            8           6.362       294912       147456
       18432           16           4.930       589824       294912
       18432           32           5.530      1179648       589824
       18432           64           5.791      2359296      1179648
       18432          128           5.931      4718592      2359296
       18432          256           9.167      9437184      4718592
       18432          512           9.097     18874368      9437184
       18432         1024          14.828     37748736     18874368
       18432         2048          24.035     75497472     37748736
       18432         4096          44.163    150994944     75497472
       18432         8192          83.095    301989888    150994944
       18432        16384         191.087    603979776    301989888
       18432        32768         320.680   1207959552    603979776
       18432        65536         668.691   2415919104   1207959552
       19456            1          31.369        38912        19456
       19456            2           4.979        77824        38912
       19456            4           4.819       155648        77824
       19456            8           4.629       311296       155648
       19456           16           4.769       622592       311296
       19456           32           5.450      1245184       622592
       19456           64           5.120      2490368      1245184
       19456          128           7.353      4980736      2490368
       19456          256           6.923      9961472      4980736
       19456          512           9.669     19922944      9961472
       19456         1024          14.387     39845888     19922944
       19456         2048          36.779     79691776     39845888
       19456         4096          45.836    159383552     79691776
       19456         8192          85.560    318767104    159383552
       19456        16384         171.250    637534208    318767104
       19456        32768         332.783   1275068416    637534208
       19456        65536         679.472   2550136832   1275068416
       20480            1           7.794        40960        20480
       20480            2           5.300        81920        40960
       20480            4           5.130       163840        81920
       20480            8           4.899       327680       163840
       20480           16           7.423       655360       327680
       20480           32           4.729      1310720       655360
       20480           64           6.693      2621440      1310720
       20480          128           6.312      5242880      2621440
       20480          256           8.005     10485760      5242880
       20480          512          10.099     20971520     10485760
       20480         1024          16.080     41943040     20971520
       20480         2048          48.451     83886080     41943040
       20480         4096          43.602    167772160     83886080
       20480         8192          86.552    335544320    167772160
       20480        16384         165.129    671088640    335544320
       20480        32768         323.085   1342177280    671088640
       20480        65536         647.101   2684354560   1342177280
       22528            1          44.132        45056        22528
       22528            2           4.729        90112        45056
       22528            4           7.344       180224        90112
       22528            8           7.975       360448       180224
       22528           16           5.230       720896       360448
       22528           32           5.600      1441792       720896
       22528           64           5.180      2883584      1441792
       22528          128           6.422      5767168      2883584
       22528          256           7.655     11534336      5767168
       22528          512           9.848     23068672     11534336
       22528         1024          14.537     46137344     23068672
       22528         2048          24.146     92274688     46137344
       22528         4096          45.906    184549376     92274688
       22528         8192          83.887    369098752    184549376
       22528        16384         164.458    738197504    369098752
       22528        32768         323.505   1476395008    738197504
       24576            1          13.575        49152        24576
       24576            2           5.570        98304        49152
       24576            4           5.230       196608        98304
       24576            8           5.771       393216       196608
       24576           16           5.049       786432       393216
       24576           32           7.384      1572864       786432
       24576           64           4.849      3145728      1572864
       24576          128           6.162      6291456      3145728
       24576          256           7.915     12582912      6291456
       24576          512           9.959     25165824     12582912
       24576         1024          15.159     50331648     25165824
       24576         2048          24.045    100663296     50331648
       24576         4096          44.934    201326592    100663296
       24576         8192          84.568    402653184    201326592
       24576        16384         166.071    805306368    402653184
       24576        32768         332.662   1610612736    805306368
       26624            1          11.952        53248        26624
       26624            2           5.300       106496        53248
       26624            4           8.476       212992       106496
       26624            8           7.474       425984       212992
       26624           16           5.330       851968       425984
       26624           32           6.923      1703936       851968
       26624           64           5.029      3407872      1703936
       26624          128           6.081      6815744      3407872
       26624          256           7.815     13631488      6815744
       26624          512          10.239     27262976     13631488
       26624         1024          15.559     54525952     27262976
       26624         2048          26.720    109051904     54525952
       26624         4096          50.966    218103808    109051904
       26624         8192         113.843    436207616    218103808
       26624        16384         184.625    872415232    436207616
       26624        32768         360.926   1744830464    872415232
       28672            1          12.764        57344        28672
       28672            2           5.350       114688        57344
       28672            4           4.839       229376       114688
       28672            8           5.791       458752       229376
       28672           16           5.160       917504       458752
       28672           32           5.731      1835008       917504
       28672           64           4.829      3670016      1835008
       28672          128           5.861      7340032      3670016
       28672          256           7.574     14680064      7340032
       28672          512           9.868     29360128     14680064
       28672         1024          16.541     58720256     29360128
       28672         2048          26.710    117440512     58720256
       28672         4096          49.874    234881024    117440512
       28672         8192          93.826    469762048    234881024
       28672        16384         184.245    939524096    469762048
       28672        32768         370.213   1879048192    939524096
       30720            1           7.063        61440        30720
       30720            2           5.210       122880        61440
       30720            4           7.184       245760       122880
       30720            8           6.533       491520       245760
       30720           16           4.959       983040       491520
       30720           32           6.522      1966080       983040
       30720           64           5.500      3932160      1966080
       30720          128           7.775      7864320      3932160
       30720          256           8.085     15728640      7864320
       30720          512          11.031     31457280     15728640
       30720         1024          17.653     62914560     31457280
       30720         2048          31.950    125829120     62914560
       30720         4096          61.395    251658240    125829120
       30720         8192         106.309    503316480    251658240
       30720        16384         224.530   1006632960    503316480
       30720        32768         411.621   2013265920   1006632960
       33792            1           5.400        67584        33792
       33792            2           6.753       135168        67584
       33792            4           4.979       270336       135168
       33792            8           6.723       540672       270336
       33792           16           4.809      1081344       540672
       33792           32           5.971      2162688      1081344
       33792           64           5.230      4325376      2162688
       33792          128           6.192      8650752      4325376
       33792          256           9.408     17301504      8650752
       33792          512          11.792     34603008     17301504
       33792         1024          19.136     69206016     34603008
       33792         2048          33.523    138412032     69206016
       33792         4096          64.059    276824064    138412032
       33792         8192         125.936    553648128    276824064
       33792        16384         238.636   1107296256    553648128
       33792        32768         481.781   2214592512   1107296256
       36864            1          11.752        73728        36864
       36864            2           4.990       147456        73728
       36864            4           4.940       294912       147456
       36864            8           7.875       589824       294912
       36864           16           4.488      1179648       589824
       36864           32           7.153      2359296      1179648
       36864           64           5.771      4718592      2359296
       36864          128           8.876      9437184      4718592
       36864          256           8.666     18874368      9437184
       36864          512          13.345     37748736     18874368
       36864         1024          19.226     75497472     37748736
       36864         2048          32.791    150994944     75497472
       36864         4096          63.539    301989888    150994944
       36864         8192         141.175    603979776    301989888
       36864        16384         234.689   1207959552    603979776
       36864        32768         462.897   2415919104   1207959552
       39936            1          22.983        79872        39936
       39936            2           6.111       159744        79872
       39936            4           8.846       319488       159744
       39936            8           7.995       638976       319488
       39936           16           5.109      1277952       638976
       39936           32           6.682      2555904      1277952
       39936           64           5.360      5111808      2555904
       39936          128           6.843     10223616      5111808
       39936          256           9.448     20447232     10223616
       39936          512          13.455     40894464     20447232
       39936         1024          25.208     81788928     40894464
       39936         2048          40.696    163577856     81788928
       39936         4096          76.343    327155712    163577856
       39936         8192         166.361    654311424    327155712
       39936        16384         295.994   1308622848    654311424
       39936        32768         578.653   2617245696   1308622848
       43008            1          19.396        86016        43008
       43008            2           4.970       172032        86016
       43008            4           5.180       344064       172032
       43008            8           5.710       688128       344064
       43008           16           4.809      1376256       688128
       43008           32           6.572      2752512      1376256
       43008           64           5.491      5505024      2752512
       43008          128           6.923     11010048      5505024
       43008          256           9.708     22020096     11010048
       43008          512          13.515     44040192     22020096
       43008         1024          23.323     88080384     44040192
       43008         2048          39.094    176160768     88080384
       43008         4096          78.747    352321536    176160768
       43008         8192         166.692    704643072    352321536
       43008        16384         288.280   1409286144    704643072
       47104            1          11.211        94208        47104
       47104            2           5.169       188416        94208
       47104            4           3.937       376832       188416
       47104            8           6.131       753664       376832
       47104           16           6.171      1507328       753664
       47104           32           5.240      3014656      1507328
       47104           64           8.015      6029312      3014656
       47104          128           6.452     12058624      6029312
       47104          256          10.389     24117248     12058624
       47104          512          14.367     48234496     24117248
       47104         1024          23.925     96468992     48234496
       47104         2048          72.896    192937984     96468992
       47104         4096          85.490    385875968    192937984
       47104         8192         157.805    771751936    385875968
       47104        16384         314.258   1543503872    771751936
       51200            1          13.285       102400        51200
       51200            2           4.819       204800       102400
       51200            4           6.141       409600       204800
       51200            8           5.801       819200       409600
       51200           16           4.919      1638400       819200
       51200           32           6.482      3276800      1638400
       51200           64           5.891      6553600      3276800
       51200          128           8.456     13107200      6553600
       51200          256           9.477     26214400     13107200
       51200          512          15.710     52428800     26214400
       51200         1024          25.527    104857600     52428800
       51200         2048          45.685    209715200    104857600
       51200         4096          87.484    419430400    209715200
       51200         8192         169.698    838860800    419430400
       51200        16384         338.313   1677721600    838860800
       56320            1           5.080       112640        56320
       56320            2           5.580       225280       112640
       56320            4           4.809       450560       225280
       56320            8           5.370       901120       450560
       56320           16           6.031      1802240       901120
       56320           32           5.160      3604480      1802240
       56320           64           7.934      7208960      3604480
       56320          128           7.384     14417920      7208960
       56320          256          11.953     28835840     14417920
       56320          512          15.980     57671680     28835840
       56320         1024          28.433    115343360     57671680
       56320         2048          57.177    230686720    115343360
       56320         4096         115.917    461373440    230686720
       56320         8192         201.447    922746880    461373440
       56320        16384         388.948   1845493760    922746880
       61440            1           8.346       122880        61440
       61440            2           4.679       245760       122880
       61440            4           5.972       491520       245760
       61440            8           4.699       983040       491520
       61440           16           4.969      1966080       983040
       61440           32           4.899      3932160      1966080
       61440           64           6.052      7864320      3932160
       61440          128           9.037     15728640      7864320
       61440          256          10.280     31457280     15728640
       61440          512          18.114     62914560     31457280
       61440         1024          28.523    125829120     62914560
       61440         2048          52.368    251658240    125829120
       61440         4096         100.167    503316480    251658240
       61440         8192         195.105   1006632960    503316480
       61440        16384         395.140   2013265920   1006632960
       67584            1          23.805       135168        67584
       67584            2           6.282       270336       135168
       67584            4           7.795       540672       270336
       67584            8           6.632      1081344       540672
       67584           16           5.300      2162688      1081344
       67584           32           5.790      4325376      2162688
       67584           64           6.122      8650752      4325376
       67584          128           7.454     17301504      8650752
       67584          256          11.671     34603008     17301504
       67584          512          18.284     69206016     34603008
       67584         1024          33.502    138412032     69206016
       67584         2048          75.491    276824064    138412032
       67584         4096         122.509    553648128    276824064
       67584         8192         224.720   1107296256    553648128
       67584        16384         438.069   2214592512   1107296256
       73728            1          30.527       147456        73728
       73728            2           4.749       294912       147456
       73728            4           9.558       589824       294912
       73728            8           5.050      1179648       589824
       73728           16           6.943      2359296      1179648
       73728           32           4.919      4718592      2359296
       73728           64           6.822      9437184      4718592
       73728          128           7.504     18874368      9437184
       73728          256          11.612     37748736     18874368
       73728          512          20.158     75497472     37748736
       73728         1024          33.272    150994944     75497472
       73728         2048          63.198    301989888    150994944
       73728         4096         119.002    603979776    301989888
       73728         8192         250.659   1207959552    603979776
       73728        16384         467.194   2415919104   1207959552
       80896            1          10.851       161792        80896
       80896            2           6.041       323584       161792
       80896            4           8.175       647168       323584
       80896            8           8.556      1294336       647168
       80896           16           5.650      2588672      1294336
       80896           32           6.732      5177344      2588672
       80896           64           6.262     10354688      5177344
       80896          128          11.802     20709376     10354688
       80896          256          13.886     41418752     20709376
       80896          512          21.350     82837504     41418752
       80896         1024          39.384    165675008     82837504
       80896         2048          71.554    331350016    165675008
       80896         4096         140.964    662700032    331350016
       80896         8192         274.393   1325400064    662700032
       80896        16384         553.957   2650800128   1325400064
       88064            1          11.332       176128        88064
       88064            2           4.248       352256       176128
       88064            4           8.005       704512       352256
       88064            8           5.811      1409024       704512
       88064           16           8.315      2818048      1409024
       88064           32           5.710      5636096      2818048
       88064           64           6.893     11272192      5636096
       88064          128           8.636     22544384     11272192
       88064          256          13.395     45088768     22544384
       88064          512          45.165     90177536     45088768
       88064         1024          39.153    180355072     90177536
       88064         2048          74.840    360710144    180355072
       88064         4096         150.311    721420288    360710144
       88064         8192         286.426   1442840576    721420288
       96256            1         312.895       192512        96256
       96256            2           5.190       385024       192512
       96256            4           8.395       770048       385024
       96256            8           5.680      1540096       770048
       96256           16           6.562      3080192      1540096
       96256           32           5.721      6160384      3080192
       96256           64           8.035     12320768      6160384
       96256          128           9.388     24641536     12320768
       96256          256          16.872     49283072     24641536
       96256          512          23.965     98566144     49283072
       96256         1024          43.041    197132288     98566144
       96256         2048          81.292    394264576    197132288
       96256         4096         157.264    788529152    394264576
       96256         8192         318.125   1577058304    788529152
      105472            1           8.596       210944       105472
      105472            2           6.662       421888       210944
      105472            4           8.776       843776       421888
      105472            8           6.091      1687552       843776
      105472           16           6.212      3375104      1687552
      105472           32           5.631      6750208      3375104
      105472           64           7.484     13500416      6750208
      105472          128           9.397     27000832     13500416
      105472          256          18.014     54001664     27000832
      105472          512          26.209    108003328     54001664
      105472         1024          48.971    216006656    108003328
      105472         2048          90.520    432013312    216006656
      105472         4096         464.650    864026624    432013312
      105472         8192         353.682   1728053248    864026624
      115712            1          10.269       231424       115712
      115712            2           6.472       462848       231424
      115712            4           8.245       925696       462848
      115712            8           6.252      1851392       925696
      115712           16           5.240      3702784      1851392
      115712           32           6.282      7405568      3702784
      115712           64           8.687     14811136      7405568
      115712          128          10.770     29622272     14811136
      115712          256          17.613     59244544     29622272
      115712          512          27.301    118489088     59244544
      115712         1024          52.539    236978176    118489088
      115712         2048          97.733    473956352    236978176
      115712         4096         190.346    947912704    473956352
      115712         8192         668.992   1895825408    947912704
      126976            1          13.235       253952       126976
      126976            2           4.829       507904       253952
      126976            4           6.743      1015808       507904
      126976            8           6.302      2031616      1015808
      126976           16           4.969      4063232      2031616
      126976           32           6.923      8126464      4063232
      126976           64           7.724     16252928      8126464
      126976          128          10.590     32505856     16252928
      126976          256          17.362     65011712     32505856
      126976          512          29.435    130023424     65011712
      126976         1024          56.636    260046848    130023424
      126976         2048         102.813    520093696    260046848
      126976         4096         206.246   1040187392    520093696
      126976         8192         398.947   2080374784   1040187392
      139264            1           7.645       278528       139264
      139264            2           4.939       557056       278528
      139264            4           8.706      1114112       557056
      139264            8           5.771      2228224      1114112
      139264           16           5.440      4456448      2228224
      139264           32           7.975      8912896      4456448
      139264           64           7.985     17825792      8912896
      139264          128          12.403     35651584     17825792
      139264          256          17.714     71303168     35651584
      139264          512          31.809    142606336     71303168
      139264         1024          58.139    285212672    142606336
      139264         2048         112.982    570425344    285212672
      139264         4096         220.553   1140850688    570425344
      139264         8192         470.040   2281701376   1140850688
      152576            1           9.878       305152       152576
      152576            2           5.170       610304       305152
      152576            4          12.774      1220608       610304
      152576            8           6.021      2441216      1220608
      152576           16           6.192      4882432      2441216
      152576           32           6.552      9764864      4882432
      152576           64           8.336     19529728      9764864
      152576          128          13.475     39059456     19529728
      152576          256          19.466     78118912     39059456
      152576          512          61.324    156237824     78118912
      152576         1024          66.775    312475648    156237824
      152576         2048         126.557    624951296    312475648
      152576         4096         251.731   1249902592    624951296
      152576         8192         490.017   2499805184   1249902592
      166912            1          13.535       333824       166912
      166912            2           4.950       667648       333824
      166912            4           9.518      1335296       667648
      166912            8           5.611      2670592      1335296
      166912           16           7.364      5341184      2670592
      166912           32           6.573     10682368      5341184
      166912           64           8.516     21364736     10682368
      166912          128          13.926     42729472     21364736
      166912          256          21.059     85458944     42729472
      166912          512          38.963    170917888     85458944
      166912         1024          70.852    341835776    170917888
      166912         2048         139.060    683671552    341835776
      166912         4096         291.927   1367343104    683671552
      183296            1          13.375       366592       183296
      183296            2           5.130       733184       366592
      183296            4          10.028      1466368       733184
      183296            8           5.431      2932736      1466368
      183296           16           5.701      5865472      2932736
      183296           32           8.466     11730944      5865472
      183296           64           8.987     23461888     11730944
      183296          128          15.089     46923776     23461888
      183296          256          23.023     93847552     46923776
      183296          512          41.348    187695104     93847552
      183296         1024          77.956    375390208    187695104
      183296         2048         170.479    750780416    375390208
      183296         4096         297.016   1501560832    750780416
      200704            1          11.862       401408       200704
      200704            2           6.682       802816       401408
      200704            4           9.378      1605632       802816
      200704            8           7.093      3211264      1605632
      200704           16           5.771      6422528      3211264
      200704           32           6.993     12845056      6422528
      200704           64          10.610     25690112     12845056
      200704          128          35.787     51380224     25690112
      200704          256          26.179    102760448     51380224
      200704          512          44.002    205520896    102760448
      200704         1024          87.905    411041792    205520896
      200704         2048         160.521    822083584    411041792
      200704         4096         320.340   1644167168    822083584
      220160            1           6.843       440320       220160
      220160            2           4.458       880640       440320
      220160            4          10.519      1761280       880640
      220160            8           5.601      3522560      1761280
      220160           16           7.424      7045120      3522560
      220160           32           7.545     14090240      7045120
      220160           64          10.810     28180480     14090240
      220160          128          15.859     56360960     28180480
      220160          256          26.380    112721920     56360960
      220160          512          48.621    225443840    112721920
      220160         1024          91.631    450887680    225443840
      220160         2048         180.047    901775360    450887680
      220160         4096         360.415   1803550720    901775360
      241664            1          12.434       483328       241664
      241664            2           4.879       966656       483328
      241664            4          11.792      1933312       966656
      241664            8           6.703      3866624      1933312
      241664           16           6.291      7733248      3866624
      241664           32           9.628     15466496      7733248
      241664           64          10.139     30932992     15466496
      241664          128          18.875     61865984     30932992
      241664          256          27.621    123731968     61865984
      241664          512          51.877    247463936    123731968
      241664         1024          98.985    494927872    247463936
      241664         2048         207.638    989855744    494927872
      241664         4096         383.869   1979711488    989855744
      265216            1           9.197       530432       265216
      265216            2           6.492      1060864       530432
      265216            4          10.219      2121728      1060864
      265216            8           7.323      4243456      2121728
      265216           16           6.332      8486912      4243456
      265216           32           8.095     16973824      8486912
      265216           64          11.531     33947648     16973824
      265216          128          63.980     67895296     33947648
      265216          256          31.409    135790592     67895296
      265216          512          57.227    271581184    135790592
      265216         1024         117.300    543162368    271581184
      265216         2048         215.774   1086324736    543162368
      265216         4096         425.397   2172649472   1086324736
      290816            1          10.780       581632       290816
      290816            2           4.628      1163264       581632
      290816            4           6.773      2326528      1163264
      290816            8           5.460      4653056      2326528
      290816           16           9.598      9306112      4653056
      290816           32           7.735     18612224      9306112
      290816           64          15.048     37224448     18612224
      290816          128          18.645     74448896     37224448
      290816          256          32.931    148897792     74448896
      290816          512          61.415    297795584    148897792
      290816         1024         117.891    595591168    297795584
      290816         2048         237.154   1191182336    595591168
      290816         4096         461.674   2382364672   1191182336
      319488            1          16.020       638976       319488
      319488            2           4.749      1277952       638976
      319488            4           8.947      2555904      1277952
      319488            8           5.740      5111808      2555904
      319488           16           6.452     10223616      5111808
      319488           32           8.306     20447232     10223616
      319488           64          11.842     40894464     20447232
      319488          128          21.461     81788928     40894464
      319488          256          35.627    163577856     81788928
      319488          512          69.731    327155712    163577856
      319488         1024         128.711    654311424    327155712
      319488         2048         257.712   1308622848    654311424
      319488         4096         505.956   2617245696   1308622848
      351232            1           8.626       702464       351232
      351232            2           7.674      1404928       702464
      351232            4          11.551      2809856      1404928
      351232            8           8.015      5619712      2809856
      351232           16           6.752     11239424      5619712
      351232           32           9.197     22478848     11239424
      351232           64          14.106     44957696     22478848
      351232          128          21.800     89915392     44957696
      351232          256          38.382    179830784     89915392
      351232          512          73.127    359661568    179830784
      351232         1024         161.342    719323136    359661568
      351232         2048         284.652   1438646272    719323136
      386048            1           7.945       772096       386048
      386048            2           4.689      1544192       772096
      386048            4          10.640      3088384      1544192
      386048            8           6.912      6176768      3088384
      386048           16           6.782     12353536      6176768
      386048           32          11.602     24707072     12353536
      386048           64          13.646     49414144     24707072
      386048          128          25.688     98828288     49414144
      386048          256          99.636    197656576     98828288
      386048          512          80.470    395313152    197656576
      386048         1024         159.879    790626304    395313152
      386048         2048         309.770   1581252608    790626304
      423936            1          13.686       847872       423936
      423936            2           5.140      1695744       847872
      423936            4          10.900      3391488      1695744
      423936            8           6.242      6782976      3391488
      423936           16           9.188     13565952      6782976
      423936           32           9.518     27131904     13565952
      423936           64          15.149     54263808     27131904
      423936          128          25.568    108527616     54263808
      423936          256          49.974    217055232    108527616
      423936          512          87.704    434110464    217055232
      423936         1024         170.719    868220928    434110464
      423936         2048         336.570   1736441856    868220928
      465920            1          14.877       931840       465920
      465920            2           5.740      1863680       931840
      465920            4          10.209      3727360      1863680
      465920            8           6.823      7454720      3727360
      465920           16           7.664     14909440      7454720
      465920           32          10.019     29818880     14909440
      465920           64          17.613     59637760     29818880
      465920          128          26.820    119275520     59637760
      465920          256          52.689    238551040    119275520
      465920          512         101.581    477102080    238551040
      465920         1024         187.330    954204160    477102080
      465920         2048         382.326   1908408320    954204160
      512000            1          14.858      1024000       512000
      512000            2           5.580      2048000      1024000
      512000            4           8.837      4096000      2048000
      512000            8           8.055      8192000      4096000
      512000           16           7.875     16384000      8192000
      512000           32          10.850     32768000     16384000
      512000           64          17.403     65536000     32768000
      512000          128          28.544    131072000     65536000
      512000          256          75.000    262144000    131072000
      512000          512         103.263    524288000    262144000
      512000         1024         206.417   1048576000    524288000
      512000         2048         401.211   2097152000   1048576000
      563200            1          10.089      1126400       563200
      563200            2           4.970      2252800      1126400
      563200            4          10.710      4505600      2252800
      563200            8           7.324      9011200      4505600
      563200           16           8.246     18022400      9011200
      563200           32          12.574     36044800     18022400
      563200           64          18.324     72089600     36044800
      563200          128          32.180    144179200     72089600
      563200          256          59.250    288358400    144179200
      563200          512         114.123    576716800    288358400
      563200         1024         224.450   1153433600    576716800
      563200         2048         470.962   2306867200   1153433600
      619520            1          12.724      1239040       619520
      619520            2           4.989      2478080      1239040
      619520            4          12.142      4956160      2478080
      619520            8           6.833      9912320      4956160
      619520           16          10.830     19824640      9912320
      619520           32          11.872     39649280     19824640
      619520           64          19.797     79298560     39649280
      619520          128          35.096    158597120     79298560
      619520          256          65.172    317194240    158597120
      619520          512         178.624    634388480    317194240
      619520         1024         245.108   1268776960    634388480
      619520         2048         491.019   2537553920   1268776960
      680960            1          15.419      1361920       680960
      680960            2           5.640      2723840      1361920
      680960            4           9.798      5447680      2723840
      680960            8           7.404     10895360      5447680
      680960           16           9.157     21790720     10895360
      680960           32          12.713     43581440     21790720
      680960           64          22.361     87162880     43581440
      680960          128          38.011    174325760     87162880
      680960          256          71.835    348651520    174325760
      680960          512         141.575    697303040    348651520
      680960         1024         296.285   1394606080    697303040
      748544            1          13.595      1497088       748544
      748544            2           4.970      2994176      1497088
      748544            4          10.349      5988352      2994176
      748544            8           6.953     11976704      5988352
      748544           16          10.921     23953408     11976704
      748544           32          13.125     47906816     23953408
      748544           64          22.813     95813632     47906816
      748544          128          41.597    191627264     95813632
      748544          256          77.996    383254528    191627264
      748544          512         196.548    766509056    383254528
      748544         1024         297.506   1533018112    766509056
      823296            1          14.186      1646592       823296
      823296            2           5.170      3293184      1646592
      823296            4          11.953      6586368      3293184
      823296            8           6.783     13172736      6586368
      823296           16          10.840     26345472     13172736
      823296           32          14.236     52690944     26345472
      823296           64          39.403    105381888     52690944
      823296          128          44.303    210763776    105381888
      823296          256          83.767    421527552    210763776
      823296          512         165.199    843055104    421527552
      823296         1024         328.585   1686110208    843055104
      905216            1          19.777      1810432       905216
      905216            2           5.350      3620864      1810432
      905216            4          10.069      7241728      3620864
      905216            8           9.237     14483456      7241728
      905216           16           9.839     28966912     14483456
      905216           32          17.462     57933824     28966912
      905216           64          28.724    115867648     57933824
      905216          128          49.403    231735296    115867648
      905216          256          91.943    463470592    231735296
      905216          512         183.514    926941184    463470592
      905216         1024         623.297   1853882368    926941184
      995328            1          20.158      1990656       995328
      995328            2           7.023      3981312      1990656
      995328            4           9.478      7962624      3981312
      995328            8           9.798     15925248      7962624
      995328           16          11.471     31850496     15925248
      995328           32          16.822     63700992     31850496
      995328           64          29.075    127401984     63700992
      995328          128          52.779    254803968    127401984
      995328          256         100.188    509607936    254803968
      995328          512         203.241   1019215872    509607936
      995328         1024         703.727   2038431744   1019215872
     1094656            1          30.648      2189312      1094656
     1094656            2           8.035      4378624      2189312
     1094656            4           9.498      8757248      4378624
     1094656            8           8.185     17514496      8757248
     1094656           16          10.841     35028992     17514496
     1094656           32          17.923     70057984     35028992
     1094656           64          31.269    140115968     70057984
     1094656          128          57.748    280231936    140115968
     1094656          256         112.390    560463872    280231936
     1094656          512         217.106   1120927744    560463872
     1094656         1024         690.582   2241855488   1120927744
     1203200            1          17.182      2406400      1203200
     1203200            2           5.319      4812800      2406400
     1203200            4          10.460      9625600      4812800
     1203200            8           8.646     19251200      9625600
     1203200           16          33.693     38502400     19251200
     1203200           32          19.085     77004800     38502400
     1203200           64          34.715    154009600     77004800
     1203200          128          63.308    308019200    154009600
     1203200          256         121.437    616038400    308019200
     1203200          512         238.546   1232076800    616038400
     1203200         1024         830.835   2464153600   1232076800
     1323008            1          24.355      2646016      1323008
     1323008            2           5.791      5292032      2646016
     1323008            4           9.608     10584064      5292032
     1323008            8           8.355     21168128     10584064
     1323008           16          12.603     42336256     21168128
     1323008           32          21.310     84672512     42336256
     1323008           64          36.608    169345024     84672512
     1323008          128          68.108    338690048    169345024
     1323008          256         132.518    677380096    338690048
     1323008          512         265.807   1354760192    677380096
     1323008         1024         786.532   2709520384   1354760192
     1455104            1          27.792      2910208      1455104
     1455104            2           5.610      5820416      2910208
     1455104            4          11.512     11640832      5820416
     1455104            8          10.750     23281664     11640832
     1455104           16          13.165     46563328     23281664
     1455104           32          21.911     93126656     46563328
     1455104           64          39.685    186253312     93126656
     1455104          128          78.347    372506624    186253312
     1455104          256         147.777    745013248    372506624
     1455104          512         542.265   1490026496    745013248
     1600512            1         490.808      3201024      1600512
     1600512            2           5.761      6402048      3201024
     1600512            4           9.458     12804096      6402048
     1600512            8           9.297     25608192     12804096
     1600512           16          15.729     51216384     25608192
     1600512           32          24.145    102432768     51216384
     1600512           64          44.634    204865536    102432768
     1600512          128          82.064    409731072    204865536
     1600512          256         173.945    819462144    409731072
     1600512          512         313.928   1638924288    819462144
     1760256            1         456.064      3520512      1760256
     1760256            2           7.123      7041024      3520512
     1760256            4           9.858     14082048      7041024
     1760256            8          11.482     28164096     14082048
     1760256           16          15.279     56328192     28164096
     1760256           32          26.970    112656384     56328192
     1760256           64          47.339    225312768    112656384
     1760256          128          89.598    450625536    225312768
     1760256          256         459.429    901251072    450625536
     1760256          512         350.726   1802502144    901251072
     1935360            1          43.191      3870720      1935360
     1935360            2           6.322      7741440      3870720
     1935360            4          11.331     15482880      7741440
     1935360            8          11.462     30965760     15482880
     1935360           16          16.852     61931520     30965760
     1935360           32          27.411    123863040     61931520
     1935360           64          50.795    247726080    123863040
     1935360          128          98.645    495452160    247726080
     1935360          256         216.295    990904320    495452160
     1935360          512         641.982   1981808640    990904320
     2128896            1         246.131      4257792      2128896
     2128896            2           6.482      8515584      4257792
     2128896            4          11.281     17031168      8515584
     2128896            8          11.271     34062336     17031168
     2128896           16          17.903     68124672     34062336
     2128896           32          29.805    136249344     68124672
     2128896           64          57.337    272498688    136249344
     2128896          128         109.886    544997376    272498688
     2128896          256         472.926   1089994752    544997376
     2128896          512         422.250   2179989504   1089994752
     2340864            1          30.016      4681728      2340864
     2340864            2           6.091      9363456      4681728
     2340864            4          11.662     18726912      9363456
     2340864            8          13.235     37453824     18726912
     2340864           16          20.718     74907648     37453824
     2340864           32          34.575    149815296     74907648
     2340864           64          61.015    299630592    149815296
     2340864          128         117.860    599261184    299630592
     2340864          256         512.028   1198522368    599261184
     2340864          512         462.706   2397044736   1198522368
     2574336            1          49.352      5148672      2574336
     2574336            2           6.261     10297344      5148672
     2574336            4          12.333     20594688     10297344
     2574336            8          12.072     41189376     20594688
     2574336           16          21.761     82378752     41189376
     2574336           32          35.447    164757504     82378752
     2574336           64         358.862    329515008    164757504
     2574336          128         130.083    659030016    329515008
     2574336          256         258.113   1318060032    659030016
     2574336          512         565.689   2636120064   1318060032
     2831360            1         610.492      5662720      2831360
     2831360            2           8.827     11325440      5662720
     2831360            4          10.520     22650880     11325440
     2831360            8          13.596     45301760     22650880
     2831360           16          24.907     90603520     45301760
     2831360           32          44.944    181207040     90603520
     2831360           64          72.676    362414080    181207040
     2831360          128         734.354    724828160    362414080
     2831360          256         284.102   1449656320    724828160
     3113984            1          41.518      6227968      3113984
     3113984            2           7.564     12455936      6227968
     3113984            4          13.225     24911872     12455936
     3113984            8          14.407     49823744     24911872
     3113984           16          23.304     99647488     49823744
     3113984           32          51.245    199294976     99647488
     3113984           64          83.847    398589952    199294976
     3113984          128         154.689    797179904    398589952
     3113984          256         306.042   1594359808    797179904
     3425280            1         237.955      6850560      3425280
     3425280            2           7.404     13701120      6850560
     3425280            4          11.932     27402240     13701120
     3425280            8          15.078     54804480     27402240
     3425280           16          27.661    109608960     54804480
     3425280           32          45.395    219217920    109608960
     3425280           64          87.985    438435840    219217920
     3425280          128         182.021    876871680    438435840
     3425280          256         337.391   1753743360    876871680
     3767296            1         173.324      7534592      3767296
     3767296            2           8.135     15069184      7534592
     3767296            4          11.862     30138368     15069184
     3767296            8          16.681     60276736     30138368
     3767296           16          27.372    120553472     60276736
     3767296           32          50.124    241106944    120553472
     3767296           64          96.861    482213888    241106944
     3767296          128         186.669    964427776    482213888
     3767296          256         384.550   1928855552    964427776
     4143104            1         645.668      8286208      4143104
     4143104            2           8.325     16572416      8286208
     4143104            4          13.014     33144832     16572416
     4143104            8          16.471     66289664     33144832
     4143104           16          30.737    132579328     66289664
     4143104           32          56.877    265158656    132579328
     4143104           64         105.949    530317312    265158656
     4143104          128         725.898   1060634624    530317312
     4143104          256         416.760   2121269248   1060634624
     4556800            1          37.891      9113600      4556800
     4556800            2           7.464     18227200      9113600
     4556800            4          14.226     36454400     18227200
     4556800            8          18.575     72908800     36454400
     4556800           16          33.032    145817600     72908800
     4556800           32          59.080    291635200    145817600
     4556800           64         132.999    583270400    291635200
     4556800          128         229.810   1166540800    583270400
     4556800          256         445.654   2333081600   1166540800
     5012480            1          47.980     10024960      5012480
     5012480            2           7.605     20049920     10024960
     5012480            4          15.739     40099840     20049920
     5012480            8          19.145     80199680     40099840
     5012480           16          45.145    160399360     80199680
     5012480           32          91.691    320798720    160399360
     5012480           64         139.511    641597440    320798720
     5012480          128         251.952   1283194880    641597440
     5012480          256         491.911   2566389760   1283194880
     5513216            1          82.094     11026432      5513216
     5513216            2           8.406     22052864     11026432
     5513216            4          16.271     44105728     22052864
     5513216            8          20.969     88211456     44105728
     5513216           16          37.400    176422912     88211456
     5513216           32          71.634    352845824    176422912
     5513216           64         151.473    705691648    352845824
     5513216          128         275.004   1411383296    705691648
     6064128            1          63.449     12128256      6064128
     6064128            2         624.779     24256512     12128256
     6064128            4          17.893     48513024     24256512
     6064128            8          24.606     97026048     48513024
     6064128           16          41.147    194052096     97026048
     6064128           32          80.772    388104192    194052096
     6064128           64         156.373    776208384    388104192
     6064128          128         297.878   1552416768    776208384
     6670336            1         280.896     13340672      6670336
     6670336            2           8.916     26681344     13340672
     6670336            4          20.719     53362688     26681344
     6670336            8          24.736    106725376     53362688
     6670336           16          44.774    213450752    106725376
     6670336           32          85.680    426901504    213450752
     6670336           64         165.970    853803008    426901504
     6670336          128         344.175   1707606016    853803008
     7336960            1          53.560     14673920      7336960
     7336960            2          10.600     29347840     14673920
     7336960            4          19.156     58695680     29347840
     7336960            8          27.301    117391360     58695680
     7336960           16          48.431    234782720    117391360
     7336960           32          92.954    469565440    234782720
     7336960           64         464.830    939130880    469565440
     7336960          128         358.952   1878261760    939130880
     8070144            1          79.309     16140288      8070144
     8070144            2           9.608     32280576     16140288
     8070144            4          20.599     64561152     32280576
     8070144            8          28.503    129122304     64561152
     8070144           16          53.039    258244608    129122304
     8070144           32         101.560    516489216    258244608
     8070144           64         199.403   1032978432    516489216
     8070144          128         659.965   2065956864   1032978432
     8877056            1          68.608     17754112      8877056
     8877056            2          12.884     35508224     17754112
     8877056            4          20.408     71016448     35508224
     8877056            8          32.030    142032896     71016448
     8877056           16          57.408    284065792    142032896
     8877056           32         464.108    568131584    284065792
     8877056           64         218.559   1136263168    568131584
     8877056          128         444.432   2272526336   1136263168
     9763840            1          76.634     19527680      9763840
     9763840            2          10.639     39055360     19527680
     9763840            4          24.606     78110720     39055360
     9763840            8          32.902    156221440     78110720
     9763840           16          63.048    312442880    156221440
     9763840           32         121.407    624885760    312442880
     9763840           64         535.723   1249771520    624885760
     9763840          128         477.243   2499543040   1249771520
    10739712            1          79.579     21479424     10739712
    10739712            2          13.044     42958848     21479424
    10739712            4          21.220     85917696     42958848
    10739712            8          37.219    171835392     85917696
    10739712           16          67.727    343670784    171835392
    10739712           32         133.580    687341568    343670784
    10739712           64         264.505   1374683136    687341568
    11812864            1          87.514     23625728     11812864
    11812864            2          13.395     47251456     23625728
    11812864            4          23.514     94502912     47251456
    11812864            8          41.027    189005824     94502912
    11812864           16          74.460    378011648    189005824
    11812864           32         146.835    756023296    378011648
    11812864           64         308.617   1512046592    756023296
    12993536            1         106.950     25987072     12993536
    12993536            2          13.886     51974144     25987072
    12993536            4          26.289    103948288     51974144
    12993536            8          44.323    207896576    103948288
    12993536           16          81.693    415793152    207896576
    12993536           32         161.603    831586304    415793152
    12993536           64         330.849   1663172608    831586304
    14291968            1         106.269     28583936     14291968
    14291968            2          13.355     57167872     28583936
    14291968            4          28.203    114335744     57167872
    14291968            8          48.090    228671488    114335744
    14291968           16          89.327    457342976    228671488
    14291968           32         195.055    914685952    457342976
    14291968           64         353.191   1829371904    914685952
    15720448            1         114.634     31440896     15720448
    15720448            2          36.749     62881792     31440896
    15720448            4          31.288    125763584     62881792
    15720448            8          50.394    251527168    125763584
    15720448           16          97.833    503054336    251527168
    15720448           32         199.032   1006108672    503054336
    15720448           64         383.297   2012217344   1006108672
    17292288            1         125.896     34584576     17292288
    17292288            2          15.398     69169152     34584576
    17292288            4          32.340    138338304     69169152
    17292288            8          57.157    276676608    138338304
    17292288           16         107.160    553353216    276676608
    17292288           32         212.879   1106706432    553353216
    17292288           64         459.751   2213412864   1106706432
    19020800            1         137.256     38041600     19020800
    19020800            2          16.781     76083200     38041600
    19020800            4          35.546    152166400     76083200
    19020800            8          58.559    304332800    152166400
    19020800           16         117.610    608665600    304332800
    19020800           32         272.480   1217331200    608665600
    19020800           64         468.296   2434662400   1217331200
    20922368            1         154.018     41844736     20922368
    20922368            2          17.713     83689472     41844736
    20922368            4          36.970    167378944     83689472
    20922368            8          65.092    334757888    167378944
    20922368           16         133.881    669515776    334757888
    20922368           32         256.490   1339031552    669515776
    20922368           64         536.144   2678063104   1339031552
    23014400            1         160.470     46028800     23014400
    23014400            2          19.437     92057600     46028800
    23014400            4          43.010    184115200     92057600
    23014400            8          71.624    368230400    184115200
    23014400           16         159.839    736460800    368230400
    23014400           32         285.203   1472921600    736460800
    25315328            1         185.487     50630656     25315328
    25315328            2          20.579    101261312     50630656
    25315328            4          42.449    202522624    101261312
    25315328            8          98.214    405045248    202522624
    25315328           16         159.268    810090496    405045248
    25315328           32         312.765   1620180992    810090496
    27846656            1         202.418     55693312     27846656
    27846656            2         135.764    111386624     55693312
    27846656            4          46.107    222773248    111386624
    27846656            8          85.360    445546496    222773248
    27846656           16         169.467    891092992    445546496
    27846656           32         337.882   1782185984    891092992
    30630912            1         218.810     61261824     30630912
    30630912            2          24.616    122523648     61261824
    30630912            4          50.224    245047296    122523648
    30630912            8          93.174    490094592    245047296
    30630912           16         193.642    980189184    490094592
    30630912           32         371.214   1960378368    980189184
    33693696            1         261.500     67387392     33693696
    33693696            2          30.437    134774784     67387392
    33693696            4         366.166    269549568    134774784
    33693696            8         105.858    539099136    269549568
    33693696           16         208.911   1078198272    539099136
    33693696           32         414.786   2156396544   1078198272
    37062656            1         272.711     74125312     37062656
    37062656            2          32.370    148250624     74125312
    37062656            4          60.173    296501248    148250624
    37062656            8         112.521    593002496    296501248
    37062656           16         640.158   1186004992    593002496
    37062656           32         453.719   2372009984   1186004992
    40768512            1         289.903     81537024     40768512
    40768512            2          36.659    163074048     81537024
    40768512            4          64.481    326148096    163074048
    40768512            8         127.749    652296192    326148096
    40768512           16         246.401   1304592384    652296192
    40768512           32         779.219   2609184768   1304592384
    44845056            1         351.818     89690112     44845056
    44845056            2          50.775    179380224     89690112
    44845056            4          69.590    358760448    179380224
    44845056            8         139.571    717520896    358760448
    44845056           16         275.085   1435041792    717520896
    49329152            1         446.435     98658304     49329152
    49329152            2          54.231    197316608     98658304
    49329152            4          75.221    394633216    197316608
    49329152            8         152.756    789266432    394633216
    49329152           16         296.705   1578532864    789266432
    54261760            1         379.781    108523520     54261760
    54261760            2          59.791    217047040    108523520
    54261760            4          85.039    434094080    217047040
    54261760            8         166.221    868188160    434094080
    54261760           16         355.836   1736376320    868188160
    59687936            1         411.801    119375872     59687936
    59687936            2          70.562    238751744    119375872
    59687936            4          94.056    477503488    238751744
    59687936            8         187.581    955006976    477503488
    59687936           16         363.089   1910013952    955006976
    65655808            1         456.243    131311616     65655808
    65655808            2          86.101    262623232    131311616
    65655808            4         109.906    525246464    262623232
    65655808            8         196.047   1050492928    525246464
    65655808           16         399.928   2100985856   1050492928
    72220672            1         526.426    144441344     72220672
    72220672            2         104.796    288882688    144441344
    72220672            4         113.783    577765376    288882688
    72220672            8         223.368   1155530752    577765376
    72220672           16         447.227   2311061504   1155530752
    79441920            1         568.644    158883840     79441920
    79441920            2         126.146    317767680    158883840
    79441920            4         134.061    635535360    317767680
    79441920            8         262.902   1271070720    635535360
    79441920           16         490.688   2542141440   1271070720
    87386112            1         657.391    174772224     87386112
    87386112            2         151.453    349544448    174772224
    87386112            4         157.415    699088896    349544448
    87386112            8         287.087   1398177792    699088896
    96123904            1         694.410    192247808     96123904
    96123904            2         178.363    384495616    192247808
    96123904            4         187.741    768991232    384495616
    96123904            8         338.183   1537982464    768991232
   105736192            1        1040.737    211472384    105736192
   105736192            2         207.518    422944768    211472384
   105736192            4         219.621    845889536    422944768
   105736192            8         368.549   1691779072    845889536
   116308992            1         801.229    232617984    116308992
   116308992            2         462.636    465235968    232617984
   116308992            4         241.833    930471936    465235968
   116308992            8         423.042   1860943872    930471936
   127939584            1         917.808    255879168    127939584
   127939584            2         528.940    511758336    255879168
   127939584            4         272.230   1023516672    511758336
   127939584            8         469.088   2047033344   1023516672
   140733440            1         985.424    281466880    140733440
   140733440            2         279.794    562933760    281466880
   140733440            4         511.167   1125867520    562933760
   140733440            8         504.264   2251735040   1125867520
   154806272            1        1077.076    309612544    154806272
   154806272            2         287.418    619225088    309612544
   154806272            4         318.226   1238450176    619225088
   154806272            8         785.269   2476900352   1238450176
   170286080            1        1208.071    340572160    170286080
   170286080            2         312.866    681144320    340572160
   170286080            4         376.344   1362288640    681144320
   187314176            1        1299.682    374628352    187314176
   187314176            2         352.479    749256704    374628352
   187314176            4         381.825   1498513408    749256704
   206045184            1        1458.069    412090368    206045184
   206045184            2         364.883    824180736    412090368
   206045184            4         439.823   1648361472    824180736
   226649088            1        1602.779    453298176    226649088
   226649088            2         406.321    906596352    453298176
   226649088            4         471.272   1813192704    906596352
   249313280            1        1789.529    498626560    249313280
   249313280            2         431.077    997253120    498626560
   249313280            4         518.871   1994506240    997253120
   274244608            1        1964.386    548489216    274244608
   274244608            2         458.248   1096978432    548489216
   274244608            4         813.312   2193956864   1096978432
   301668352            1        2132.211    603336704    301668352
   301668352            2         489.626   1206673408    603336704
   301668352            4         666.317   2413346816   1206673408
   331834368            1        2381.386    663668736    331834368
   331834368            2         533.669   1327337472    663668736
   331834368            4         711.040   2654674944   1327337472
   365017088            1        2579.387    730034176    365017088
   365017088            2         575.778   1460068352    730034176
   401518592            1        2796.724    803037184    401518592
   401518592            2         682.367   1606074368    803037184
   441669632            1        3078.271    883339264    441669632
   441669632            2         761.645   1766678528    883339264
   485835776            1        3483.048    971671552    485835776
   485835776            2        1039.846   1943343104    971671552
   534418432            1        3716.906   1068836864    534418432
   534418432            2        1649.046   2137673728   1068836864
   587859968            1        4082.971   1175719936    587859968
   587859968            2        2782.267   2351439872   1175719936
   646645760            1        4490.284   1293291520    646645760
   646645760            2        5325.687   2586583040   1293291520
   711310336            1        4977.595   1422620672    711310336
   782440448            1        5452.264   1564880896    782440448
   860684288            1        5993.607   1721368576    860684288
   946752512            1        6638.344   1893505024    946752512
  1041427456            1        7259.296   2082854912   1041427456
  1145569280            1        7906.347   2291138560   1145569280
  1260126208            1        8883.685   2520252416   1260126208

META_DATA
FLOPS          8
MPI_PROCS      128
ERT_VERSION  1.1.0
HOSTNAME  ('tcn215.local.snellius.surf.nl', [], ['172.18.56.225'])
UNAME  uname_result(system='Linux', node='tcn215.local.snellius.surf.nl', release='4.18.0-372.80.1.el8_6.x86_64', version='#1 SMP Fri Nov 3 14:30:16 EDT 2023', machine='x86_64', processor='x86_64')
TIMESTAMP_DATA  1707390765.1349115
CONFIG  {'ERT_RESULTS': ['Results.snellius.01'], 'ERT_DRIVER': ['driver1'], 'ERT_KERNEL': ['kernel1'], 'ERT_MPI': ['True'], 'ERT_MPI_CFLAGS': [], 'ERT_MPI_LDFLAGS': [], 'ERT_OPENMP': ['False'], 'ERT_OPENMP_CFLAGS': ['-fopenmp'], 'ERT_OPENMP_LDFLAGS': ['-fopenmp'], 'ERT_FLOPS': ['1,2,4,8'], 'ERT_ALIGN': ['32'], 'ERT_CC': ['mpic++'], 'ERT_CFLAGS': ['-Ofast', '-fargument-noalias', '-mavx2'], 'ERT_LD': ['mpic++'], 'ERT_LDFLAGS': [], 'ERT_LDLIBS': [], 'ERT_RUN': ['export', 'OMP_NUM_THREADS=ERT_OPENMP_THREADS;', 'mpirun', '-np', 'ERT_MPI_PROCS', 'ERT_CODE'], 'ERT_PROCS_THREADS': ['32,64,128'], 'ERT_MPI_PROCS': ['32,64,128'], 'ERT_OPENMP_THREADS': [], 'ERT_NUM_EXPERIMENTS': ['5'], 'ERT_MEMORY_MAX': ['1357905920'], 'ERT_WORKING_SET_MIN': ['1'], 'ERT_TRIALS_MIN': ['1'], 'ERT_GNUPLOT': ['gnuplot'], 'ERT_GPU': [False], 'ERT_HIP': [False], 'ERT_PRECISION': ['FP64'], 'ERT_OCL': [False], 'ERT_SYCL': [False], 'ERT_WSS_MULT': [1.1]}
