fp64
        1024            1        1250.027         2048          256
        1024            2           6.382         4096          512
        1024            4          14.177         8192         1024
        1024            8           5.631        16384         2048
        1024           16           8.035        32768         4096
        1024           32           5.610        65536         8192
        1024           64           5.781       131072        16384
        1024          128           5.811       262144        32768
        1024          256           8.336       524288        65536
        1024          512           7.434      1048576       131072
        1024         1024           6.842      2097152       262144
        1024         2048           6.272      4194304       524288
        1024         4096           7.213      8388608      1048576
        1024         8192           9.107     16777216      2097152
        1024        16384          11.652     33554432      4194304
        1024        32768          18.104     67108864      8388608
        1024        65536          33.473    134217728     16777216
        1024       131072          60.713    268435456     33554432
        1024       262144         141.705    536870912     67108864
        1024       524288         211.716   1073741824    134217728
        1024      1048576         610.011   2147483648    268435456
        2048            1          15.810         4096          512
        2048            2           6.031         8192         1024
        2048            4           5.010        16384         2048
        2048            8           5.560        32768         4096
        2048           16           5.280        65536         8192
        2048           32           6.141       131072        16384
        2048           64          20.799       262144        32768
        2048          128           5.541       524288        65536
        2048          256           5.911      1048576       131072
        2048          512           5.611      2097152       262144
        2048         1024           6.211      4194304       524288
        2048         2048           6.602      8388608      1048576
        2048         4096           7.003     16777216      2097152
        2048         8192           8.706     33554432      4194304
        2048        16384          12.013     67108864      8388608
        2048        32768          18.514    134217728     16777216
        2048        65536          32.971    268435456     33554432
        2048       131072          55.894    536870912     67108864
        2048       262144         110.587   1073741824    134217728
        2048       524288         223.588   2147483648    268435456
        3072            1          13.395         6144          768
        3072            2           5.791        12288         1536
        3072            4           5.530        24576         3072
        3072            8           6.091        49152         6144
        3072           16           5.781        98304        12288
        3072           32           5.190       196608        24576
        3072           64           5.721       393216        49152
        3072          128           5.821       786432        98304
        3072          256           5.650      1572864       196608
        3072          512           6.963      3145728       393216
        3072         1024           5.600      6291456       786432
        3072         2048           6.402     12582912      1572864
        3072         4096           6.683     25165824      3145728
        3072         8192           8.756     50331648      6291456
        3072        16384          11.401    100663296     12582912
        3072        32768          17.794    201326592     25165824
        3072        65536          34.464    402653184     50331648
        3072       131072          56.135    805306368    100663296
        3072       262144         107.891   1610612736    201326592
        4096            1         194.754         8192         1024
        4096            2           6.072        16384         2048
        4096            4           5.951        32768         4096
        4096            8           5.962        65536         8192
        4096           16           5.741       131072        16384
        4096           32           5.670       262144        32768
        4096           64           5.650       524288        65536
        4096          128           5.460      1048576       131072
        4096          256           6.702      2097152       262144
        4096          512           5.500      4194304       524288
        4096         1024           5.781      8388608      1048576
        4096         2048           6.282     16777216      2097152
        4096         4096           6.623     33554432      4194304
        4096         8192           9.558     67108864      8388608
        4096        16384          11.762    134217728     16777216
        4096        32768          18.284    268435456     33554432
        4096        65536          31.068    536870912     67108864
        4096       131072          56.295   1073741824    134217728
        4096       262144         105.818   2147483648    268435456
        5120            1          10.990        10240         1280
        5120            2           6.132        20480         2560
        5120            4           5.681        40960         5120
        5120            8           7.654        81920        10240
        5120           16           5.550       163840        20480
        5120           32           5.901       327680        40960
        5120           64           5.640       655360        81920
        5120          128           5.650      1310720       163840
        5120          256           7.164      2621440       327680
        5120          512           5.470      5242880       655360
        5120         1024           7.284     10485760      1310720
        5120         2048           6.903     20971520      2621440
        5120         4096          10.059     41943040      5242880
        5120         8192          12.714     83886080     10485760
        5120        16384          21.590    167772160     20971520
        5120        32768          31.008    335544320     41943040
        5120        65536          55.845    671088640     83886080
        5120       131072         107.030   1342177280    167772160
        5120       262144         287.317   2684354560    335544320
        6144            1          14.156        12288         1536
        6144            2           5.891        24576         3072
        6144            4           6.352        49152         6144
        6144            8           5.620        98304        12288
        6144           16           5.731       196608        24576
        6144           32           5.741       393216        49152
        6144           64           5.350       786432        98304
        6144          128           7.604      1572864       196608
        6144          256           5.610      3145728       393216
        6144          512           5.962      6291456       786432
        6144         1024           6.041     12582912      1572864
        6144         2048           7.414     25165824      3145728
        6144         4096           8.375     50331648      6291456
        6144         8192          11.792    100663296     12582912
        6144        16384          18.083    201326592     25165824
        6144        32768          30.627    402653184     50331648
        6144        65536          57.187    805306368    100663296
        6144       131072         108.072   1610612736    201326592
        7168            1          33.022        14336         1792
        7168            2           5.921        28672         3584
        7168            4           5.821        57344         7168
        7168            8           5.831       114688        14336
        7168           16           5.480       229376        28672
        7168           32           7.103       458752        57344
        7168           64           5.330       917504       114688
        7168          128           6.613      1835008       229376
        7168          256           5.661      3670016       458752
        7168          512           6.442      7340032       917504
        7168         1024           6.042     14680064      1835008
        7168         2048           7.173     29360128      3670016
        7168         4096           8.776     58720256      7340032
        7168         8192          11.582    117440512     14680064
        7168        16384          34.494    234881024     29360128
        7168        32768          31.008    469762048     58720256
        7168        65536          56.375    939524096    117440512
        7168       131072         111.047   1879048192    234881024
        8192            1          13.335        16384         2048
        8192            2           6.061        32768         4096
        8192            4           5.681        65536         8192
        8192            8           7.714       131072        16384
        8192           16           5.270       262144        32768
        8192           32           6.322       524288        65536
        8192           64           5.310      1048576       131072
        8192          128           5.781      2097152       262144
        8192          256           5.480      4194304       524288
        8192          512           6.261      8388608      1048576
        8192         1024           6.202     16777216      2097152
        8192         2048           6.522     33554432      4194304
        8192         4096           8.956     67108864      8388608
        8192         8192          10.269    134217728     16777216
        8192        16384          15.870    268435456     33554432
        8192        32768          24.636    536870912     67108864
        8192        65536          43.461   1073741824    134217728
        8192       131072          85.420   2147483648    268435456
        9216            1          29.806        18432         2304
        9216            2           6.001        36864         4608
        9216            4           5.881        73728         9216
        9216            8           7.033       147456        18432
        9216           16           5.660       294912        36864
        9216           32           5.490       589824        73728
        9216           64           5.730      1179648       147456
        9216          128           5.881      2359296       294912
        9216          256           6.442      4718592       589824
        9216          512           5.631      9437184      1179648
        9216         1024           6.372     18874368      2359296
        9216         2048           7.223     37748736      4718592
        9216         4096          12.083     75497472      9437184
        9216         8192          13.575    150994944     18874368
        9216        16384          21.319    301989888     37748736
        9216        32768          37.160    603979776     75497472
        9216        65536          72.356   1207959552    150994944
        9216       131072         132.588   2415919104    301989888
       10240            1          12.463        20480         2560
       10240            2           6.352        40960         5120
       10240            4           5.710        81920        10240
       10240            8           6.462       163840        20480
       10240           16           6.002       327680        40960
       10240           32           5.831       655360        81920
       10240           64           6.001      1310720       163840
       10240          128           5.711      2621440       327680
       10240          256           8.216      5242880       655360
       10240          512           6.342     10485760      1310720
       10240         1024           6.913     20971520      2621440
       10240         2048           7.063     41943040      5242880
       10240         4096           9.748     83886080     10485760
       10240         8192          13.605    167772160     20971520
       10240        16384          21.050    335544320     41943040
       10240        32768          37.009    671088640     83886080
       10240        65536          72.756   1342177280    167772160
       10240       131072         133.900   2684354560    335544320
       11264            1          18.725        22528         2816
       11264            2           6.382        45056         5632
       11264            4           6.091        90112        11264
       11264            8           5.600       180224        22528
       11264           16           8.135       360448        45056
       11264           32           5.650       720896        90112
       11264           64           6.642      1441792       180224
       11264          128           5.790      2883584       360448
       11264          256           6.802      5767168       720896
       11264          512           6.061     11534336      1441792
       11264         1024           6.822     23068672      2883584
       11264         2048           6.983     46137344      5767168
       11264         4096           9.177     92274688     11534336
       11264         8192          13.495    184549376     23068672
       11264        16384          21.280    369098752     46137344
       11264        32768          38.382    738197504     92274688
       11264        65536          68.759   1476395008    184549376
       12288            1          25.397        24576         3072
       12288            2          10.350        49152         6144
       12288            4          15.650        98304        12288
       12288            8          13.395       196608        24576
       12288           16           7.084       393216        49152
       12288           32           7.294       786432        98304
       12288           64           7.504      1572864       196608
       12288          128           6.803      3145728       393216
       12288          256           8.736      6291456       786432
       12288          512           6.382     12582912      1572864
       12288         1024           7.444     25165824      3145728
       12288         2048           7.915     50331648      6291456
       12288         4096          12.082    100663296     12582912
       12288         8192          17.883    201326592     25165824
       12288        16384          30.998    402653184     50331648
       12288        32768          55.233    805306368    100663296
       12288        65536         106.319   1610612736    201326592
       13312            1          21.500        26624         3328
       13312            2          15.809        53248         6656
       13312            4           5.641       106496        13312
       13312            8           7.804       212992        26624
       13312           16          10.930       425984        53248
       13312           32           7.313       851968       106496
       13312           64           7.965      1703936       212992
       13312          128          12.984      3407872       425984
       13312          256           9.177      6815744       851968
       13312          512           6.953     13631488      1703936
       13312         1024           6.642     27262976      3407872
       13312         2048           9.638     54525952      6815744
       13312         4096          11.391    109051904     13631488
       13312         8192          19.266    218103808     27262976
       13312        16384          34.775    436207616     54525952
       13312        32768          66.565    872415232    109051904
       13312        65536         118.531   1744830464    218103808
       14336            1          23.885        28672         3584
       14336            2          37.059        57344         7168
       14336            4           6.673       114688        14336
       14336            8           7.985       229376        28672
       14336           16           5.971       458752        57344
       14336           32           5.590       917504       114688
       14336           64           6.051      1835008       229376
       14336          128           5.961      3670016       458752
       14336          256           5.400      7340032       917504
       14336          512           5.891     14680064      1835008
       14336         1024           7.394     29360128      3670016
       14336         2048           7.615     58720256      7340032
       14336         4096          12.343    117440512     14680064
       14336         8192          28.313    234881024     29360128
       14336        16384          33.382    469762048     58720256
       14336        32768          61.725    939524096    117440512
       14336        65536         118.692   1879048192    234881024
       15360            1           9.518        30720         3840
       15360            2           5.611        61440         7680
       15360            4           7.013       122880        15360
       15360            8           5.751       245760        30720
       15360           16           6.172       491520        61440
       15360           32           5.801       983040       122880
       15360           64           5.541      1966080       245760
       15360          128           6.242      3932160       491520
       15360          256           5.721      7864320       983040
       15360          512           7.043     15728640      1966080
       15360         1024           7.254     31457280      3932160
       15360         2048           7.765     62914560      7864320
       15360         4096          11.602    125829120     15728640
       15360         8192          18.504    251658240     31457280
       15360        16384          31.760    503316480     62914560
       15360        32768          61.986   1006632960    125829120
       15360        65536         118.381   2013265920    251658240
       16384            1         475.699        32768         4096
       16384            2           7.374        65536         8192
       16384            4           5.761       131072        16384
       16384            8           8.335       262144        32768
       16384           16           5.740       524288        65536
       16384           32           5.730      1048576       131072
       16384           64           4.989      2097152       262144
       16384          128           5.380      4194304       524288
       16384          256           7.003      8388608      1048576
       16384          512           6.432     16777216      2097152
       16384         1024           9.297     33554432      4194304
       16384         2048          10.319     67108864      8388608
       16384         4096          16.020    134217728     16777216
       16384         8192          25.298    268435456     33554432
       16384        16384          46.587    536870912     67108864
       16384        32768          86.883   1073741824    134217728
       16384        65536         176.570   2147483648    268435456
       17408            1          18.524        34816         4352
       17408            2           5.971        69632         8704
       17408            4           7.254       139264        17408
       17408            8           6.111       278528        34816
       17408           16           6.081       557056        69632
       17408           32           6.082      1114112       139264
       17408           64           5.531      2228224       278528
       17408          128           6.462      4456448       557056
       17408          256           6.011      8912896      1114112
       17408          512           8.395     17825792      2228224
       17408         1024           7.104     35651584      4456448
       17408         2048           9.508     71303168      8912896
       17408         4096          12.313    142606336     17825792
       17408         8192          21.831    285212672     35651584
       17408        16384          38.321    570425344     71303168
       17408        32768          73.227   1140850688    142606336
       17408        65536         384.890   2281701376    285212672
       18432            1         114.064        36864         4608
       18432            2           6.872        73728         9216
       18432            4           5.070       147456        18432
       18432            8           6.011       294912        36864
       18432           16           6.011       589824        73728
       18432           32           5.581      1179648       147456
       18432           64           5.941      2359296       294912
       18432          128           5.621      4718592       589824
       18432          256           7.654      9437184      1179648
       18432          512           6.001     18874368      2359296
       18432         1024           6.953     37748736      4718592
       18432         2048           9.387     75497472      9437184
       18432         4096          11.843    150994944     18874368
       18432         8192          17.944    301989888     37748736
       18432        16384          30.948    603979776     75497472
       18432        32768          60.974   1207959552    150994944
       18432        65536         109.324   2415919104    301989888
       19456            1          16.440        38912         4864
       19456            2           6.161        77824         9728
       19456            4           6.292       155648        19456
       19456            8           6.843       311296        38912
       19456           16           5.540       622592        77824
       19456           32           6.011      1245184       155648
       19456           64           5.441      2490368       311296
       19456          128           6.522      4980736       622592
       19456          256           5.760      9961472      1245184
       19456          512           6.723     19922944      2490368
       19456         1024           7.063     39845888      4980736
       19456         2048           8.676     79691776      9961472
       19456         4096          12.203    159383552     19922944
       19456         8192          18.244    318767104     39845888
       19456        16384          32.470    637534208     79691776
       19456        32768          57.808   1275068416    159383552
       19456        65536         113.873   2550136832    318767104
       20480            1          15.028        40960         5120
       20480            2           7.484        81920        10240
       20480            4           5.821       163840        20480
       20480            8           7.023       327680        40960
       20480           16           6.893       655360        81920
       20480           32           9.347      1310720       163840
       20480           64           6.732      2621440       327680
       20480          128           5.530      5242880       655360
       20480          256           6.311     10485760      1310720
       20480          512           7.093     20971520      2621440
       20480         1024           7.775     41943040      5242880
       20480         2048           9.568     83886080     10485760
       20480         4096          14.858    167772160     20971520
       20480         8192          26.449    335544320     41943040
       20480        16384          48.160    671088640     83886080
       20480        32768          92.733   1342177280    167772160
       20480        65536         180.888   2684354560    335544320
       22528            1          10.018        45056         5632
       22528            2           6.602        90112        11264
       22528            4           5.781       180224        22528
       22528            8           6.873       360448        45056
       22528           16           5.641       720896        90112
       22528           32           5.951      1441792       180224
       22528           64           5.771      2883584       360448
       22528          128           6.252      5767168       720896
       22528          256           6.221     11534336      1441792
       22528          512           6.422     23068672      2883584
       22528         1024           6.852     46137344      5767168
       22528         2048           9.327     92274688     11534336
       22528         4096          15.819    184549376     23068672
       22528         8192          23.274    369098752     46137344
       22528        16384          42.370    738197504     92274688
       22528        32768          82.494   1476395008    184549376
       24576            1          28.793        49152         6144
       24576            2           6.141        98304        12288
       24576            4           5.811       196608        24576
       24576            8           7.264       393216        49152
       24576           16           5.610       786432        98304
       24576           32           6.863      1572864       196608
       24576           64           5.901      3145728       393216
       24576          128           7.273      6291456       786432
       24576          256           5.610     12582912      1572864
       24576          512           6.632     25165824      3145728
       24576         1024           8.005     50331648      6291456
       24576         2048           9.588    100663296     12582912
       24576         4096          15.218    201326592     25165824
       24576         8192          26.640    402653184     50331648
       24576        16384          47.829    805306368    100663296
       24576        32768          89.337   1610612736    201326592
       26624            1          10.890        53248         6656
       26624            2           6.472       106496        13312
       26624            4           5.841       212992        26624
       26624            8           6.331       425984        53248
       26624           16           5.771       851968       106496
       26624           32           7.444      1703936       212992
       26624           64           5.340      3407872       425984
       26624          128           6.091      6815744       851968
       26624          256           6.161     13631488      1703936
       26624          512           7.183     27262976      3407872
       26624         1024           9.287     54525952      6815744
       26624         2048          12.654    109051904     13631488
       26624         4096          20.468    218103808     27262976
       26624         8192          36.187    436207616     54525952
       26624        16384          67.496    872415232    109051904
       26624        32768         131.446   1744830464    218103808
       28672            1          30.156        57344         7168
       28672            2           5.340       114688        14336
       28672            4           5.721       229376        28672
       28672            8           6.482       458752        57344
       28672           16           5.580       917504       114688
       28672           32           6.562      1835008       229376
       28672           64           5.711      3670016       458752
       28672          128           6.132      7340032       917504
       28672          256           6.082     14680064      1835008
       28672          512           7.424     29360128      3670016
       28672         1024           8.275     58720256      7340032
       28672         2048          11.752    117440512     14680064
       28672         4096          20.859    234881024     29360128
       28672         8192          34.986    469762048     58720256
       28672        16384          66.565    939524096    117440512
       28672        32768         133.820   1879048192    234881024
       30720            1          12.954        61440         7680
       30720            2           6.041       122880        15360
       30720            4           5.651       245760        30720
       30720            8           7.444       491520        61440
       30720           16           5.841       983040       122880
       30720           32           6.201      1966080       245760
       30720           64           6.011      3932160       491520
       30720          128           7.063      7864320       983040
       30720          256           6.092     15728640      1966080
       30720          512           7.614     31457280      3932160
       30720         1024           9.528     62914560      7864320
       30720         2048          14.557    125829120     15728640
       30720         4096          39.093    251658240     31457280
       30720         8192          46.927    503316480     62914560
       30720        16384          83.987   1006632960    125829120
       30720        32768         174.617   2013265920    251658240
       33792            1          13.255        67584         8448
       33792            2           6.362       135168        16896
       33792            4           5.981       270336        33792
       33792            8           8.185       540672        67584
       33792           16           5.921      1081344       135168
       33792           32           7.003      2162688       270336
       33792           64           5.730      4325376       540672
       33792          128           6.402      8650752      1081344
       33792          256           6.111     17301504      2162688
       33792          512           7.614     34603008      4325376
       33792         1024           9.337     69206016      8650752
       33792         2048          27.932    138412032     17301504
       33792         4096          22.702    276824064     34603008
       33792         8192          39.173    553648128     69206016
       33792        16384          69.259   1107296256    138412032
       33792        32768         142.868   2214592512    276824064
       36864            1           7.414        73728         9216
       36864            2           5.641       147456        18432
       36864            4           5.801       294912        36864
       36864            8           5.530       589824        73728
       36864           16           6.252      1179648       147456
       36864           32           6.242      2359296       294912
       36864           64           5.460      4718592       589824
       36864          128           6.011      9437184      1179648
       36864          256           7.244     18874368      2359296
       36864          512          13.205     37748736      4718592
       36864         1024           9.077     75497472      9437184
       36864         2048          12.243    150994944     18874368
       36864         4096          19.176    301989888     37748736
       36864         8192          33.994    603979776     75497472
       36864        16384          64.501   1207959552    150994944
       36864        32768         124.042   2415919104    301989888
       39936            1          19.136        79872         9984
       39936            2           6.201       159744        19968
       39936            4           5.821       319488        39936
       39936            8           6.503       638976        79872
       39936           16           5.360      1277952       159744
       39936           32           9.558      2555904       319488
       39936           64           7.263      5111808       638976
       39936          128           6.131     10223616      1277952
       39936          256           7.073     20447232      2555904
       39936          512           7.223     40894464      5111808
       39936         1024          10.219     81788928     10223616
       39936         2048          13.786    163577856     20447232
       39936         4096          21.951    327155712     40894464
       39936         8192         135.003    654311424     81788928
       39936        16384          76.633   1308622848    163577856
       39936        32768         149.029   2617245696    327155712
       43008            1         171.891        86016        10752
       43008            2           6.071       172032        21504
       43008            4           5.571       344064        43008
       43008            8           6.813       688128        86016
       43008           16           5.641      1376256       172032
       43008           32           6.301      2752512       344064
       43008           64           5.741      5505024       688128
       43008          128           6.002     11010048      1376256
       43008          256           6.432     22020096      2752512
       43008          512           7.724     44040192      5505024
       43008         1024           8.857     88080384     11010048
       43008         2048          12.574    176160768     22020096
       43008         4096          22.182    352321536     44040192
       43008         8192          35.997    704643072     88080384
       43008        16384          66.815   1409286144    176160768
       47104            1          13.856        94208        11776
       47104            2           7.945       188416        23552
       47104            4         344.985       376832        47104
       47104            8           5.750       753664        94208
       47104           16           6.132      1507328       188416
       47104           32           5.771      3014656       376832
       47104           64           6.712      6029312       753664
       47104          128           5.761     12058624      1507328
       47104          256           6.712     24117248      3014656
       47104          512           7.294     48234496      6029312
       47104         1024           9.518     96468992     12058624
       47104         2048          14.227    192937984     24117248
       47104         4096          22.131    385875968     48234496
       47104         8192          36.799    771751936     96468992
       47104        16384          72.396   1543503872    192937984
       51200            1          42.039       102400        12800
       51200            2           5.881       204800        25600
       51200            4           5.961       409600        51200
       51200            8           5.931       819200       102400
       51200           16           5.690      1638400       204800
       51200           32           7.364      3276800       409600
       51200           64           5.731      6553600       819200
       51200          128           7.233     13107200      1638400
       51200          256           6.783     26214400      3276800
       51200          512           7.985     52428800      6553600
       51200         1024           9.167    104857600     13107200
       51200         2048          14.828    209715200     26214400
       51200         4096          23.513    419430400     52428800
       51200         8192          44.954    838860800    104857600
       51200        16384          85.610   1677721600    209715200
       56320            1          13.555       112640        14080
       56320            2           7.645       225280        28160
       56320            4           6.302       450560        56320
       56320            8           6.121       901120       112640
       56320           16           5.410      1802240       225280
       56320           32           5.431      3604480       450560
       56320           64           6.652      7208960       901120
       56320          128           5.791     14417920      1802240
       56320          256           6.603     28835840      3604480
       56320          512           7.384     57671680      7208960
       56320         1024          11.712    115343360     14417920
       56320         2048          14.387    230686720     28835840
       56320         4096          24.055    461373440     57671680
       56320         8192          38.202    922746880    115343360
       56320        16384          74.420   1845493760    230686720
       61440            1          62.317       122880        15360
       61440            2           5.901       245760        30720
       61440            4           8.135       491520        61440
       61440            8           6.012       983040       122880
       61440           16           6.202      1966080       245760
       61440           32           5.881      3932160       491520
       61440           64           5.500      7864320       983040
       61440          128           6.492     15728640      1966080
       61440          256           6.522     31457280      3932160
       61440          512           8.656     62914560      7864320
       61440         1024           9.798    125829120     15728640
       61440         2048          15.549    251658240     31457280
       61440         4096          23.995    503316480     62914560
       61440         8192          44.333   1006632960    125829120
       61440        16384          83.987   2013265920    251658240
       67584            1           5.200       135168        16896
       67584            2          28.293       270336        33792
       67584            4           7.524       540672        67584
       67584            8           6.533      1081344       135168
       67584           16           5.450      2162688       270336
       67584           32           6.011      4325376       540672
       67584           64           6.152      8650752      1081344
       67584          128           5.961     17301504      2162688
       67584          256           6.923     34603008      4325376
       67584          512           7.795     69206016      8650752
       67584         1024          10.941    138412032     17301504
       67584         2048          14.147    276824064     34603008
       67584         4096          24.015    553648128     69206016
       67584         8192          46.046   1107296256    138412032
       67584        16384          80.039   2214592512    276824064
       73728            1           8.756       147456        18432
       73728            2           6.442       294912        36864
       73728            4           7.304       589824        73728
       73728            8           5.571      1179648       147456
       73728           16           6.492      2359296       294912
       73728           32           6.742      4718592       589824
       73728           64           6.492      9437184      1179648
       73728          128           6.743     18874368      2359296
       73728          256           6.773     37748736      4718592
       73728          512           8.125     75497472      9437184
       73728         1024          10.881    150994944     18874368
       73728         2048          22.812    301989888     37748736
       73728         4096          30.818    603979776     75497472
       73728         8192          56.676   1207959552    150994944
       73728        16384         108.423   2415919104    301989888
       80896            1          12.183       161792        20224
       80896            2           6.161       323584        40448
       80896            4           5.721       647168        80896
       80896            8           8.255      1294336       161792
       80896           16           5.410      2588672       323584
       80896           32           6.251      5177344       647168
       80896           64           5.310     10354688      1294336
       80896          128           6.422     20709376      2588672
       80896          256           7.824     41418752      5177344
       80896          512           7.804     82837504     10354688
       80896         1024          13.014    165675008     20709376
       80896         2048          17.042    331350016     41418752
       80896         4096          29.876    662700032     82837504
       80896         8192          53.029   1325400064    165675008
       80896        16384         102.041   2650800128    331350016
       88064            1         266.809       176128        22016
       88064            2           6.272       352256        44032
       88064            4           5.951       704512        88064
       88064            8           5.691      1409024       176128
       88064           16           7.765      2818048       352256
       88064           32           5.651      5636096       704512
       88064           64           6.241     11272192      1409024
       88064          128           6.132     22544384      2818048
       88064          256           6.813     45088768      5636096
       88064          512           7.905     90177536     11272192
       88064         1024          11.471    180355072     22544384
       88064         2048          17.943    360710144     45088768
       88064         4096          29.976    721420288     90177536
       88064         8192          55.965   1442840576    180355072
       96256            1          14.727       192512        24064
       96256            2           7.524       385024        48128
       96256            4           6.692       770048        96256
       96256            8           6.111      1540096       192512
       96256           16           8.145      3080192       385024
       96256           32           5.831      6160384       770048
       96256           64           5.680     12320768      1540096
       96256          128           6.232     24641536      3080192
       96256          256           7.915     49283072      6160384
       96256          512           8.045     98566144     12320768
       96256         1024          11.772    197132288     24641536
       96256         2048          18.825    394264576     49283072
       96256         4096          31.449    788529152     98566144
       96256         8192          58.099   1577058304    197132288
      105472            1           9.017       210944        26368
      105472            2           9.317       421888        52736
      105472            4           5.640       843776       105472
      105472            8           6.021      1687552       210944
      105472           16           5.040      3375104       421888
      105472           32           5.841      6750208       843776
      105472           64           5.932     13500416      1687552
      105472          128           6.082     27000832      3375104
      105472          256           9.257     54001664      6750208
      105472          512           9.147    108003328     13500416
      105472         1024          13.315    216006656     27000832
      105472         2048          19.506    432013312     54001664
      105472         4096          35.286    864026624    108003328
      105472         8192          62.547   1728053248    216006656
      115712            1          14.146       231424        28928
      115712            2           6.662       462848        57856
      115712            4           5.761       925696       115712
      115712            8           7.965      1851392       231424
      115712           16           6.321      3702784       462848
      115712           32           8.025      7405568       925696
      115712           64           6.792     14811136      1851392
      115712          128           6.642     29622272      3702784
      115712          256           7.454     59244544      7405568
      115712          512           9.207    118489088     14811136
      115712         1024          14.126    236978176     29622272
      115712         2048          20.318    473956352     59244544
      115712         4096          38.411    947912704    118489088
      115712         8192          66.985   1895825408    236978176
      126976            1          36.708       253952        31744
      126976            2           6.673       507904        63488
      126976            4           7.865      1015808       126976
      126976            8           8.776      2031616       253952
      126976           16           5.129      4063232       507904
      126976           32           6.963      8126464      1015808
      126976           64           9.869     16252928      2031616
      126976          128           7.764     32505856      4063232
      126976          256           7.124     65011712      8126464
      126976          512          11.211    130023424     16252928
      126976         1024          13.405    260046848     32505856
      126976         2048          23.234    520093696     65011712
      126976         4096          40.867   1040187392    130023424
      126976         8192          77.515   2080374784    260046848
      139264            1          99.246       278528        34816
      139264            2           6.062       557056        69632
      139264            4           5.982      1114112       139264
      139264            8           6.332      2228224       278528
      139264           16           5.551      4456448       557056
      139264           32           6.623      8912896      1114112
      139264           64           6.772     17825792      2228224
      139264          128           8.676     35651584      4456448
      139264          256           7.865     71303168      8912896
      139264          512          11.411    142606336     17825792
      139264         1024          14.567    285212672     35651584
      139264         2048          24.756    570425344     71303168
      139264         4096          44.193   1140850688    142606336
      139264         8192          82.494   2281701376    285212672
      152576            1          13.294       305152        38144
      152576            2           5.851       610304        76288
      152576            4           7.284      1220608       152576
      152576            8           5.561      2441216       305152
      152576           16           6.212      4882432       610304
      152576           32           5.841      9764864      1220608
      152576           64           5.851     19529728      2441216
      152576          128           7.424     39059456      4882432
      152576          256           7.403     78118912      9764864
      152576          512          11.812    156237824     19529728
      152576         1024          14.547    312475648     39059456
      152576         2048          26.259    624951296     78118912
      152576         4096          43.141   1249902592    156237824
      152576         8192        1276.196   2499805184    312475648
      166912            1          15.008       333824        41728
      166912            2           5.771       667648        83456
      166912            4           8.045      1335296       166912
      166912            8           6.141      2670592       333824
      166912           16           6.352      5341184       667648
      166912           32           5.801     10682368      1335296
      166912           64           6.242     21364736      2670592
      166912          128           7.564     42729472      5341184
      166912          256           9.267     85458944     10682368
      166912          512          13.796    170917888     21364736
      166912         1024          22.522    341835776     42729472
      166912         2048          40.486    683671552     85458944
      166912         4096          86.833   1367343104    170917888
      183296            1          16.401       366592        45824
      183296            2           6.142       733184        91648
      183296            4          10.089      1466368       183296
      183296            8           7.764      2932736       366592
      183296           16           5.891      5865472       733184
      183296           32           7.204     11730944      1466368
      183296           64           6.752     23461888      2932736
      183296          128           8.727     46923776      5865472
      183296          256          10.129     93847552     11730944
      183296          512          15.810    187695104     23461888
      183296         1024          25.598    375390208     46923776
      183296         2048          46.086    750780416     93847552
      183296         4096          98.735   1501560832    187695104
      200704            1           9.398       401408        50176
      200704            2           7.524       802816       100352
      200704            4           5.941      1605632       200704
      200704            8           6.251      3211264       401408
      200704           16           6.092      6422528       802816
      200704           32           6.312     12845056      1605632
      200704           64           6.301     25690112      3211264
      200704          128           9.839     51380224      6422528
      200704          256           9.558    102760448     12845056
      200704          512          12.023    205520896     25690112
      200704         1024          18.765    411041792     51380224
      200704         2048          30.617    822083584    102760448
      200704         4096          56.846   1644167168    205520896
      220160            1          26.740       440320        55040
      220160            2          18.775       880640       110080
      220160            4          28.554      1761280       220160
      220160            8          22.673      3522560       440320
      220160           16          13.004      7045120       880640
      220160           32          13.225     14090240      1761280
      220160           64           9.858     28180480      3522560
      220160          128           8.857     56360960      7045120
      220160          256           9.037    112721920     14090240
      220160          512          11.993    225443840     28180480
      220160         1024          20.478    450887680     56360960
      220160         2048          30.487    901775360    112721920
      220160         4096          55.815   1803550720    225443840
      241664            1          29.195       483328        60416
      241664            2           7.274       966656       120832
      241664            4           9.007      1933312       241664
      241664            8          11.912      3866624       483328
      241664           16           5.871      7733248       966656
      241664           32           6.713     15466496      1933312
      241664           64          10.580     30932992      3866624
      241664          128           8.325     61865984      7733248
      241664          256           8.926    123731968     15466496
      241664          512          13.796    247463936     30932992
      241664         1024          19.817    494927872     61865984
      241664         2048          34.895    989855744    123731968
      241664         4096          62.698   1979711488    247463936
      265216            1          22.001       530432        66304
      265216            2           9.518      1060864       132608
      265216            4           5.680      2121728       265216
      265216            8           7.474      4243456       530432
      265216           16          15.099      8486912      1060864
      265216           32           6.312     16973824      2121728
      265216           64          12.574     33947648      4243456
      265216          128          10.740     67895296      8486912
      265216          256          21.470    135790592     16973824
      265216          512          17.402    271581184     33947648
      265216         1024          28.063    543162368     67895296
      265216         2048          43.592   1086324736    135790592
      265216         4096          65.693   2172649472    271581184
      290816            1          19.065       581632        72704
      290816            2           7.093      1163264       145408
      290816            4           6.673      2326528       290816
      290816            8           6.121      4653056       581632
      290816           16           7.984      9306112      1163264
      290816           32           6.031     18612224      2326528
      290816           64           7.173     37224448      4653056
      290816          128           7.023     74448896      9306112
      290816          256          12.915    148897792     18612224
      290816          512          14.978    297795584     37224448
      290816         1024          22.472    595591168     74448896
      290816         2048          42.740   1191182336    148897792
      290816         4096          77.595   2382364672    297795584
      319488            1          17.363       638976        79872
      319488            2           6.553      1277952       159744
      319488            4           6.502      2555904       319488
      319488            8           6.723      5111808       638976
      319488           16           6.232     10223616      1277952
      319488           32           6.642     20447232      2555904
      319488           64           6.291     40894464      5111808
      319488          128           9.288     81788928     10223616
      319488          256          10.199    163577856     20447232
      319488          512          15.218    327155712     40894464
      319488         1024          24.686    654311424     81788928
      319488         2048          59.962   1308622848    163577856
      319488         4096          78.136   2617245696    327155712
      351232            1          28.874       702464        87808
      351232            2          14.497      1404928       175616
      351232            4          10.529      2809856       351232
      351232            8           6.142      5619712       702464
      351232           16           6.352     11239424      1404928
      351232           32          10.430     22478848      2809856
      351232           64           9.237     44957696      5619712
      351232          128           9.928     89915392     11239424
      351232          256          10.770    179830784     22478848
      351232          512          17.422    359661568     44957696
      351232         1024          25.057    719323136     89915392
      351232         2048          43.351   1438646272    179830784
      386048            1          24.846       772096        96512
      386048            2           7.043      1544192       193024
      386048            4           6.322      3088384       386048
      386048            8          13.034      6176768       772096
      386048           16          24.125     12353536      1544192
      386048           32           7.845     24707072      3088384
      386048           64           9.588     49414144      6176768
      386048          128          10.880     98828288     12353536
      386048          256          11.903    197656576     24707072
      386048          512          24.526    395313152     49414144
      386048         1024          38.251    790626304     98828288
      386048         2048          59.712   1581252608    197656576
      423936            1          23.824       847872       105984
      423936            2           7.404      1695744       211968
      423936            4           6.281      3391488       423936
      423936            8           6.432      6782976       847872
      423936           16          14.146     13565952      1695744
      423936           32          13.365     27131904      3391488
      423936           64          16.050     54263808      6782976
      423936          128          12.964    108527616     13565952
      423936          256          17.192    217055232     27131904
      423936          512          20.569    434110464     54263808
      423936         1024          33.532    868220928    108527616
      423936         2048          64.991   1736441856    217055232
      465920            1         385.751       931840       116480
      465920            2           9.658      1863680       232960
      465920            4           6.513      3727360       465920
      465920            8           6.232      7454720       931840
      465920           16           6.853     14909440      1863680
      465920           32           6.352     29818880      3727360
      465920           64           8.776     59637760      7454720
      465920          128           9.508    119275520     14909440
      465920          256          14.377    238551040     29818880
      465920          512          19.206    477102080     59637760
      465920         1024          33.282    954204160    119275520
      465920         2048          60.944   1908408320    238551040
      512000            1          25.127      1024000       128000
      512000            2          12.563      2048000       256000
      512000            4           5.831      4096000       512000
      512000            8          10.399      8192000      1024000
      512000           16           6.543     16384000      2048000
      512000           32           8.045     32768000      4096000
      512000           64           7.734     65536000      8192000
      512000          128           9.287    131072000     16384000
      512000          256          13.535    262144000     32768000
      512000          512          20.999    524288000     65536000
      512000         1024          37.861   1048576000    131072000
      512000         2048          66.665   2097152000    262144000
      563200            1         315.130      1126400       140800
      563200            2           7.164      2252800       281600
      563200            4           6.041      4505600       563200
      563200            8           5.911      9011200      1126400
      563200           16           6.332     18022400      2252800
      563200           32           6.883     36044800      4505600
      563200           64           7.564     72089600      9011200
      563200          128          10.099    144179200     18022400
      563200          256          13.695    288358400     36044800
      563200          512          22.111    576716800     72089600
      563200         1024          38.021   1153433600    144179200
      563200         2048          70.703   2306867200    288358400
      619520            1          19.556      1239040       154880
      619520            2           6.031      2478080       309760
      619520            4           8.446      4956160       619520
      619520            8           6.492      9912320      1239040
      619520           16          10.740     19824640      2478080
      619520           32          10.249     39649280      4956160
      619520           64           8.225     79298560      9912320
      619520          128          16.161    158597120     19824640
      619520          256          14.387    317194240     39649280
      619520          512          31.369    634388480     79298560
      619520         1024          43.321   1268776960    158597120
      619520         2048          78.607   2537553920    317194240
      680960            1          23.394      1361920       170240
      680960            2          15.689      2723840       340480
      680960            4           9.728      5447680       680960
      680960            8          10.981     10895360      1361920
      680960           16           6.212     21790720      2723840
      680960           32          10.319     43581440      5447680
      680960           64           9.117     87162880     10895360
      680960          128          14.327    174325760     21790720
      680960          256          18.494    348651520     43581440
      680960          512          27.511    697303040     87162880
      680960         1024          43.892   1394606080    174325760
      748544            1          26.690      1497088       187136
      748544            2          18.153      2994176       374272
      748544            4           7.795      5988352       748544
      748544            8           6.242     11976704      1497088
      748544           16           5.991     23953408      2994176
      748544           32           6.603     47906816      5988352
      748544           64           9.178     95813632     11976704
      748544          128          11.472    191627264     23953408
      748544          256          15.900    383254528     47906816
      748544          512          26.579    766509056     95813632
      748544         1024          76.883   1533018112    191627264
      823296            1          15.689      1646592       205824
      823296            2           6.943      3293184       411648
      823296            4           8.506      6586368       823296
      823296            8           6.301     13172736      1646592
      823296           16           7.143     26345472      3293184
      823296           32           7.664     52690944      6586368
      823296           64           8.566    105381888     13172736
      823296          128          12.634    210763776     26345472
      823296          256          16.631    421527552     52690944
      823296          512          30.366    843055104    105381888
      823296         1024          50.886   1686110208    210763776
      905216            1          32.140      1810432       226304
      905216            2           9.307      3620864       452608
      905216            4           6.341      7241728       905216
      905216            8           4.148     14483456      1810432
      905216           16          17.633     28966912      3620864
      905216           32           9.808     57933824      7241728
      905216           64          19.487    115867648     14483456
      905216          128          20.207    231735296     28966912
      905216          256          20.048    463470592     57933824
      905216          512          33.292    926941184    115867648
      905216         1024          58.258   1853882368    231735296
      995328            1         174.777      1990656       248832
      995328            2           6.903      3981312       497664
      995328            4          13.666      7962624       995328
      995328            8           8.556     15925248      1990656
      995328           16           5.951     31850496      3981312
      995328           32          11.582     63700992      7962624
      995328           64          16.180    127401984     15925248
      995328          128          16.671    254803968     31850496
      995328          256          29.715    509607936     63700992
      995328          512          39.123   1019215872    127401984
      995328         1024          61.776   2038431744    254803968
     1094656            1         287.298      2189312       273664
     1094656            2          11.652      4378624       547328
     1094656            4          16.801      8757248      1094656
     1094656            8           7.063     17514496      2189312
     1094656           16           7.424     35028992      4378624
     1094656           32          12.594     70057984      8757248
     1094656           64          10.249    140115968     17514496
     1094656          128          12.774    280231936     35028992
     1094656          256          23.194    560463872     70057984
     1094656          512          37.019   1120927744    140115968
     1094656         1024          65.422   2241855488    280231936
     1203200            1          43.772      2406400       300800
     1203200            2           7.675      4812800       601600
     1203200            4           9.527      9625600      1203200
     1203200            8          20.127     19251200      2406400
     1203200           16          14.527     38502400      4812800
     1203200           32           7.865     77004800      9625600
     1203200           64          19.096    154009600     19251200
     1203200          128          13.735    308019200     38502400
     1203200          256          23.554    616038400     77004800
     1203200          512          45.595   1232076800    154009600
     1203200         1024          80.080   2464153600    308019200
     1323008            1          30.407      2646016       330752
     1323008            2           8.125      5292032       661504
     1323008            4           8.185     10584064      1323008
     1323008            8           7.363     21168128      2646016
     1323008           16          17.903     42336256      5292032
     1323008           32          17.793     84672512     10584064
     1323008           64          16.711    169345024     21168128
     1323008          128          26.099    338690048     42336256
     1323008          256          26.199    677380096     84672512
     1323008          512          42.580   1354760192    169345024
     1323008         1024          85.830   2709520384    338690048
     1455104            1          36.709      2910208       363776
     1455104            2           6.753      5820416       727552
     1455104            4           6.653     11640832      1455104
     1455104            8           7.304     23281664      2910208
     1455104           16          22.993     46563328      5820416
     1455104           32           9.288     93126656     11640832
     1455104           64          10.490    186253312     23281664
     1455104          128          17.212    372506624     46563328
     1455104          256          24.646    745013248     93126656
     1455104          512          43.742   1490026496    186253312
     1600512            1          21.751      3201024       400128
     1600512            2           6.653      6402048       800256
     1600512            4           6.502     12804096      1600512
     1600512            8           9.007     25608192      3201024
     1600512           16          14.087     51216384      6402048
     1600512           32           8.576    102432768     12804096
     1600512           64          11.541    204865536     25608192
     1600512          128          20.098    409731072     51216384
     1600512          256          26.640    819462144    102432768
     1600512          512          46.557   1638924288    204865536
     1760256            1          33.182      3520512       440064
     1760256            2           9.197      7041024       880128
     1760256            4           6.692     14082048      1760256
     1760256            8           8.756     28164096      3520512
     1760256           16          14.387     56328192      7041024
     1760256           32          18.825    112656384     14082048
     1760256           64          30.547    225312768     28164096
     1760256          128          56.616    450625536     56328192
     1760256          256         107.441    901251072    112656384
     1760256          512         211.205   1802502144    225312768
     1935360            1          43.451      3870720       483840
     1935360            2           6.712      7741440       967680
     1935360            4          10.519     15482880      1935360
     1935360            8           9.367     30965760      3870720
     1935360           16          14.327     61931520      7741440
     1935360           32          18.324    123863040     15482880
     1935360           64          32.721    247726080     30965760
     1935360          128          60.503    495452160     61931520
     1935360          256         118.151    990904320    123863040
     1935360          512         232.745   1981808640    247726080
     2128896            1          38.833      4257792       532224
     2128896            2           7.313      8515584      1064448
     2128896            4           6.843     17031168      2128896
     2128896            8           7.905     34062336      4257792
     2128896           16          11.882     68124672      8515584
     2128896           32          19.386    136249344     17031168
     2128896           64          35.296    272498688     34062336
     2128896          128          66.835    544997376     68124672
     2128896          256         131.997   1089994752    136249344
     2128896          512         263.633   2179989504    272498688
     2340864            1          43.100      4681728       585216
     2340864            2           7.063      9363456      1170432
     2340864            4           6.732     18726912      2340864
     2340864            8           9.147     37453824      4681728
     2340864           16          12.474     74907648      9363456
     2340864           32          28.833    149815296     18726912
     2340864           64          38.151    299630592     37453824
     2340864          128          73.798    599261184     74907648
     2340864          256         142.647   1198522368    149815296
     2340864          512         281.747   2397044736    299630592
     2574336            1          38.672      5148672       643584
     2574336            2           7.063     10297344      1287168
     2574336            4           7.914     20594688      2574336
     2574336            8           8.686     41189376      5148672
     2574336           16          13.655     82378752     10297344
     2574336           32          23.053    164757504     20594688
     2574336           64          42.710    329515008     41189376
     2574336          128          80.431    659030016     82378752
     2574336          256         168.605   1318060032    164757504
     2574336          512         309.399   2636120064    329515008
     2831360            1          54.992      5662720       707840
     2831360            2           8.346     11325440      1415680
     2831360            4           7.143     22650880      2831360
     2831360            8          10.018     45301760      5662720
     2831360           16          14.447     90603520     11325440
     2831360           32          25.708    181207040     22650880
     2831360           64          45.635    362414080     45301760
     2831360          128          87.985    724828160     90603520
     2831360          256         171.872   1449656320    181207040
     3113984            1          33.953      6227968       778496
     3113984            2           8.556     12455936      1556992
     3113984            4           7.003     24911872      3113984
     3113984            8           9.838     49823744      6227968
     3113984           16          14.497     99647488     12455936
     3113984           32          27.241    199294976     24911872
     3113984           64          50.475    398589952     49823744
     3113984          128          96.781    797179904     99647488
     3113984          256         189.454   1594359808    199294976
     3425280            1          34.695      6850560       856320
     3425280            2           8.676     13701120      1712640
     3425280            4           8.776     27402240      3425280
     3425280            8          14.306     54804480      6850560
     3425280           16          16.301    109608960     13701120
     3425280           32          29.345    219217920     27402240
     3425280           64          55.474    438435840     54804480
     3425280          128         106.078    876871680    109608960
     3425280          256         208.339   1753743360    219217920
     3767296            1          38.131      7534592       941824
     3767296            2           7.764     15069184      1883648
     3767296            4           8.346     30138368      3767296
     3767296            8          11.382     60276736      7534592
     3767296           16          18.314    120553472     15069184
     3767296           32          31.970    241106944     30138368
     3767296           64          60.122    482213888     60276736
     3767296          128         116.047    964427776    120553472
     3767296          256         228.808   1928855552    241106944
     4143104            1          56.115      8286208      1035776
     4143104            2           7.774     16572416      2071552
     4143104            4           7.284     33144832      4143104
     4143104            8          11.692     66289664      8286208
     4143104           16          19.176    132579328     16572416
     4143104           32          34.915    265158656     33144832
     4143104           64          67.667    530317312     66289664
     4143104          128         127.549   1060634624    132579328
     4143104          256         260.467   2121269248    265158656
     4556800            1          38.823      9113600      1139200
     4556800            2           7.594     18227200      2278400
     4556800            4           9.468     36454400      4556800
     4556800            8          12.233     72908800      9113600
     4556800           16          21.189    145817600     18227200
     4556800           32          38.021    291635200     36454400
     4556800           64         560.698    583270400     72908800
     4556800          128         140.363   1166540800    145817600
     4556800          256         279.874   2333081600    291635200
     5012480            1          50.144     10024960      1253120
     5012480            2           7.434     20049920      2506240
     5012480            4           9.267     40099840      5012480
     5012480            8          13.445     80199680     10024960
     5012480           16          23.383    160399360     20049920
     5012480           32          41.387    320798720     40099840
     5012480           64          79.760    641597440     80199680
     5012480          128         168.324   1283194880    160399360
     5012480          256         303.167   2566389760    320798720
     5513216            1          68.058     11026432      1378304
     5513216            2           8.736     22052864      2756608
     5513216            4          10.109     44105728      5513216
     5513216            8          10.510     88211456     11026432
     5513216           16          12.143    176422912     22052864
     5513216           32          15.529    352845824     44105728
     5513216           64          24.486    705691648     88211456
     5513216          128          45.966   1411383296    176422912
     6064128            1          52.408     12128256      1516032
     6064128            2          10.059     24256512      3032064
     6064128            4           9.107     48513024      6064128
     6064128            8          13.836     97026048     12128256
     6064128           16          12.524    194052096     24256512
     6064128           32          16.230    388104192     48513024
     6064128           64          26.710    776208384     97026048
     6064128          128          44.453   1552416768    194052096
     6670336            1          77.054     13340672      1667584
     6670336            2           8.356     26681344      3335168
     6670336            4          10.690     53362688      6670336
     6670336            8          10.340    106725376     13340672
     6670336           16          13.275    213450752     26681344
     6670336           32          17.933    426901504     53362688
     6670336           64          33.533    853803008    106725376
     6670336          128          48.771   1707606016    213450752
     7336960            1         486.770     14673920      1834240
     7336960            2           9.698     29347840      3668480
     7336960            4          10.149     58695680      7336960
     7336960            8          12.193    117391360     14673920
     7336960           16          13.525    234782720     29347840
     7336960           32          19.396    469565440     58695680
     7336960           64          30.187    939130880    117391360
     7336960          128          52.738   1878261760    234782720
     8070144            1          58.609     16140288      2017536
     8070144            2           9.297     32280576      4035072
     8070144            4          12.253     64561152      8070144
     8070144            8          11.211    129122304     16140288
     8070144           16          14.537    258244608     32280576
     8070144           32          20.719    516489216     64561152
     8070144           64          32.791   1032978432    129122304
     8070144          128          57.848   2065956864    258244608
     8877056            1          69.670     17754112      2219264
     8877056            2          11.642     35508224      4438528
     8877056            4          10.440     71016448      8877056
     8877056            8          13.245    142032896     17754112
     8877056           16          16.331    284065792     35508224
     8877056           32          22.302    568131584     71016448
     8877056           64          36.197   1136263168    142032896
     8877056          128          62.567   2272526336    284065792
     9763840            1          79.769     19527680      2440960
     9763840            2           9.988     39055360      4881920
     9763840            4          11.882     78110720      9763840
     9763840            8          12.604    156221440     19527680
     9763840           16          16.762    312442880     39055360
     9763840           32          25.308    624885760     78110720
     9763840           64          38.622   1249771520    156221440
     9763840          128          68.568   2499543040    312442880
    10739712            1          98.564     21479424      2684928
    10739712            2          11.121     42958848      5369856
    10739712            4          11.321     85917696     10739712
    10739712            8          14.838    171835392     21479424
    10739712           16          17.373    343670784     42958848
    10739712           32          25.738    687341568     85917696
    10739712           64          41.637   1374683136    171835392
    11812864            1         120.746     23625728      2953216
    11812864            2          11.021     47251456      5906432
    11812864            4          34.224     94502912     11812864
    11812864            8          17.533    189005824     23625728
    11812864           16          18.334    378011648     47251456
    11812864           32          27.772    756023296     94502912
    11812864           64          45.364   1512046592    189005824
    12993536            1         120.606     25987072      3248384
    12993536            2          11.311     51974144      6496768
    12993536            4          12.593    103948288     12993536
    12993536            8          16.110    207896576     25987072
    12993536           16          19.827    415793152     51974144
    12993536           32          30.096    831586304    103948288
    12993536           64          49.061   1663172608    207896576
    14291968            1         110.988     28583936      3572992
    14291968            2          12.003     57167872      7145984
    14291968            4          13.255    114335744     14291968
    14291968            8          16.210    228671488     28583936
    14291968           16          20.859    457342976     57167872
    14291968           32          34.605    914685952    114335744
    14291968           64          53.670   1829371904    228671488
    15720448            1         139.300     31440896      3930112
    15720448            2          12.854     62881792      7860224
    15720448            4          14.107    125763584     15720448
    15720448            8          17.833    251527168     31440896
    15720448           16          22.863    503054336     62881792
    15720448           32          44.894   1006108672    125763584
    15720448           64          74.248   2012217344    251527168
    17292288            1         336.850     34584576      4323072
    17292288            2          13.706     69169152      8646144
    17292288            4          15.128    138338304     17292288
    17292288            8          19.908    276676608     34584576
    17292288           16          24.525    553353216     69169152
    17292288           32          38.932   1106706432    138338304
    17292288           64          63.699   2213412864    276676608
    19020800            1         162.594     38041600      4755200
    19020800            2          13.776     76083200      9510400
    19020800            4          15.960    152166400     19020800
    19020800            8          19.466    304332800     38041600
    19020800           16          26.400    608665600     76083200
    19020800           32          40.947   1217331200    152166400
    19020800           64          83.116   2434662400    304332800
    20922368            1         176.911     41844736      5230592
    20922368            2          14.767     83689472     10461184
    20922368            4          18.554    167378944     20922368
    20922368            8          62.466    334757888     41844736
    20922368           16          29.756    669515776     83689472
    20922368           32          45.956   1339031552    167378944
    20922368           64          76.223   2678063104    334757888
    23014400            1         433.260     46028800      5753600
    23014400            2          15.639     92057600     11507200
    23014400            4          20.037    184115200     23014400
    23014400            8          22.182    368230400     46028800
    23014400           16          31.028    736460800     92057600
    23014400           32          52.588   1472921600    184115200
    25315328            1         197.569     50630656      6328832
    25315328            2          17.833    101261312     12657664
    25315328            4          18.795    202522624     25315328
    25315328            8          24.295    405045248     50630656
    25315328           16          32.962    810090496    101261312
    25315328           32          53.800   1620180992    202522624
    27846656            1         209.061     55693312      6961664
    27846656            2          19.877    111386624     13923328
    27846656            4          21.230    222773248     27846656
    27846656            8          25.648    445546496     55693312
    27846656           16          38.542    891092992    111386624
    27846656           32          56.966   1782185984    222773248
    30630912            1         228.848     61261824      7657728
    30630912            2          21.390    122523648     15315456
    30630912            4          22.552    245047296     30630912
    30630912            8          27.281    490094592     61261824
    30630912           16          39.443    980189184    122523648
    30630912           32          62.968   1960378368    245047296
    33693696            1         293.899     67387392      8423424
    33693696            2          30.206    134774784     16846848
    33693696            4          23.464    269549568     33693696
    33693696            8          33.323    539099136     67387392
    33693696           16          42.299   1078198272    134774784
    33693696           32          70.802   2156396544    269549568
    37062656            1         299.139     74125312      9265664
    37062656            2          28.874    148250624     18531328
    37062656            4          69.380    296501248     37062656
    37062656            8          52.879    593002496     74125312
    37062656           16          46.938   1186004992    148250624
    37062656           32          77.135   2372009984    296501248
    40768512            1         301.003     81537024     10192128
    40768512            2          32.561    163074048     20384256
    40768512            4          27.221    326148096     40768512
    40768512            8          34.485    652296192     81537024
    40768512           16          67.847   1304592384    163074048
    40768512           32          87.213   2609184768    326148096
    44845056            1         318.365     89690112     11211264
    44845056            2          40.205    179380224     22422528
    44845056            4          33.553    358760448     44845056
    44845056            8          38.422    717520896     89690112
    44845056           16         948.834   1435041792    179380224
    49329152            1         355.275     98658304     12332288
    49329152            2          53.029    197316608     24664576
    49329152            4          48.150    394633216     49329152
    49329152            8          76.252    789266432     98658304
    49329152           16          63.508   1578532864    197316608
    54261760            1         810.336    108523520     13565440
    54261760            2          67.045    217047040     27130880
    54261760            4          38.101    434094080     54261760
    54261760            8          48.240    868188160    108523520
    54261760           16          67.456   1736376320    217047040
    59687936            1         449.390    119375872     14921984
    59687936            2          81.392    238751744     29843968
    59687936            4          51.065    477503488     59687936
    59687936            8          60.463    955006976    119375872
    59687936           16          82.705   1910013952    238751744
    65655808            1         676.845    131311616     16413952
    65655808            2          96.450    262623232     32827904
    65655808            4          59.391    525246464     65655808
    65655808            8          68.247   1050492928    131311616
    65655808           16          93.444   2100985856    262623232
    72220672            1         556.801    144441344     18055168
    72220672            2         105.868    288882688     36110336
    72220672            4          63.017    577765376     72220672
    72220672            8          84.117   1155530752    144441344
    72220672           16         111.629   2311061504    288882688
    79441920            1         628.265    158883840     19860480
    79441920            2         133.610    317767680     39720960
    79441920            4          96.661    635535360     79441920
    79441920            8         111.358   1271070720    158883840
    79441920           16         136.124   2542141440    317767680
    87386112            1         889.904    174772224     21846528
    87386112            2         184.675    349544448     43693056
    87386112            4         114.353    699088896     87386112
    87386112            8         130.884   1398177792    174772224
    96123904            1        1646.599    192247808     24030976
    96123904            2         191.087    384495616     48061952
    96123904            4         137.086    768991232     96123904
    96123904            8         155.201   1537982464    192247808
   105736192            1         764.951    211472384     26434048
   105736192            2         210.042    422944768     52868096
   105736192            4         158.056    845889536    105736192
   105736192            8         175.368   1691779072    211472384
   116308992            1         845.010    232617984     29077248
   116308992            2         233.927    465235968     58154496
   116308992            4         178.273    930471936    116308992
   116308992            8         199.663   1860943872    232617984
   127939584            1         917.907    255879168     31984896
   127939584            2         258.644    511758336     63969792
   127939584            4         198.280   1023516672    127939584
   127939584            8         377.977   2047033344    255879168
   140733440            1        1019.837    281466880     35183360
   140733440            2         286.937    562933760     70366720
   140733440            4         220.763   1125867520    140733440
   140733440            8         245.929   2251735040    281466880
   154806272            1        1216.344    309612544     38701568
   154806272            2         286.866    619225088     77403136
   154806272            4         240.890   1238450176    154806272
   154806272            8         259.295   2476900352    309612544
   170286080            1        1204.843    340572160     42571520
   170286080            2         327.622    681144320     85143040
   170286080            4         549.327   1362288640    170286080
   187314176            1        1362.107    374628352     46828544
   187314176            2         344.234    749256704     93657088
   187314176            4         275.585   1498513408    187314176
   206045184            1        1472.453    412090368     51511296
   206045184            2         364.852    824180736    103022592
   206045184            4         308.797   1648361472    206045184
   226649088            1        1605.642    453298176     56662272
   226649088            2         394.086    906596352    113324544
   226649088            4         348.051   1813192704    226649088
   249313280            1        1756.194    498626560     62328320
   249313280            2         452.045    997253120    124656640
   249313280            4         364.471   1994506240    249313280
   274244608            1        1976.004    548489216     68561152
   274244608            2         495.326   1096978432    137122304
   274244608            4         395.119   2193956864    274244608
   301668352            1        2157.694    603336704     75417088
   301668352            2         500.896   1206673408    150834176
   301668352            4         468.947   2413346816    301668352
   331834368            1        2401.179    663668736     82958592
   331834368            2         534.810   1327337472    165917184
   331834368            4         607.024   2654674944    331834368
   365017088            1        2628.755    730034176     91254272
   365017088            2         602.486   1460068352    182508544
   401518592            1        2852.994    803037184    100379648
   401518592            2         682.416   1606074368    200759296
   441669632            1        3297.515    883339264    110417408
   441669632            2         856.421   1766678528    220834816
   485835776            1        3425.064    971671552    121458944
   485835776            2        1206.726   1943343104    242917888
   534418432            1        3760.581   1068836864    133604608
   534418432            2        1606.593   2137673728    267209216
   587859968            1        4382.394   1175719936    146964992
   587859968            2        2787.612   2351439872    293929984
   646645760            1        4536.511   1293291520    161661440
   646645760            2        5568.061   2586583040    323322880
   711310336            1        4979.180   1422620672    177827584
   782440448            1        5573.300   1564880896    195610112
   860684288            1        6067.475   1721368576    215171072
   946752512            1        6594.359   1893505024    236688128
  1041427456            1        7408.993   2082854912    260356864
  1145569280            1        7998.796   2291138560    286392320
  1260126208            1        8902.344   2520252416    315031552

META_DATA
FLOPS          2
MPI_PROCS      128
OPENMP_THREADS 1
ERT_VERSION  1.1.0
HOSTNAME  ('tcn46.local.snellius.surf.nl', [], ['172.18.56.56'])
UNAME  uname_result(system='Linux', node='tcn46.local.snellius.surf.nl', release='4.18.0-372.80.1.el8_6.x86_64', version='#1 SMP Fri Nov 3 14:30:16 EDT 2023', machine='x86_64', processor='x86_64')
TIMESTAMP_DATA  1707384981.7853668
CONFIG  {'ERT_RESULTS': ['Results.snellius.01'], 'ERT_DRIVER': ['driver1'], 'ERT_KERNEL': ['kernel1'], 'ERT_MPI': ['True'], 'ERT_MPI_CFLAGS': [], 'ERT_MPI_LDFLAGS': [], 'ERT_OPENMP': ['True'], 'ERT_OPENMP_CFLAGS': ['-fopenmp'], 'ERT_OPENMP_LDFLAGS': ['-fopenmp'], 'ERT_FLOPS': ['1,2,4,8,16'], 'ERT_ALIGN': ['32'], 'ERT_CC': ['mpic++'], 'ERT_CFLAGS': ['-Ofast', '-fargument-noalias', '-mavx2'], 'ERT_LD': ['mpic++'], 'ERT_LDFLAGS': [], 'ERT_LDLIBS': [], 'ERT_RUN': ['export', 'OMP_NUM_THREADS=ERT_OPENMP_THREADS;', 'mpirun', '-np', 'ERT_MPI_PROCS', 'ERT_CODE'], 'ERT_PROCS_THREADS': ['32,64,128'], 'ERT_MPI_PROCS': ['32,64,128'], 'ERT_OPENMP_THREADS': ['1,2,4,8'], 'ERT_NUM_EXPERIMENTS': ['5'], 'ERT_MEMORY_MAX': ['1357905920'], 'ERT_WORKING_SET_MIN': ['1'], 'ERT_TRIALS_MIN': ['1'], 'ERT_GNUPLOT': ['gnuplot'], 'ERT_GPU': [False], 'ERT_HIP': [False], 'ERT_PRECISION': ['FP64'], 'ERT_OCL': [False], 'ERT_SYCL': [False], 'ERT_WSS_MULT': [1.1]}
